the book is behind the table.
amy is john's girlfriend.
798,1019,653,1065,853,1308,1309,1254,1096,1204,619,821,915,734,1062,1186,1099,738,1084,852,1028,701,1047,836,572,894,1266,689,1333,1542,575,1152,936,1092,1170,666,1047,943,1290,904,1065,1460,697,1097,873,1179,785,1295,812,777,1148,712,1091,731,1288
453,558,455,727,618,437,443,536,740,441,519,747,636,472,543,442,615,530,724,468,546,467,736,463,510,604,539,433,637,518,506,627,454,714,433,496,748,529,435,541,637,530,513,714,520,451,448,535,521,436,450,455,620,519,607
that's enough.
825,1024,587,835,1468,664,1108,721,1094,1298,1121,883,1051,1317
465,546,501,453,531,495,693,433,626,422,437,521,532,588
is there air conditioning in the room.
when will he be back.
1179,685,1102,841,1057,710,777,717,1082,606,1167,785,1096,790,1257,1088,754,1148,842,1154,1223,1063,1203,1092,854,1084,1186,1088,1082,855,1038,715,1073,778,1256,1257,1147,1382,1517,642,1056,730,1113,1099,639,1204,1326,1330,1093,1061,728,1103,902,705,1096,924,614,817,1224,1345
448,508,699,467,545,464,461,460,708,500,445,445,711,584,442,618,505,448,450,450,456,613,434,606,502,724,447,628,722,452,529,454,724,451,443,452,629,573,512,419,527,421,601,715,424,424,534,542,711,544,427,703,583,423,709,600,503,574,506,579
as soon as possible.
572,652,1114,661,1278,1281,1093,1093,599,673,1103,1421,1274,665,670,1211,912,1308,712,1295
491,498,690,494,447,443,592,718,488,484,699,441,462,520,500,450,579,525,426,615
he works at a computer company in new york.
1024,759,854,645,1273,776,1224,663,1113,601,784,1104,603,1097,787,1292,1184,1357,1114,856,721,794,843,781,1258,1171,1373,613,1116,895,1098,1190,1101,864,1099,736,671,859,913,1256,751,1227,1392
565,460,720,451,456,448,544,508,700,511,447,717,505,714,565,454,630,449,459,449,452,441,706,574,453,597,442,506,600,449,712,434,618,711,622,427,438,711,450,460,460,548,622
my luggage is missing.
on the second floor.
1168,940,1107,1294,1090,886,893,608,882,742,1105,1176,704,1095,1184,1214,707,704,1197,1089,879,1340,1583,1310,1078,1102,885,1046,741,1066,696,764,816,1277,1092,756,1087,820,1285,1290,1291,781,1310
641,462,725,540,466,525,525,509,514,437,699,457,496,725,644,450,500,502,447,615,518,599,523,446,596,727,459,532,450,734,519,453,559,445,609,495,708,499,537,544,441,445,595
i'd like to speak to mr. smith please.
over here.
1172,1408,711,1105,1286,1194,1235,701,1080,844,1272,1084,659,1345,740,578,1220,1093,834,1280,1083,1159,778,1319,1085,674,1183,1193,849,1078,1067,1352,1300,738,590,666,739,1352,1534,1272,864,737,794,1107,1045,734,790,732,1328
443,536,500,695,540,443,539,446,716,465,444,711,510,442,446,513,528,711,455,439,729,617,447,596,713,483,607,436,437,520,729,430,520,425,487,495,430,596,477,445,595,439,451,712,547,450,449,440,607
will you call me a taxi please.
626,1175,1307,1307,1088,912,1264,1088,1056,804,606,1273,1275,1071,1173,734,1084,610,859,886,593,739,1180,1082,1346,1260,736,609,692,751,1309
428,452,514,538,712,449,457,488,710,558,517,534,532,723,638,446,713,512,712,448,497,558,437,709,425,539,418,504,503,439,605
when do we leave.
617,1026,717,1082,1081,751,1261,1084,651,720,1097,1301,730,596,824,742,1403
436,528,435,595,733,503,432,714,441,445,690,512,425,506,560,425,579
how old are you.
the big one or the small one.
1024,1259,652,1070,1272,1280,751,1089,575,791,714,1085,946,1253,1106,1276,1536,864,1068,720,1082,919,1179,867,1092,1329,1106,750,1103,1290,822,1101,903,1056,748,1084,700,1163,630,1301,1298,1092,1329,1117,754,1316
555,457,453,721,452,548,530,713,521,467,454,733,465,456,487,614,500,456,535,452,721,615,458,538,722,423,594,465,716,454,477,711,459,529,450,722,514,620,511,531,543,716,438,595,442,593
is the bank far.
good evening sir.
1150,696,1079,865,1039,711,1063,911,628,1095,1231,1089,817,611,812,1385,1522,883,1259,1258,762,1104,750,890,745,1115,1194,1107,871,1094,693,1208,812,1362
457,515,722,465,538,475,722,599,538,614,527,715,498,504,449,597,496,521,441,448,512,711,439,596,421,611,431,602,502,729,500,431,449,574
you speak english very well.
925,1270,1114,1092,674,1367,734,595,1222,1100,726,1111,869,1278,1185,664,1051,1060,898,751,837,950,1042,641,707,1275,1274,1275
437,433,449,705,474,425,430,505,510,712,417,600,504,522,430,502,522,730,587,437,432,448,729,458,450,523,527,618
how many people.
who won.
994,1244,617,1053,1166,569,1059,996,1054,1328,717,1148,1325,1235,721,1333,1659,636,1011,1229,1060,641,1264,1057,1362
541,429,439,712,641,500,636,442,719,431,438,460,444,552,453,602,540,434,523,446,718,432,433,611,607
it's there.
1095,783,1404,649,1070,901,1005,722,794,727,1322
467,457,531,527,710,448,534,452,444,446,603
they arrived yesterday.
886,1002,720,975,1052,609,807,815,1141,866,748,771,1066,929,777,693,969,731,823,780,618,961,1278
450,561,445,431,705,500,457,452,450,590,441,529,703,453,423,513,435,435,436,502,521,442,584
what would you like to eat.
696,1019,620,853,1054,663,1271,1086,1274,790,1065,923,1227,1085,1034,1257,1147,1183,712,1057,886,1262,1064,742,599,824,1306
453,559,530,469,762,454,464,483,547,534,732,461,460,488,729,531,451,541,460,727,450,437,733,449,512,462,627
please speak english.
how do you know.
1316,1250,738,611,692,739,1081,676,1324,738,593,1197,1064,715,1077,842,1244,1163,674,1035,1264,1470,1019,1267,655,1078,783,1262,1051,904,1258,1047,1027,1199,1055,1270,648,1290
436,560,430,498,503,445,718,507,482,440,521,547,745,430,636,502,570,477,522,549,625,531,547,456,457,721,505,462,743,446,465,485,746,524,620,475,448,639
as soon as possible.
613,685,1072,679,1266,1274,1089,1063,605,682,1082,1343,1251,691,695,1202,914,1285,728,1281
500,504,749,511,462,473,634,767,503,493,736,464,472,495,505,468,572,534,464,607
try it.
i give up.
782,722,890,1067,1162,876,1308,1522,1165,1064,866,1137,887,737,1061,986,1308,1274
455,454,457,752,474,462,618,514,453,748,534,469,615,464,741,453,457,635
it's too late.
maybe.
1132,813,1407,648,1093,821,1255,1254,1078,1296,604,816,708,1296,1577,1191,608,928,924,772,1303
488,458,543,522,719,468,483,477,730,550,520,462,465,630,522,621,519,421,636,483,637
will you remind me.
we're late.
605,1136,1269,1288,1053,837,1272,1093,1059,765,689,1160,1223,1069,745,1075,1157,709,1300,1527,625,670,1423,803,741,1083,1236,596,813,685,1264
437,448,527,523,735,456,464,490,730,445,456,626,443,628,494,720,667,440,626,500,444,440,541,451,458,719,556,512,462,462,618
where can i rent a car.
610,1006,553,736,681,1055,799,617,1095,1061,1151,1049,776,681,1063,824,1056,580,844,783,542,753,1311
446,561,516,448,461,738,575,526,634,760,443,768,449,464,624,448,750,506,697,589,529,445,646
do you want to go to the movies.
675,1274,1077,870,1256,1065,1035,626,568,1084,807,1064,798,1233,1072,845,1235,1049,791,1253,1070,846,1008,701,872,1106,1240,899,1151,765,672,1303
532,464,734,462,469,501,735,443,509,656,451,741,456,463,722,520,463,736,454,464,713,460,551,463,731,654,478,627,491,469,526,617
what's your email address.
633,1011,580,787,1514,673,1092,829,1243,1070,884,1056,654,1138,590,1164,1241,1063,592,733,727,771,706,642,646,1289
457,560,523,476,544,532,723,463,466,494,465,727,461,649,525,483,543,758,530,503,513,447,460,503,502,623
give me a call.
791,1149,820,677,1081,1156,691,1077,594,849,788,605,1279,1302,1447
549,504,631,492,748,676,474,753,530,718,613,542,549,547,606
a one way ticket.
586,1084,1261,1091,717,1086,648,595,876,1091,866,1163,788,1201,714,864,1291
539,728,472,620,469,731,448,521,445,726,446,486,583,546,433,442,611
do you understand.
708,1255,1060,807,1244,1069,1066,1082,1074,727,711,758,650,827,590,1070,726,1258
503,448,721,459,465,484,714,468,641,501,441,447,492,455,509,631,496,626
do you understand.
724,1243,1089,851,1236,1063,1054,1106,1088,723,715,783,652,810,585,1078,720,1365
516,485,716,457,475,486,718,476,614,502,444,450,506,461,515,600,500,622
at 5th street.
570,761,1063,765,874,1003,1039,662,806,753,698,694,813,1345
513,464,729,365,471,552,731,500,458,444,450,450,447,643
when does the bank open.
617,1033,693,1076,1079,731,1254,701,657,1074,835,1024,697,1045,901,612,1066,1197,1065,1207,1310,721,1060,1295
458,544,463,618,736,547,456,462,528,715,467,556,477,729,614,555,641,541,730,452,461,448,626,617
i'm bored.
i don't think so.
1183,1423,1163,1068,908,1236,781,710,729,1277,1560,1146,1073,725,1253,1078,1400,840,1074,817,1079,1232,1111,1255,1103,676,1277,1356
486,556,621,758,664,483,485,478,547,646,532,472,748,516,455,608,537,451,732,463,555,468,629,552,719,514,480,594
do you have a swimming pool.
696,1258,1097,841,1271,1104,1077,952,597,853,757,1091,620,1080,685,670,1243,1176,1193,1227,1104,876,1092,1379,1263,1253,1304,1555
532,487,728,474,480,508,718,555,522,612,456,732,511,735,511,463,481,662,682,491,663,529,738,455,477,475,559,598
it's going to be hot today.
1137,787,1559,654,1088,846,1294,1166,1085,873,1078,857,1257,1071,915,729,1089,952,1259,891,1080,866,1298,758,594,939,1314
492,468,565,520,731,512,481,483,644,523,750,460,464,748,599,440,733,541,468,475,728,462,468,504,524,459,643
i understand now.
1138,1076,1077,1079,738,721,778,673,855,573,1078,752,1054,1066,1288,638,1379
495,753,486,649,523,458,462,512,455,519,637,498,745,655,452,451,628
have you done this before.
967,595,846,730,1064,923,1273,1119,1072,746,1270,1096,713,1079,860,1014,1186,667,1071,911,717,831,1240,792,707,1319
521,521,570,451,737,446,476,493,734,538,484,645,472,765,483,577,485,535,739,637,472,550,495,466,481,644
are they the same.
561,749,676,1067,858,1005,709,937,1057,894,1006,708,1040,693,614,1142,729,1313
524,472,481,746,481,566,492,473,742,489,578,482,765,519,550,656,465,635
where were you.
how much does this cost.
637,1029,700,765,703,1067,618,694,759,693,1060,914,1237,1077,1320,1516,1054,1302,639,1072,1184,1114,799,1041,1050,759,1255,731,663,1084,828,1051,1220,670,1077,790,1249,683,864,1290
474,589,467,476,477,751,495,486,476,486,749,488,507,535,675,532,583,489,462,743,675,488,604,581,757,522,502,460,517,729,467,565,472,530,732,585,489,523,472,628
can i access the internet here.
it'll be cold this evening.
780,603,1108,1083,1216,1068,598,779,786,714,678,685,1092,843,1038,705,1059,1221,1094,869,698,780,1072,708,838,1073,924,717,791,714,1358,1540,1227,797,1433,1337,1329,880,937,759,1101,814,1272,1267,750,1106,852,1063,1201,690,1099,739,872,720,1116,1217,1100,869,1311
585,537,620,756,447,760,533,589,615,442,527,531,732,467,558,476,741,475,636,472,460,455,618,458,462,734,538,455,462,465,616,507,490,475,547,570,578,755,621,468,732,601,481,588,540,729,466,562,465,519,718,456,599,435,651,449,633,524,618
when did you arrive in boston.
what's wrong.
649,1063,760,1132,1089,745,1209,745,1096,887,1252,1092,1063,594,783,788,1155,841,712,1083,1169,1084,1061,911,1255,695,837,1296,1107,1292,1561,665,1046,597,803,1515,663,1118,623,768,1294,1102,855,1305
463,560,476,651,773,524,492,531,746,483,487,516,745,520,474,482,506,594,463,752,482,640,771,613,474,550,490,456,622,614,524,437,553,507,460,535,510,715,437,448,444,631,539,625
what do people usually do in the summer in los angeles.
he'll be back in 20 minutes.
594,1035,555,767,1059,720,1242,1058,1370,696,1245,1328,1282,687,1084,1097,669,1126,608,1273,1272,904,1069,748,1237,1061,1158,1054,1048,852,1019,711,1039,664,1082,1145,1154,740,795,1062,1156,1068,857,1249,1241,676,1054,611,1063,849,718,1249,706,664,1288,1467,920,707,1495,1286,1282,1090,907,726,1107,927,614,834,1227,1094,1175,1100,1086,554,1369,1111,1194,1213,1118,1110,846,724,661,1326
453,572,509,465,744,503,466,745,444,438,462,460,554,444,733,487,502,481,533,554,540,450,722,505,462,735,447,625,745,466,544,450,743,515,461,599,625,432,452,742,447,625,721,545,449,525,742,534,638,524,450,555,440,503,601,528,531,460,547,583,577,751,635,466,732,637,536,609,565,742,504,642,752,356,406,737,617,445,637,477,458,437,491,608
i like it.
where do you want to go.
1244,1086,1338,1232,1257,717,1084,1187,821,1325,1558,610,1059,705,761,707,1070,752,1238,1069,866,1248,1082,1043,663,591,1102,831,1058,840,1249,1062,843,1259,1397
451,746,537,467,530,449,731,465,464,604,502,447,548,440,444,433,730,529,468,732,468,477,495,706,446,514,638,463,728,465,470,731,549,462,591
nothing else.
1063,1302,808,1028,1159,1077,827,1066,709,1309,657,713,1364
623,465,462,537,450,618,502,738,425,529,497,450,599
how much will it cost.
how much will it cost.
904,1238,640,1073,1168,1090,788,1025,1058,654,1171,1242,1248,1065,1151,813,1047,785,1247,680,828,1319,1594,1016,1268,659,1094,1199,1117,794,1064,1076,649,1218,1297,1301,1095,1204,827,1092,785,1274,683,823,1318
519,468,444,734,662,462,588,558,735,450,459,542,539,728,468,463,731,588,463,528,471,597,529,556,463,460,715,617,465,568,549,714,457,454,534,544,708,465,465,709,579,463,510,464,592
can you recommend a good restaurant.
780,608,1118,1092,854,1261,1067,1084,791,715,784,1273,1152,1149,731,1070,762,1104,608,1095,836,1257,1254,756,1086,793,719,663,848,596,1108,807,609,1099,848,1367
581,527,623,735,462,472,493,712,463,466,588,447,610,638,435,624,518,710,515,717,506,452,464,514,720,447,444,507,448,514,448,455,503,585,445,588
i still have a lot of things to buy.
1213,1069,663,818,1218,1299,1295,1092,948,619,867,744,1092,612,1087,1290,1265,830,1108,1268,823,1111,836,1037,1154,1066,854,679,1082,852,1255,1090,931,1065,956,1357
462,734,496,456,460,527,542,723,540,526,578,433,728,499,724,535,447,469,713,451,520,721,467,562,478,625,520,505,728,462,463,720,633,463,469,598
what are your hobbies.
649,1018,591,788,1050,599,760,700,1048,915,1223,1084,799,1046,951,1260,933,941,1132,746,697,1285
436,561,502,463,730,510,450,457,712,461,469,493,457,719,521,456,587,588,460,436,486,603
my house is close to the bank.
1203,924,1084,977,1252,1101,710,774,1089,1205,718,1094,854,1256,1243,744,788,1095,926,1239,1091,966,1041,789,1088,958,666,1090,1229,1332
635,462,728,529,488,462,503,457,704,455,494,704,572,550,466,508,466,696,467,462,714,459,544,466,731,611,545,632,540,605
i'm sorry.
would you take a message please.
1219,1435,1202,1094,664,1278,775,780,871,1424,1555,626,1272,1115,1267,730,1103,882,1237,1088,1051,865,595,1205,719,1074,607,1080,1173,728,686,690,612,860,741,1084,1338,1266,747,599,678,745,1365
449,522,597,728,498,474,466,466,464,635,492,462,491,488,550,504,709,464,474,493,718,461,516,531,444,717,519,721,650,430,504,508,525,506,443,710,445,530,453,511,513,454,598
turn left.
is it raining.
868,1112,792,1101,1082,1293,721,817,863,1374,1619,1185,660,1093,1190,859,1094,761,576,1175,1083,1176,1084,852,1309
477,492,471,603,729,540,450,511,470,605,528,465,508,719,479,458,709,452,518,467,622,463,614,500,607
he's not in right now.
when did you arrive in boston.
1032,753,1585,665,1134,1122,1316,828,1114,1201,1126,1097,734,1175,851,1057,834,1084,1099,1305,676,1339,1584,628,1064,723,1105,1086,729,1258,734,1101,859,1240,1096,1070,587,754,763,1142,824,715,1077,1181,1108,1078,883,1261,683,810,1279,1094,1345
554,454,549,504,704,635,442,466,724,467,621,734,465,479,519,559,461,712,654,458,443,598,534,452,556,439,614,739,490,447,492,697,439,468,494,735,510,462,467,488,602,475,736,467,616,748,600,471,515,482,463,610,586
is it far from here.
1199,655,1102,1183,826,1095,789,592,784,1107,795,778,1271,1172,1108,905,711,780,715,1429
491,494,729,483,466,709,530,540,484,719,534,472,478,633,715,544,473,465,467,628
what's your email address.
i'm not ready yet.
657,1071,595,815,1559,700,1126,877,1274,1137,950,1093,776,1147,626,1216,1309,1084,624,790,778,808,737,692,687,1371,1541,1345,1551,1284,1137,1145,1311,851,1122,800,734,608,759,879,1126,904,722,857,1346
456,571,523,474,559,523,713,464,469,501,473,698,453,626,522,492,539,736,530,514,512,456,465,506,515,622,516,474,552,623,714,635,465,467,713,464,458,521,490,456,700,463,456,453,618
let's meet in front of the hotel.
1321,744,856,1534,693,1141,1227,761,761,857,1122,1237,1145,1110,846,800,1308,1141,887,1125,1315,823,1123,868,1122,725,1116,1185,1333,902,729,1310,1350
567,453,466,560,504,717,671,451,453,474,735,471,651,754,539,462,483,620,455,733,476,515,722,475,582,481,738,619,501,473,464,545,637
are you going to help her.
585,755,691,1103,885,1274,1094,1068,855,1283,1167,1077,905,1079,835,1260,1096,933,740,1248,1307,1086,911,739,805,1308
529,473,483,734,477,489,521,743,531,497,500,661,538,759,468,495,734,547,480,580,494,732,537,449,457,628
i believe you.
1235,1091,926,725,1284,1173,735,841,755,1092,908,1236,1071,1456
485,750,634,456,568,488,455,655,485,737,501,499,506,638
are they the same.
578,793,731,1060,907,1024,733,967,1063,881,1014,754,1056,717,630,1155,764,1325
516,474,469,746,479,579,484,472,747,471,582,462,744,512,541,669,462,630
it's less than 5 dollars.
1180,848,1457,719,1132,1282,765,725,727,1120,902,1084,646,1126,1093,827,1078,790,1280,1301,1300,633,831,719,1343
501,481,551,529,713,567,471,515,535,739,463,564,512,635,730,365,759,544,482,574,569,544,466,543,637
i'd like to use the internet
1295,1485,792,1142,1336,1251,1262,765,1115,904,1297,1103,1057,754,839,1036,895,1030,753,1062,1176,1081,891,738,831,1095,751,886
478,562,557,731,551,496,574,486,756,468,487,738,502,530,507,767,498,581,493,765,505,664,480,471,473,654,470,474
i feel good.
1148,1048,830,739,1291,1279,1084,886,1278,1279,802,1300
474,770,528,481,583,573,745,552,496,486,544,637
when did you arrive in boston.
642,1072,753,1141,1107,786,1215,791,1084,916,1274,1098,1069,616,839,848,1169,904,778,1083,1147,1087,1057,928,1250,725,888,1278,1101,1315
470,565,472,640,772,542,487,540,756,475,494,513,750,516,461,466,486,625,473,753,488,675,784,655,496,544,494,478,654,644
how long is the flight.
where's the nearest hospital.
965,1242,708,1079,1281,1290,1114,902,1091,1185,732,1092,938,1038,790,1078,846,1260,1180,919,1035,919,1351,1632,683,1056,762,817,760,1518,737,1103,903,1034,761,1062,1118,780,648,864,708,788,873,1092,970,1255,713,1405,1215,914,637,1301,1356
550,497,475,743,568,476,652,521,756,499,517,755,473,588,483,759,543,567,504,550,598,503,661,543,471,567,466,476,472,570,526,739,490,581,490,748,668,456,539,472,531,474,473,762,532,480,539,471,484,483,540,574,654
where is an atm.
676,1065,748,803,752,1077,1198,723,1083,616,1119,1086,627,915,1167,1385
480,596,483,489,491,772,482,545,771,548,676,783,543,488,675,662
the books are expensive.
895,1049,746,1055,944,1285,1295,1232,736,1088,643,816,747,1091,783,788,1342,784,1105,722,1169,895,789,1408
473,564,481,769,649,466,462,539,510,741,525,468,474,744,468,616,473,461,637,538,487,613,462,619
is there a restaurant in the hotel.
what time is it.
1166,690,1081,887,1027,747,819,751,1056,612,1057,815,743,704,908,626,1054,833,635,1099,869,1075,1143,1066,1061,896,1018,733,1029,976,1260,936,760,1273,1398,1594,659,1032,605,826,1049,866,1118,1131,733,1058,1142,689,1041,1155,861,1370
483,512,756,473,570,471,472,469,754,525,770,453,459,529,464,525,502,458,523,651,450,757,477,666,761,482,545,476,769,547,478,477,473,551,634,535,456,572,522,468,751,477,495,659,469,743,484,524,753,480,473,626
she wants to know when you're coming.
670,1026,749,1048,663,576,1084,863,663,1065,843,1209,1081,1258,1114,1288,663,1077,659,1038,757,1086,1060,935,1238,1057,1488,786,717,1089,791,1233,1149,1164,1061,879,1351
522,564,464,738,448,528,663,454,517,729,467,492,728,556,669,481,463,737,454,562,453,631,751,475,493,506,558,477,465,737,614,497,659,482,647,539,613
they arrived yesterday.
879,1017,729,974,1040,609,795,798,1099,866,768,773,1043,937,779,716,846,715,779,760,606,941,1325
463,574,469,491,753,527,479,479,492,627,485,541,754,486,463,513,477,466,464,539,558,481,655
i forget.
how much does it cost per day.
1191,1075,823,1263,791,886,712,865,1340,1554,1020,1265,672,1068,1169,1110,792,1037,1062,760,1264,742,682,1084,1153,851,1069,790,1243,668,847,1067,1336,708,783,1072,741,573,946,1343
467,756,523,482,463,544,457,467,652,517,578,481,463,752,658,485,605,580,765,516,490,452,511,737,488,469,742,625,502,542,481,738,451,468,464,739,511,532,459,647
my grandmother passed away last year.
1157,948,1085,877,786,555,1061,729,1144,1281,857,1015,697,769,1046,1291,566,652,655,732,747,1083,575,647,578,918,1057,1242,595,670,905,1059,985,745,605,834,1323
667,474,771,540,483,540,677,525,665,471,463,580,450,462,762,493,530,521,523,467,526,751,543,454,533,462,766,562,527,517,464,755,469,433,517,441,627
is it far from here.
1180,681,1087,1175,866,1090,791,578,801,1098,815,791,1252,1167,1092,974,748,834,737,1419
476,495,733,488,449,735,547,553,480,745,549,473,470,646,751,544,453,457,444,636
where can i find a hospital.
648,1050,718,793,732,1101,811,622,1090,1080,1212,1082,818,1175,1093,754,1084,599,885,959,1294,682,1382,1154,897,619,1282,1322
465,577,464,467,469,748,599,544,675,786,467,774,537,495,661,530,764,543,755,541,487,528,474,519,483,541,555,635
who won.
the book is on top of the table.
657,1023,1247,1080,657,1284,1131,1373,1570,859,1016,715,1077,929,1258,1257,1210,1091,1178,682,1079,1280,1112,1084,841,1245,1336,1086,1280,819,1087,891,1030,723,1069,893,616,924,1257,749,1364
471,566,474,738,461,481,663,652,555,468,559,462,754,626,463,474,559,766,489,520,761,482,683,760,469,482,506,762,485,538,752,476,582,488,766,470,537,617,574,462,637
i've already seen it.
i still have a lot of things to buy.
1189,1440,921,748,1101,608,1278,810,752,624,798,920,1101,692,781,781,1109,1085,1183,867,1325,1577,1206,1090,668,815,1176,1295,1298,1107,970,604,897,789,1085,626,1085,1271,1249,860,1102,1250,844,1100,911,1019,1152,1069,866,708,1087,887,1230,910,965,1057,963,1322
480,548,636,474,765,527,563,462,462,533,511,453,756,507,469,467,655,757,483,449,616,520,466,766,493,462,492,558,561,768,533,545,597,447,762,529,757,573,493,486,750,503,541,755,466,562,488,649,527,520,749,476,486,753,639,493,483,659
how long have you lived here.
what is it.
941,1207,694,1089,1267,1261,1063,850,1098,1007,646,911,772,1100,976,1228,1084,1062,1246,1153,887,739,754,1077,944,720,806,734,1435,1560,668,1046,602,828,1041,1143,706,1062,1165,854,1305
538,483,466,736,559,476,643,536,750,543,540,599,481,735,483,502,519,740,555,499,627,462,539,743,551,484,481,481,628,539,453,570,535,487,775,517,522,759,506,475,653
i live in california.
how do you know.
1182,1071,1280,1164,880,747,1084,1171,1095,1081,866,666,1253,1165,842,1218,821,1094,1182,626,1341,1518,967,1271,695,1096,843,1253,1096,941,1263,1074,1070,1207,1084,1293,683,1329
482,754,560,500,604,471,763,505,670,760,618,569,565,520,561,506,492,679,519,548,641,551,540,483,480,749,555,512,750,496,485,523,751,560,665,496,472,646
the books are expensive.
883,1048,722,1074,907,1293,1286,1219,689,1082,579,776,713,1077,736,754,1333,764,1092,701,1189,873,767,1338
480,553,494,750,654,484,489,567,528,749,529,456,458,751,460,594,483,435,637,542,497,591,465,622
do you accept u.s. dollars.
753,1252,1092,884,1249,1037,1048,613,809,818,754,1294,871,1081,1067,1340,714,1309,1102,784,1271,1284,1285,618,814,715,1330
519,500,757,478,506,550,757,554,597,600,464,516,488,752,501,664,521,665,763,530,481,578,595,534,467,522,642
what's the exchange rate.
is there a movie theater nearby.
678,1054,612,811,1522,706,1105,863,1049,725,1083,746,741,807,1019,635,1094,873,757,1100,815,621,855,733,1294,1496,1253,675,1117,856,1045,741,810,743,1095,621,1074,1172,1312,903,1187,759,1105,884,1046,770,640,857,741,816,1097,1062,801,635,827,950,956,1362
461,583,527,467,568,525,736,467,574,452,737,492,612,609,559,550,666,549,476,756,483,531,487,480,652,530,501,524,734,484,588,479,482,480,752,532,766,690,502,628,520,479,759,486,589,471,528,471,471,466,748,692,446,532,468,658,472,651
sorry to bother you.
685,1265,825,832,898,1111,922,1274,1118,958,1285,931,1071,767,831,1108,973,1258,1091,1346
501,508,464,468,463,744,474,487,747,619,503,462,591,468,470,753,481,501,523,632
yes, really.
928,772,700,1291,1078,838,772,662,1267,1278,934,1396
464,458,538,666,754,462,464,539,557,561,455,652
your things are all here.
933,1255,1090,798,1074,799,1031,1135,1062,879,706,1057,629,812,749,1057,627,1240,1244,1056,967,758,832,755,1344
468,462,511,460,743,474,579,497,650,543,536,753,529,472,481,755,537,569,563,769,550,462,459,465,618
let's practice english.
i'm happy.
1296,747,851,1496,690,1104,1336,808,611,795,844,1166,854,731,1083,721,1072,853,1267,1167,701,1040,1295,1543,1179,1432,1203,1090,960,637,1296,1301,946,1387
554,450,467,549,529,748,477,463,534,580,471,485,601,469,760,453,664,535,570,489,540,577,633,551,472,556,641,770,537,552,485,495,473,634
that's fair.
845,1021,623,832,1492,703,1101,801,620,1179,801,1298
473,587,519,469,548,522,746,520,547,491,477,641
i trust you.
1162,1075,825,770,1084,674,823,1065,944,1223,1077,1303
498,755,479,485,502,521,482,736,476,491,505,639
i speak a little english.
1176,1076,668,1314,731,608,1192,1084,610,1081,1270,1172,842,835,1255,732,1086,727,1082,843,1273,1172,695,1064,1300
471,746,512,472,455,530,539,741,539,747,561,482,469,474,555,475,736,464,641,546,557,493,542,549,634
would you like to buy this.
655,1259,1123,1274,787,1081,904,1221,1085,1067,1277,1182,1191,728,1069,889,1228,1079,940,1073,979,1075,841,1040,1175,701,1349
478,485,508,550,520,740,481,489,513,739,565,484,569,482,732,474,484,731,623,483,482,723,477,545,473,519,608
what is it.
the tv is broken.
670,1035,610,812,1074,1154,677,1060,1160,820,1309,1571,865,1026,736,1057,864,836,1075,1167,701,1085,908,827,1266,1236,718,1087,1342
463,577,530,491,748,500,519,749,510,482,646,537,472,560,462,742,460,597,734,477,531,755,612,485,468,538,485,638,631
do you want to go with me.
746,1270,1106,876,1256,1108,1086,679,610,1102,829,1074,837,1225,1077,872,1233,1078,662,1166,862,1027,1088,1140,759,1422
502,480,718,455,481,506,725,462,522,620,476,732,466,485,737,524,482,735,452,482,473,559,753,642,443,605
please take off your shoes.
1314,1274,731,611,688,746,1080,853,610,1182,725,1062,1273,807,810,1082,969,1229,1085,817,1092,688,1038,1267,752,671,1277
450,528,453,522,520,471,725,472,523,541,478,740,479,525,521,731,470,483,505,466,739,522,570,464,464,531,623
i love you.
1218,1092,1309,1295,854,739,1085,894,1240,1092,1316
489,733,547,478,601,475,736,480,481,503,614
i've seen it.
1216,1394,882,754,1099,678,748,746,1109,1107,1169,829,1304
467,527,605,486,753,523,499,502,632,752,487,473,600
i want to send this package to the united states.
sorry, we don't have any.
1206,1099,662,598,1112,802,1083,805,1245,1093,675,749,1107,753,1078,829,1029,1169,689,1080,1351,621,802,1195,619,852,715,1103,827,1239,1102,845,1040,726,1072,1062,1097,1152,861,733,739,1092,676,818,593,822,705,654,1307,1528,666,1257,787,794,854,1269,1064,647,720,1092,748,1247,1092,1429,825,1107,956,641,884,767,1087,616,1050,932,1317
483,756,456,526,666,479,748,471,479,751,518,467,644,510,755,471,562,475,522,734,457,534,563,545,538,524,463,723,477,481,720,474,556,471,747,512,649,505,467,456,519,725,510,481,536,467,459,507,626,514,515,483,468,468,463,669,748,453,452,729,525,489,636,559,462,723,545,552,597,473,738,524,633,474,623
certainly.
which one.
809,765,798,844,605,1144,1067,1219,896,1271,1507,642,991,1137,799,1016,1043,1239,1064,717,1288
600,474,488,491,541,494,640,572,472,624,500,464,578,488,585,571,754,471,637,464,618
he's coming soon.
will you take me home.
962,760,1394,678,1097,778,1250,1137,1135,1062,847,1067,678,1272,1264,1082,1313,1557,640,1195,1275,1271,1068,931,1253,1062,1029,769,587,1151,714,1045,1114,697,1043,925,1215,1107,774,1319
548,482,553,531,746,591,497,644,503,651,536,765,536,488,501,638,622,519,468,483,558,538,740,476,481,521,750,484,539,555,492,748,662,482,737,552,492,652,491,601
nobody is helping us.
1072,1280,887,1265,750,977,1080,1140,690,1063,944,717,1245,1337,1173,1070,862,1066,1104,683,1298
656,483,636,491,542,486,751,491,517,752,547,484,558,476,492,648,524,743,495,542,632
what time is check out.
652,1052,605,809,1053,829,1134,1144,720,1062,1178,1064,1043,827,1026,757,815,1204,1083,1243,1084,871,1326
482,570,562,506,735,503,499,674,495,751,481,741,750,618,577,483,625,532,730,468,501,476,599
how many children do you have.
964,1272,709,1118,1202,642,1109,958,1086,826,1054,1177,1278,784,835,735,1122,1098,808,1245,1083,939,1233,1098,1074,989,636,923,769,1297
549,479,476,735,644,536,643,486,737,620,577,478,544,534,480,482,642,735,560,484,735,483,496,499,730,537,549,601,492,588
i'm married.
1182,1413,1192,1126,1175,606,752,761,1169,693,722,1293
477,541,635,755,663,532,501,499,524,490,541,645
would you ask him to come here.
651,1246,1084,1257,767,1089,883,1208,1071,1047,609,701,1175,1078,1057,1172,1184,1110,882,1245,1098,815,1238,1167,770,1090,961,753,836,764,1323
471,491,496,547,531,743,483,490,528,750,525,524,563,757,579,484,626,735,476,493,750,623,503,642,469,737,540,468,466,472,621
when does he arrive.
who won.
665,1076,769,1131,1102,791,1262,776,705,1112,959,783,1122,658,846,848,1185,893,753,1316,1620,709,1129,1325,1143,692,1332,1160,1377
483,577,467,651,758,546,501,468,538,719,535,488,716,529,485,485,498,618,481,635,519,472,591,489,732,472,474,651,627
do you like your co workers.
sorry, we don't accept credit cards.
762,1296,1152,858,1296,1114,1122,1317,1218,1243,772,1125,920,1281,1141,977,1125,862,1281,1119,685,1281,826,1237,773,849,733,1419,1548,714,1295,827,838,951,1340,930,714,761,1172,806,1314,1168,1456,931,1161,682,861,870,814,1379,907,1170,849,881,798,803,1244,896,1159,871,658,860,809,739,1357
522,503,743,468,500,498,733,558,485,562,499,723,491,493,515,508,729,605,481,733,466,483,474,554,461,474,519,653,517,515,486,467,468,466,667,761,488,476,731,541,510,644,551,477,747,550,599,594,463,491,482,722,614,469,446,532,492,476,751,596,536,482,533,524,615
i don't have any money.
1261,1179,797,1342,1173,1472,900,1178,1006,671,923,828,1172,689,1116,1000,1151,1225,1347,1141,826,997,1361
465,750,522,479,644,546,472,735,532,530,586,475,742,509,635,469,756,642,463,647,436,444,594
that's fine.
917,1062,685,902,1513,745,1165,873,1220,1152,775,1394
460,560,507,464,539,519,727,509,473,634,439,616
do you sell batteries.
814,1298,1160,917,1298,1138,1138,744,809,1328,1336,1143,965,685,919,930,800,869,1223,805,756,1345
509,484,719,456,468,505,727,516,472,551,544,737,622,534,474,474,477,470,467,463,511,594
i don't speak english very well.
all day.
1237,1160,815,1331,1151,1507,903,1177,742,1407,815,662,1283,1164,801,1148,912,1315,1223,743,1123,1134,921,817,874,935,1154,730,801,1337,1346,1376,1577,668,1323,1325,1161,828,667,986,1372
470,735,516,466,635,525,463,726,511,469,463,538,545,735,456,639,538,565,493,526,558,748,604,447,464,473,730,456,459,542,549,619,524,521,552,551,726,502,513,442,627
that's not enough.
are you ready.
877,1099,664,869,1509,746,1183,1188,1340,876,1167,801,1147,1328,1170,926,1114,1407,1563,654,834,772,1158,931,1294,1109,1121,852,792,670,810,930,1346
464,556,503,456,538,515,710,648,474,468,718,461,635,466,482,531,545,597,518,512,458,451,722,461,483,500,715,461,450,526,501,455,620
i want to give you a gift.
1252,1159,720,657,1145,870,1163,876,1303,1158,921,1198,927,791,1144,963,1289,1146,1138,676,1141,934,1212,885,938,1352
467,746,438,513,652,473,721,478,476,727,525,498,597,464,731,469,493,501,725,520,727,526,487,527,483,586
i'd like to rent a car.
it's north of here.
1244,1498,798,1182,1341,1252,1281,777,1159,892,1299,1156,849,774,1160,893,1151,665,1142,863,670,856,1391,1584,1232,874,1458,715,1167,1139,1320,837,896,1107,1132,1318,860,1157,950,744,814,739,1431
462,534,522,714,572,491,568,463,732,482,487,727,468,464,637,484,722,536,731,589,530,480,608,506,489,465,524,505,728,658,468,470,473,569,739,476,515,714,541,457,461,466,629
am i pronouncing it correctly.
665,1239,1189,1249,1157,1409,845,1332,1172,1352,1185,1179,849,1238,1159,897,1165,1227,875,1160,842,1336,852,849,790,838,877,1339,1001,1397
534,627,735,471,736,481,452,460,625,467,469,615,563,474,618,520,713,483,472,709,585,469,461,457,454,581,464,521,451,627
can you please say that again.
813,641,1141,1127,929,1279,1109,1125,1374,1336,775,658,739,796,1149,740,656,917,1135,918,1084,662,885,1136,646,899,657,1231,1143,1370
586,543,612,717,481,479,505,711,459,541,446,528,518,466,697,512,529,454,707,464,539,505,456,701,520,506,520,459,612,608
how long have you worked here.
962,1265,733,1145,1337,1323,1137,928,1144,1013,686,941,821,1151,973,1310,1145,1122,716,1313,847,1260,792,812,1152,979,777,853,773,1413
523,479,464,715,541,460,601,517,719,530,525,582,444,715,456,458,486,707,440,468,454,529,448,512,720,537,453,461,464,596
from here to there.
is it close.
844,836,1277,1199,1143,957,776,850,778,1153,940,1294,1152,960,1098,811,887,821,1368,1609,1235,738,1154,1242,888,1141,879,1325,1326,768,817,1408
515,461,467,589,719,530,475,468,465,712,478,482,716,480,554,451,463,464,610,522,481,493,716,482,456,710,567,559,473,506,462,591
i understand.
1182,1143,1151,1131,823,801,853,763,905,686,1145,827,1366
495,723,488,621,520,466,470,519,483,541,611,520,609
thank you.
i'll take it.
876,1105,679,1133,1250,1141,989,1288,1144,1341,1490,1227,1528,1346,1341,1169,898,678,1264,791,1158,1238,899,1364
472,561,521,628,537,729,466,470,495,616,514,494,539,562,572,719,486,537,555,481,728,492,483,634
be careful driving.
945,796,1165,867,690,857,792,886,1186,1341,1156,828,870,1224,919,1220,1147,924,1343
615,484,747,625,541,492,512,550,502,558,723,532,485,479,607,488,623,544,616
i'd like to exchange this for dollars.
june 3rd.
1277,1517,828,1199,1347,1267,1287,798,1161,927,1312,1168,820,798,882,1100,700,1133,927,798,1147,934,1092,1198,771,1126,876,1260,844,1137,816,1298,1306,1303,679,854,750,1335,1531,1186,1181,1157,813,1154,725,852,823,1405
482,537,539,716,571,495,569,486,732,505,489,731,450,583,595,545,542,626,532,480,733,494,554,478,527,723,531,499,483,726,528,473,552,557,531,468,520,612,496,562,492,629,476,727,358,481,519,640
is it suppose to rain tomorrow.
1225,726,1153,1242,873,1145,732,1182,1406,1401,1326,739,802,1180,910,1305,1173,854,659,1243,1159,1152,891,1307,1191,1357,851,1340,1346,692,1345
493,514,729,492,479,727,509,487,462,470,471,509,466,704,464,482,710,459,526,482,623,730,469,475,636,477,475,495,491,474,617
what time did you wake up.
697,1090,630,837,1107,845,1186,1185,738,1121,807,1217,811,1111,934,1274,1099,1110,713,645,1207,770,1127,960,1340,1375
440,558,497,468,737,472,497,639,464,736,542,486,540,751,460,469,493,733,445,516,548,438,729,448,465,601
i'll talk to you soon.
1192,1408,1276,1275,1123,873,647,1253,1194,1110,918,1265,1118,1027,1278,1134,1091,741,1280,1096,1095,1348
473,542,560,564,731,470,539,564,574,733,466,479,716,465,464,484,715,487,473,609,615,635
i'm self employed.
1201,1441,1225,1162,727,790,1320,838,1153,788,1192,1386,1308,1278,1036,779,797,1335
489,545,634,729,483,458,547,508,716,435,626,463,536,482,483,454,505,633
is the bank far.
1197,734,1127,897,1061,782,1092,942,657,1110,1209,1089,873,658,889,1351
468,492,699,443,551,446,711,596,540,640,533,735,523,526,468,616
would you like coffee or tea.
i don't understand what your saying.
684,1328,1147,1329,834,1133,962,1299,1141,1119,1327,1228,1233,774,1122,856,1281,870,869,764,771,1143,1295,846,1135,938,774,621,1339,1540,1238,1116,808,1312,1127,1530,892,1162,1159,1163,821,779,848,733,904,649,1147,809,1150,716,1091,663,889,1143,941,1307,1174,834,1139,734,662,999,1185,1109,929,1318
460,474,488,528,522,715,459,468,501,716,539,461,540,448,712,623,462,551,548,466,472,712,463,468,708,470,471,530,618,515,467,736,511,466,626,550,464,719,483,618,517,447,462,512,469,533,598,510,711,435,541,518,452,717,470,480,499,468,728,506,536,466,487,639,510,625
the book is on top of the table.
895,1067,738,1089,958,1311,1312,1243,1135,1188,726,1110,1323,1134,1114,887,1277,1358,1112,1305,861,1150,907,1109,757,1125,926,664,954,1311,751,1345
452,549,445,737,632,461,463,534,751,483,496,738,459,627,764,444,479,474,745,474,507,735,464,566,462,752,476,531,585,550,456,625
who are you looking for.
695,1123,1360,1161,658,882,815,1160,951,1310,1161,1136,1334,1364,1352,1328,1346,1186,906,1178,898,1314,870,1356
439,559,471,717,519,443,445,717,464,482,512,725,564,460,473,579,487,644,517,735,523,472,479,614
are you free tonight.
659,829,775,1179,971,1340,1130,1138,877,852,790,791,1164,912,1320,1122,1186,994,1091,1001,1376
516,465,473,728,468,477,513,731,562,476,482,481,730,471,483,640,493,538,561,475,621
be careful driving.
989,843,1152,905,698,882,821,920,1158,1314,1140,822,857,1199,914,1196,1117,943,1335
620,482,768,624,530,480,489,557,492,562,742,536,489,494,615,500,645,540,635
