from here to there.
which one do you want.
666,641,1098,1013,776,897,585,670,576,778,727,1093,791,747,899,619,704,618,1181,1390,541,927,1053,744,927,775,1119,954,654,789,696,1107,782,964,1140,1009,793,589,511,932,776,1131
277,225,273,409,479,376,207,240,189,477,249,293,487,264,385,208,248,198,403,313,218,370,283,348,371,493,293,420,210,496,291,309,492,309,309,297,496,238,311,459,279,455
anything else.
490,916,867,768,875,994,913,816,794,674,1092,624,674,1170
301,430,311,278,406,292,456,333,505,226,360,313,241,460
try it.
bring me my shirt please.
816,722,930,802,1004,807,1185,1403,903,764,1036,945,848,826,1088,683,796,1073,924,802,634,934,1038,765,828,824,1169,1141,711,563,639,713,1261
301,268,366,536,344,300,460,405,474,308,353,497,371,549,530,253,520,505,383,527,333,447,349,295,325,547,332,438,267,342,349,282,476
how's the weather.
chicago is very different from boston.
949,1143,627,1369,620,798,798,964,683,806,620,703,556,806,947,681,758,1181,1479,790,959,1072,790,587,884,1199,840,1100,655,826,881,732,802,977,827,737,1092,814,814,725,795,715,958,835,844,814,783,1147,1067,839,896,1141,664,841,1136,975,1242
419,330,275,351,375,533,315,418,271,531,285,275,350,319,436,264,296,475,391,440,430,327,465,377,386,327,576,351,333,558,478,317,334,388,546,352,362,387,397,302,322,276,540,331,570,373,312,381,510,560,457,387,343,344,378,532,478
i haven't been there.
1107,842,996,575,879,708,988,1380,854,847,913,694,708,994,836,853,941,716,793,705,1250
323,574,427,361,478,274,510,356,338,566,465,259,282,525,564,365,464,275,321,254,497
i know.
take me to the marriott hotel.
1122,838,1122,1006,1166,631,1269,1527,858,565,1107,722,840,1064,720,847,862,1157,845,855,978,721,850,1094,594,804,797,1103,1214,848,843,855,997,1188,862,702,1230,1317
325,561,437,510,373,281,506,431,369,401,446,286,565,515,293,564,363,367,568,365,462,301,579,505,391,344,337,376,376,359,360,582,453,370,367,271,464,495
i'd like to exchange this for dollars.
go straight ahead.
1147,1458,740,831,1243,1154,1172,722,838,852,1218,852,737,708,791,1020,533,1027,881,715,837,858,1007,1137,658,841,826,1212,805,840,749,1212,1251,1250,573,811,662,1309,1554,891,1244,844,689,879,802,577,1166,867,1021,867,864,596,1008,756,566,754,1358
338,350,386,559,437,334,425,311,567,362,363,578,304,456,456,423,353,519,432,290,570,372,448,358,339,573,395,358,349,569,370,352,452,448,374,351,357,495,409,414,349,579,370,388,345,392,352,415,456,372,585,401,450,304,368,404,533
how do i get to daniel street.
1003,1235,647,864,784,1237,853,1147,851,903,1221,885,883,889,1216,877,791,595,1016,1200,744,1297,867,702,901,814,730,730,903,1277
449,338,305,585,391,334,598,311,597,430,352,371,618,383,366,618,388,391,567,351,304,500,601,402,379,335,322,327,375,540
just a little.
are they coming this evening.
1057,1061,687,900,898,552,880,1232,1144,897,895,1168,743,1319,1554,608,852,749,891,880,1027,759,1012,896,817,1229,1132,1173,1057,933,907,912,1032,1145,707,882,765,933,758,1047,1140,1039,939,1299
482,390,409,414,636,455,627,515,396,418,425,515,344,571,504,459,405,345,644,415,519,371,457,654,537,449,574,439,589,494,659,433,532,421,424,646,357,561,361,600,430,592,503,559
do you have a swimming pool.
527,1115,733,881,1120,961,704,901,434,745,566,723,390,724,501,489,1047,993,1000,1068,941,744,744,1142,1029,1024,1110,1146
616,599,868,589,607,581,846,675,699,770,589,846,691,861,666,600,611,781,797,620,795,693,872,627,606,616,747,825
what do you do for work.
how many people do you have in your family.
480,842,376,693,758,562,1054,708,882,1082,949,690,596,1079,721,666,1074,662,747,497,1094,669,1012,1120,1402,900,1131,488,737,1009,424,924,870,741,1174,560,1071,1168,1149,594,756,617,1129,751,921,1143,991,745,915,435,765,595,733,1037,919,748,899,1129,971,683,747,712,418,1026,1053,1147,933,1257
611,725,693,620,852,646,662,860,656,658,641,851,665,647,864,682,649,626,863,609,655,628,720,817,713,713,631,605,873,783,694,802,661,869,667,584,623,633,745,600,885,714,656,884,660,647,631,884,715,702,774,622,868,640,784,885,663,647,636,645,892,707,715,779,641,727,649,794
what's your email address.
523,903,454,745,1244,532,773,906,1145,987,679,782,605,1009,462,1069,1149,760,459,632,633,706,617,556,558,1162
630,736,711,650,635,674,897,660,665,641,639,889,616,791,715,641,741,892,715,683,694,646,615,688,698,820
when are you coming back.
503,854,592,873,747,431,687,575,751,882,1098,952,758,657,1102,988,1032,926,786,793,805,463,663,1032,1141
635,753,617,854,887,713,663,619,882,683,679,659,907,761,657,809,663,808,724,924,829,708,781,735,802
what should i wear.
529,879,446,734,772,505,865,1052,919,1074,618,744,1014,744,535,624,434,691,1074
621,753,715,665,884,663,755,705,690,811,676,895,680,899,635,612,712,628,819
are you sick.
435,692,570,740,849,1065,924,741,510,1007,669,1021,1122
725,635,600,871,678,662,652,894,673,641,804,745,829
sorry, we don't accept credit cards.
512,1032,648,648,808,982,740,482,575,719,572,1015,856,1161,730,744,417,641,637,555,1160,743,758,632,677,580,592,1037,739,774,635,429,664,585,499,1153
692,703,634,638,679,831,909,650,627,909,725,698,844,703,654,903,755,777,818,675,687,697,916,820,685,663,737,655,647,909,836,775,681,743,752,836
i don't have time right now.
986,702,573,1053,863,1288,720,716,854,394,705,532,690,712,956,985,558,735,625,990,733,879,736,756,887,1058,476,1126
667,948,742,702,845,672,664,955,796,770,866,679,943,717,722,859,667,960,737,712,815,833,711,947,884,727,705,863
where do you work.
484,869,583,671,577,737,564,1060,718,872,1098,952,735,491,1114,672,1009,1121
697,742,661,696,655,947,752,702,976,698,684,673,979,701,674,711,769,852
how do i get to the american embassy.
883,1080,485,747,582,1102,720,1014,724,734,579,770,766,740,1086,753,735,893,567,754,436,988,587,673,1045,648,425,938,723,557,1023,775,412,503,519,890,1191
807,708,693,958,755,700,979,709,972,790,689,697,941,732,715,956,720,805,674,954,792,868,695,710,722,847,788,884,962,695,886,887,790,759,782,731,843
i don't have a girlfriend.
i need to change clothes.
1000,724,592,1069,895,1296,741,777,878,439,769,561,746,417,734,736,1024,646,1106,691,666,1015,569,908,587,1115,1418,1055,768,935,566,570,595,730,730,1140,745,665,918,439,951,768,558,759,647,1140,1122,751,906,617,525,1169
711,964,764,721,869,674,718,948,828,779,867,685,959,774,962,770,703,713,791,793,710,743,682,919,782,896,781,732,996,891,692,708,789,980,750,745,996,843,819,797,880,807,677,966,872,816,736,751,827,683,747,865
would you like to go for a walk.
509,1084,958,1146,607,757,883,1098,951,793,1109,1016,1033,592,779,772,1094,743,775,1099,779,696,1070,663,768,406,739,478,413,1096,999,1108
706,758,737,801,760,995,752,732,726,986,800,716,808,686,966,738,753,956,804,743,977,774,755,710,981,805,995,733,809,847,805,891
that smells bad.
739,847,433,747,793,502,945,568,1073,1065,498,787,799,433,602,1083
742,813,786,731,978,768,883,706,848,843,758,1027,906,806,797,904
who are you.
446,822,1016,692,349,618,497,689,842,1054,903,1047
656,744,671,903,749,670,634,896,690,674,658,794
his son.
why aren't you going.
821,938,489,697,501,1031,839,1037,1295,452,795,760,677,374,616,509,839,1198,730,724,812,1046,887,714,716,1047,964,855,729,1130
819,697,740,939,734,712,867,868,745,685,793,723,935,778,716,657,877,758,707,941,724,697,677,946,773,689,674,865,772,884
where is there a doctor who speaks english.
467,858,561,670,575,724,965,499,711,689,827,548,644,551,726,403,742,576,1047,635,987,1121,663,749,474,847,1056,743,524,1122,581,412,1001,512,730,557,865,726,1080,980,525,853,1105
691,814,660,686,650,934,691,733,955,697,812,660,712,660,935,771,959,717,717,837,796,680,703,957,699,821,715,999,767,734,708,813,817,800,1020,711,932,831,852,773,800,851,904
what did you do yesterday.
515,874,429,727,772,581,956,571,730,850,1066,911,727,581,1066,739,850,586,529,741,599,683,616,438,829,1063
700,842,800,753,993,767,764,769,1006,770,748,740,1005,771,737,1014,732,729,781,770,730,716,807,807,728,885
how many people do you have in your family.
861,1077,526,758,974,423,890,848,733,1146,598,1072,1153,1135,580,759,611,1109,746,912,1117,949,726,894,443,765,594,734,1016,910,728,884,1112,948,698,758,702,429,980,1019,1110,887,1166
828,736,724,996,875,786,892,772,985,744,720,732,733,836,679,995,788,734,992,735,712,708,984,813,790,894,689,966,724,909,987,755,726,718,753,992,812,789,906,737,825,745,888
i'll pay for the tickets.
972,1246,1140,1141,730,1171,461,887,739,694,1090,662,764,735,854,580,758,751,955,675,967,605,744,512,1124
715,698,814,818,990,741,806,743,1001,798,729,717,975,739,817,678,980,716,685,867,809,742,737,777,897
he's never been to america.
837,577,1239,497,738,887,584,768,589,685,752,776,553,565,900,738,712,1040,745,412,937,550,661,959,643,399,1104
791,681,728,783,1004,906,720,898,715,741,980,903,699,699,922,981,745,796,1007,805,905,709,749,771,881,819,913
can i take a message.
560,332,819,624,922,629,622,331,905,482,642,331,628,892,489,430,428,341,650,467,1015
886,807,954,998,743,999,764,811,828,725,1002,816,1001,911,732,799,802,836,826,721,908
can you call me back later.
that's not right.
623,357,893,693,883,1084,961,705,625,376,1127,1142,687,1043,550,708,715,381,610,982,678,1053,374,698,537,631,1040,1435,701,835,382,688,1162,467,715,844,1026,702,767,574,972,694,847,707,1197
745,679,851,920,656,637,617,934,807,733,721,725,947,814,633,992,874,746,857,770,989,777,791,729,658,687,880,728,723,818,811,728,768,762,1004,890,761,723,976,722,751,808,846,710,913
i don't want to bother you.
979,711,561,1059,881,1219,718,745,481,391,883,721,760,710,1079,750,767,1079,742,836,553,674,752,877,1088,910,1129
688,975,748,702,879,731,704,973,692,788,882,714,966,707,704,965,878,706,738,825,679,696,975,712,677,653,831
waiter.
do you sell batteries.
493,412,1010,740,567,672,1077,1324,588,1112,733,883,1118,958,714,497,561,1096,1127,717,773,400,718,718,567,660,1003,558,486,1142
696,790,710,749,693,717,865,734,767,706,985,668,654,634,976,772,698,790,788,985,884,809,757,761,698,726,723,693,781,868
what's wrong.
385,779,298,607,1090,418,664,401,558,1032,843,661,1039
682,793,775,714,696,747,957,695,699,702,864,764,906
what do they study.
398,805,326,636,677,490,992,647,618,782,477,760,664,429,655,850,530,764,979
670,803,765,709,944,692,725,938,702,814,661,716,940,735,709,731,729,722,878
i'm full.
i'll teach you.
910,1148,922,671,636,876,1013,1022,1032,1277,929,1168,1100,1103,674,672,534,362,597,821,640,830,1039,865,1023
718,767,908,963,784,718,783,788,912,787,693,729,815,819,968,748,696,804,891,814,971,737,703,714,861
does anyone here speak english.
527,1046,543,468,699,346,871,830,1027,861,533,712,847,534,633,540,727,462,1093,537,385,981,700,532,880,696,1047,982,468,851,1098
707,735,677,749,971,785,918,786,740,915,684,978,824,683,721,675,971,740,714,678,803,810,987,695,886,797,827,743,755,811,876
where is there an atm.
473,864,549,651,552,733,1001,478,723,686,816,520,625,515,714,352,831,711,352,670,519,880
716,843,679,722,672,982,742,763,976,714,805,684,725,673,957,781,903,987,787,747,681,914
my car isn't working.
736,785,687,584,346,580,679,938,442,830,1150,693,733,444,1020,608,964,960,854,702,1089
869,752,999,845,827,733,983,755,790,923,793,755,1003,750,745,758,849,771,926,844,894
can you do me a favor.
599,372,848,667,835,1063,904,692,547,1063,961,540,718,369,720,643,640,362,660,1051,591,1115
881,828,976,1019,799,756,731,1025,810,758,910,742,1036,837,1044,842,866,828,937,752,755,953
turn around.
676,830,588,815,658,326,574,984,832,812,539,979
791,789,733,951,1007,832,780,827,800,973,805,938
i haven't finished eating.
do you know where there's a store that sells towels.
880,696,811,377,696,510,827,1137,693,722,638,952,854,941,468,809,527,558,687,527,339,670,956,854,693,1002,1233,546,1032,695,783,1013,856,713,924,826,1008,462,705,463,810,554,644,546,712,721,801,560,650,550,1117,494,718,381,708,452,698,998,621,532,704,686,827,362,683,746,463,541,1016,1027,465,734,677,1004,458,550,1024,479,1067
814,1039,906,852,932,750,1001,844,776,1013,868,815,991,830,818,920,749,834,1048,747,860,778,809,961,865,951,842,786,815,1022,843,803,813,1036,880,979,826,769,1033,769,902,769,791,746,1024,817,927,748,786,735,866,822,1034,844,1024,790,785,820,772,726,1010,789,911,833,785,1021,781,728,877,882,784,1016,772,827,750,724,892,796,951
are you allergic to anything.
369,622,515,700,816,1038,917,703,370,1066,1061,536,621,712,972,598,672,715,1027,728,394,868,813,723,829,958,859,748,1067
801,752,692,975,773,748,730,1020,827,838,847,731,750,855,803,962,1044,785,813,1037,841,980,837,786,912,805,961,870,937
do you know where my glasses are.
534,1044,683,822,1030,883,706,971,887,1046,482,717,471,836,558,650,559,725,921,813,709,717,1065,376,483,482,563,497,714,375,633,538,1054
788,789,1004,802,768,754,1019,857,960,800,751,1013,767,905,740,758,720,1007,959,806,1019,846,882,839,812,809,742,806,1013,833,770,734,948
do you smoke.
867,1298,987,1115,1327,1175,987,810,1204,1318,1249,875,1397
753,795,976,723,780,745,987,801,918,787,810,713,928
where do you live.
760,1140,867,965,873,1021,895,1332,1000,1140,1355,1197,1012,1352,1275,1068,868,1359
759,877,744,779,731,1007,827,787,1011,828,780,749,1016,882,770,985,751,928
you look tired.
1160,1382,1223,1021,1366,1352,1356,1306,1014,1061,1281,971,874,918,1393
784,820,772,1023,882,781,780,864,1023,822,782,788,746,859,881
can you give me an example.
i'm on hold.
981,746,1191,1029,1159,1377,1222,1031,1060,1279,1054,920,1041,1269,900,1042,752,1213,927,895,894,734,1228,1364,1318,879,1355,1530,1231,1490,1256,1033,1378,1184,1008,1151,1364,1368,935,1432
933,841,988,1031,824,799,783,1040,851,798,1023,740,995,962,727,1001,813,962,730,741,945,814,944,719,844,728,933,833,815,812,950,1029,803,943,1025,889,788,867,877,925
i'm full.
how long have you been here.
1260,1410,1259,1018,1019,1225,1352,1356,1406,1549,1145,1325,865,1029,1330,1297,1165,1093,1057,1162,778,1059,939,1028,1154,1337,1190,1019,1103,927,920,1171,1026,1134,911,1015,915,1359
797,849,967,1023,886,821,897,886,995,866,943,858,774,1019,914,838,999,900,1025,923,847,982,779,1021,898,883,848,1038,1002,781,782,1003,1041,940,766,815,761,990
do you have a problem.
is there an english speaking guide.
947,1343,1041,1154,1355,1214,1024,1175,786,1066,930,1043,756,1033,1420,1005,1353,1110,1366,926,1271,1384,1566,1300,894,1057,1083,1184,931,1027,934,1062,775,1205,1047,938,1215,1084,1389,1294,890,1197,1070,893,1431,942,783,1325,1300,1213,1111,1116,1122,1235,1311,987,950,1419
876,857,1024,831,853,840,1036,907,870,964,782,1026,856,1047,849,820,831,981,907,780,948,956,886,832,862,1038,851,907,785,826,779,1036,854,984,1040,769,967,884,915,848,833,908,1049,843,852,780,860,896,829,975,865,1038,879,837,805,863,776,963
have you been to boston.
1125,770,1053,903,1019,1106,1326,1176,1023,1081,905,893,1144,1013,1067,1332,1044,1086,1321,859,1063,1333,1182,1366
868,851,964,772,1008,812,814,798,1039,980,789,782,976,1042,855,830,1052,968,838,846,847,819,944,932
how much is that.
1145,1332,852,1045,1275,1243,1018,1182,1056,1310,850,1054,1075,1165,775,1070,1370
921,830,791,1025,971,837,951,919,1044,835,844,1057,847,928,880,854,970
i can't hear you.
1295,1050,988,758,1169,1473,1072,1086,1184,940,783,1037,1087,1210,1409,1257,1431
826,1043,949,870,1015,887,837,1038,921,781,863,826,1044,849,860,832,951
i'm looking for the post office.
you're very smart.
1256,1451,1288,1056,1385,1345,1350,1324,1274,1197,1111,1073,1048,1368,1003,1075,1085,1175,921,1077,1381,1315,888,1084,1099,1320,1047,1049,1258,1011,924,1353,1545,1212,1422,1263,1560,1022,919,1065,1088,935,1037,1172,1065,897,1246,804,1009,1102,1390
824,872,977,1054,926,822,827,923,830,984,912,1054,909,839,803,1058,845,908,769,1044,873,856,863,847,1052,825,879,887,833,992,817,973,896,854,838,821,842,838,799,1058,964,806,826,849,1046,859,1011,892,835,830,1010
how do you spell the word seattle.
1026,1237,680,917,777,1272,912,1029,1272,1100,913,696,1344,773,1295,1297,926,935,1036,771,944,682,1284,883,828,933,732,816,613,923,941,1284,776,1303
706,626,593,861,667,615,876,616,611,588,874,695,613,620,678,700,872,659,721,599,882,625,622,637,701,905,703,608,709,665,675,714,579,804
if you need my help, please let me know.
1160,928,952,1051,1269,1108,944,1074,805,806,837,943,1185,1052,947,1070,808,1262,1337,1243,958,1392,1346,837,657,776,844,968,1324,836,1003,1024,1214,825,992,1250,1145,1313,750,1364
630,716,909,655,644,629,904,808,595,588,702,891,796,692,904,746,607,735,654,807,902,619,712,616,708,709,645,889,704,628,658,885,771,611,899,697,805,658,628,793
let's share.
1231,833,966,1411,760,987,767,1080,629,921,794,1328
749,650,659,703,715,948,717,789,752,694,637,841
do you know how to get to the marriott hotel.
it's going to be hot today.
807,1308,964,1089,1312,1150,967,1212,1111,1304,763,980,1091,1282,757,982,993,1302,992,1019,821,994,1011,990,1306,1010,1000,1091,813,990,1211,678,923,922,1218,1308,999,992,1027,1107,1300,1005,831,1310,1346,1538,1213,997,1423,730,987,997,1289,1220,1101,1006,1011,1039,1307,1021,1081,853,1005,1094,1291,1026,1039,1021,1308,886,691,1079,1239
683,680,931,690,669,656,937,740,868,711,665,946,790,712,672,941,712,712,956,784,662,694,923,709,711,937,710,793,644,932,828,752,692,687,721,717,714,707,952,805,716,705,623,781,863,736,703,699,723,711,948,764,713,698,860,766,960,767,713,961,869,656,957,822,720,725,947,718,714,710,759,716,832
how do you know.
1085,1254,758,997,862,1256,993,1053,1257,1119,992,1203,1115,1261,731,1351
798,693,685,981,721,692,975,722,680,690,975,754,847,711,680,851
i'm not ready yet.
my name is john smith.
1196,1478,1188,1002,1086,1258,992,1002,916,830,648,842,1047,957,1067,827,991,1247,1608,1237,1113,1002,1159,673,1212,841,990,1231,758,993,1178,1325,1101,1137,981,764,1213,1261,1013,1119,1318
673,725,855,981,882,711,730,957,714,676,772,762,707,940,727,674,723,885,760,858,725,976,900,763,892,668,973,727,717,972,803,713,796,875,960,722,865,714,716,797,834
excuse me.
what's the exchange rate for dollars.
861,864,926,1127,797,864,986,1190,833,1301,1547,783,1124,667,983,1535,763,1003,1003,1130,842,1005,864,857,931,1124,708,1148,1038,844,1014,949,680,1002,854,1030,962,1318,985,1038,876,1345,1368,1361,682,961,782,1391
658,795,836,763,762,693,958,867,674,858,772,692,807,767,723,746,733,973,743,818,664,946,672,834,871,808,775,889,817,669,961,718,754,724,650,953,769,757,714,950,750,721,814,818,774,711,716,844
that's her book.
where is there a doctor who speaks english.
1037,1118,707,1003,1456,789,1020,1130,859,957,1033,1087,1313,1313,1252,1336,1579,760,1154,859,974,867,1028,1279,789,1038,1027,1100,860,973,873,1029,681,1028,893,1315,962,1031,1318,940,1047,787,1129,1319,1047,831,1397,902,724,1274,825,1039,899,1156,1039,1356,1269,799,1157,1306
733,816,777,737,779,734,975,829,671,713,956,894,741,745,808,907,752,683,776,676,709,647,953,714,721,978,747,825,678,730,679,956,769,967,735,748,864,748,751,721,972,703,849,758,989,757,749,706,805,830,769,1011,704,908,807,837,780,752,844,910
would you like coffee or tea.
716,1243,1116,1259,857,971,1072,1280,1144,944,1280,1207,1217,816,981,934,1300,956,965,827,837,979,1302,934,1003,1007,871,694,1311
727,772,782,844,805,989,751,751,737,989,823,728,846,713,988,876,752,832,845,712,721,986,740,761,992,773,706,807,856
she's pretty.
768,1112,861,1450,822,1011,1407,961,860,1024,1027,1113,1312
757,846,711,775,802,1019,771,770,723,771,787,755,902
what is that.
turn around.
768,1038,660,979,1002,1158,772,987,1013,1088,676,989,1217,1499,999,1158,938,1120,1000,679,935,1329,1167,1167,854,1367
729,844,820,756,982,787,780,1000,785,846,812,758,892,802,767,749,744,908,987,809,760,779,753,891,754,885
the food was delicious.
1023,1144,855,1007,959,1314,1325,836,1007,783,673,783,1000,883,877,1342,1280,954,1295,1371,1220,863,1385
742,831,707,960,809,773,777,755,994,742,814,791,984,796,734,863,785,910,770,772,777,807,874
what should i wear.
834,1159,710,1035,1054,821,1156,1339,1221,1359,923,1044,1291,1045,823,912,739,981,1377
749,853,811,746,975,768,865,789,775,851,807,1012,790,1005,748,737,821,771,903
she's going with me tomorrow.
485,936,582,1270,525,760,773,1163,1083,963,814,788,520,1070,785,943,793,1062,614,783,779,1102,1012,1126,712,718,1129,509,1203
781,844,702,789,845,1030,830,806,781,937,848,1007,730,804,750,884,983,918,721,993,752,772,942,833,771,784,827,743,937
where do you work.
516,926,608,713,604,757,640,1125,792,928,1150,1002,787,541,1132,730,1042,1155
752,903,735,767,731,1007,847,814,1025,831,798,796,1024,771,808,775,855,939
at what time did it happen.
it's far from here.
490,794,830,559,939,501,805,835,789,1006,1021,590,772,650,1033,648,781,1018,818,824,911,505,1152,1154,648,926,1138,1386,1053,801,1322,557,802,779,518,784,820,765,745,1123,1050,816,964,634,762,628,1224
866,791,1016,752,906,853,795,1023,774,823,949,737,1012,855,831,832,1018,825,814,1022,909,847,834,842,760,980,958,863,820,810,860,811,1017,850,850,789,1012,831,768,847,949,1017,919,742,788,750,942
i'm here on business.
1062,1286,1186,863,1026,693,792,687,863,1235,1071,848,920,1099,668,1190,1070,735,655,656,1288
248,275,391,484,353,219,244,205,475,277,387,467,385,288,282,262,428,217,264,271,397
i have to go to the post office.
1191,892,1074,610,937,760,917,915,1256,919,958,1257,935,931,1267,931,934,1062,797,946,1334,1244,745,932,949,1236,914,916,1158,937,794,1325
295,491,371,296,385,220,506,260,314,513,345,312,528,297,314,529,302,378,223,526,313,310,329,291,531,312,341,343,312,449,236,426
that restaurant is not expensive.
940,1093,646,948,951,895,792,724,943,652,1139,884,649,1081,935,975,1202,757,963,1115,1273,957,982,830,810,1362,817,1136,769,1233,991,805,1319
268,355,310,267,508,271,218,281,270,329,306,272,325,437,286,529,296,307,522,445,310,301,538,239,454,330,239,482,333,345,435,246,487
please speak english.
anything else.
1330,1310,846,670,769,885,975,803,1335,876,703,1208,960,842,1121,1003,1293,1212,821,1086,1293,1496,692,1122,1091,1004,1085,1218,1120,1015,990,873,1308,813,881,1371
310,388,239,319,316,239,526,336,333,256,334,393,534,251,453,366,410,342,380,434,473,396,338,475,349,328,435,330,498,383,573,281,418,357,293,510
the roads are slippery.
what did you do last night.
905,1024,765,951,881,1226,646,834,747,948,662,885,791,956,753,1267,1159,1311,1331,818,906,1064,1259,1467,752,1067,699,983,987,842,1190,848,966,1076,1276,1136,966,869,1291,971,1340,724,802,987,994,1113,1207,1013,1086,1019,1273
242,361,196,492,251,311,332,332,311,510,325,268,237,512,311,415,330,331,331,246,278,343,453,370,270,405,357,296,513,308,318,333,519,349,346,334,520,337,329,531,402,348,359,322,541,484,366,388,435,305,478
i'm fine, and you.
i made this cake.
1201,1410,1271,1004,981,1249,1153,843,1251,999,718,1170,891,1007,1160,1354,1195,1319,1538,1234,988,1182,691,888,865,999,1014,1117,1236,817,998,956,706,1231,885,1293
264,363,466,551,346,303,453,254,496,551,352,466,309,558,337,340,316,462,423,299,556,481,363,330,261,547,331,445,348,336,570,432,376,445,277,517
can you speak louder please.
the book is on the table.
956,701,1134,988,1127,1325,1178,997,827,1410,904,756,1298,996,1377,1357,1211,917,897,990,1038,1433,1391,923,755,847,926,1354,1539,1051,1149,895,1039,1101,1334,1344,1280,1037,1272,868,1010,1338,1180,1007,1032,1129,911,1028,1047,763,1115,1352,888,1354
454,357,549,569,386,397,367,577,371,392,309,388,457,587,511,409,406,400,324,347,597,395,495,312,395,405,328,536,465,369,491,293,597,517,404,409,501,615,414,417,597,423,551,596,375,500,303,613,376,403,533,489,299,547
how much does it cost per day.
1146,1332,811,1013,1241,1212,1001,1151,1009,931,1332,936,869,1013,1277,1054,1050,986,1333,887,1048,1049,1413,926,1005,1045,956,789,1160,1344
500,402,324,581,534,407,502,503,600,412,406,333,416,606,427,385,614,491,419,427,407,614,438,334,375,608,429,426,413,519
that's a good school.
1016,1140,749,1036,1455,844,1027,751,1022,1073,1339,1352,942,1026,869,1013,1181,1367,1363,960,1381
323,442,401,375,407,396,598,393,596,447,374,374,409,609,408,544,475,407,415,408,544
what's the name of the company you work for.
843,1154,780,1044,1502,865,1036,1054,1169,910,1045,1167,785,1267,919,1044,1348,1021,1054,1069,1154,925,1050,1014,1356,1298,1422,790,1216,1171,1046,1171,1381,1236,1051,871,1390,1033,1318,1055,1055,1369,1037,1376
330,429,407,373,419,395,603,401,493,332,615,560,418,567,331,607,434,454,619,410,515,332,625,516,429,555,436,421,588,460,617,463,444,434,625,360,422,393,522,631,465,440,395,564
i've already seen it.
1244,1514,1097,941,1047,801,1411,1022,928,778,956,1167,1045,885,956,956,1185,1049,1297,1078,1354
375,418,543,351,631,433,486,379,330,428,435,414,628,417,367,368,579,631,428,412,558
pick up your clothes.
1377,1180,941,1230,919,1137,1393,950,1128,1339,1184,938,979,949,1339,1329,1008,1098,878,814,1343
398,352,452,458,528,370,365,545,380,385,365,322,562,437,444,356,347,436,289,338,498
is it ready.
are you going to take a plane or train.
1269,821,971,1257,1019,1006,977,883,737,911,1132,1310,1521,742,986,886,1018,1166,1368,1219,994,1044,1359,1288,1160,1072,1018,1039,1345,1027,1044,775,1277,913,1040,768,1032,1426,1428,802,1201,931,1030,1368,1002,1049,1055,990,756,1313,1194,1372
299,341,548,303,351,582,329,276,360,409,342,492,387,354,338,280,567,390,372,351,546,403,379,321,487,419,582,349,375,589,361,357,453,275,593,362,592,402,466,394,555,307,591,390,346,597,355,329,381,344,485,501
do you know how to get to the marriott hotel.
753,1216,899,1027,1228,1079,898,1152,1051,1224,665,893,1025,1229,671,910,894,1224,901,935,756,909,921,1141,913,920,931,1000,771,918,1112,612,846,835,1148,1240,907,900,915,1033,1230,900,736,1250,1270
319,340,537,339,318,302,552,377,475,327,281,539,415,314,276,547,318,328,559,394,272,318,548,308,320,550,329,436,239,549,485,353,305,302,347,351,329,329,542,449,364,322,242,436,528
i don't know how to use it.
how many people do you have in your family.
1165,857,747,1204,1032,1332,858,883,1174,1096,1256,644,861,1049,1242,656,874,868,1232,881,1074,684,738,856,1131,868,1227,1415,1005,1205,666,892,1104,580,1025,986,863,1292,743,1206,1299,1286,752,873,786,1236,883,1033,1232,1092,868,1059,640,934,775,863,1145,1064,874,1026,1236,1084,847,892,883,619,1122,1152,1255,1037,1253
353,580,395,390,537,451,333,588,465,559,404,331,585,521,415,325,598,371,421,611,443,497,347,598,434,384,579,480,509,416,353,645,568,431,588,450,626,444,352,421,414,519,352,625,467,435,633,458,448,442,627,507,440,548,370,627,430,566,636,449,439,431,417,644,465,433,581,407,517,443,545
let's share.
what did you do yesterday.
1299,757,888,1382,713,878,717,1027,625,867,765,1251,1465,699,1052,631,897,912,821,1176,804,888,1046,1247,1107,911,810,1251,891,1054,792,740,913,790,866,806,626,1065,1227
473,348,373,425,433,601,417,505,415,381,327,602,467,357,512,436,402,630,453,429,448,628,449,437,430,645,432,406,628,500,357,421,406,358,387,427,419,426,538
what do you think.
waitress.
663,1007,586,864,894,770,1205,858,1026,1220,1076,863,900,999,1118,1002,1155,1185,1432,694,622,1102,911,835,736,685,696,1232
208,374,313,246,483,299,312,491,323,303,309,497,307,378,278,449,343,463,327,286,347,342,323,300,249,298,321,471
your house is very nice.
nothing else.
1049,1259,1110,805,872,1024,1251,1100,713,774,881,1167,712,872,935,783,858,1033,910,1066,1170,869,766,1191,1451,1056,1244,895,1016,1149,1064,942,922,778,1224,728,790,1334
314,315,294,258,491,390,320,298,338,269,510,286,326,517,421,280,295,336,523,466,297,390,241,494,368,493,343,309,429,308,485,378,553,254,420,367,275,482
when does the bus leave.
714,1055,789,1071,899,821,1242,804,735,907,920,1045,771,899,994,1113,766,902,1274,813,655,935,793,1363
291,400,255,491,530,338,354,260,333,541,335,428,259,549,481,357,371,552,434,290,358,478,275,515
i like italian food.
1151,881,1267,1157,1226,743,881,1142,901,626,1291,1146,625,1039,881,864,1228,1232,795,1216
270,500,380,283,396,226,500,287,309,335,392,300,342,484,512,343,321,332,302,449
where are the t shirts.
688,1007,727,826,742,894,574,837,727,888,876,1006,725,905,882,893,697,1041,1118,821,900,689,1306
248,373,225,270,229,518,314,282,225,512,291,414,223,518,291,519,300,399,314,257,275,324,457
what's the exchange rate for dollars.
703,1052,627,909,1410,734,915,929,1030,767,928,789,784,874,1057,636,1096,966,791,925,873,639,941,781,938,904,1247,874,945,827,1249,1305,1322,666,895,733,1405
237,381,345,282,333,339,521,284,400,226,512,226,415,425,400,323,485,368,231,524,278,318,296,219,529,343,339,276,525,321,323,403,404,328,294,343,465
is everything ok.
1160,730,904,780,969,798,870,1056,936,1055,1190,1088,978,942,1277,1204,1300
236,295,513,222,413,232,269,315,287,418,273,486,349,534,298,406,487
when do you start work.
who's calling.
686,1013,766,1038,897,798,1204,914,1039,1216,1086,898,707,934,631,833,902,916,701,1235,847,1124,1238,1395,688,1039,767,1431,735,900,866,613,1313,1322,1180,1072,938,1295
169,351,147,439,452,269,282,474,295,292,271,460,294,254,291,224,236,465,213,263,218,330,422,320,214,357,196,316,331,492,364,287,348,361,278,448,316,419
how much is this.
924,1116,512,738,1033,999,724,938,740,1060,562,727,744,924,1040,557,1131
397,311,251,515,461,338,459,425,550,312,369,541,328,437,314,349,470
he's coming soon.
911,600,1319,569,725,693,1141,1073,1082,982,808,761,605,1139,1153,997,1182
395,271,326,411,549,453,314,481,330,505,392,571,372,318,320,501,474
it's 17 dollars.
1032,742,1278,515,747,392,1064,707,618,1207,1220,1217,454,675,527,1236
545,582,562,659,847,503,441,771,612,500,590,613,661,563,618,709
that's not enough.
745,966,446,724,1322,523,757,1029,1195,741,764,581,1014,1169,1013,771,951,1189
557,616,661,564,582,629,835,750,588,561,787,539,746,627,579,673,683,718
what time is it.
you're very smart.
550,987,508,765,805,765,1078,1108,608,789,1117,586,781,1126,789,1188,1404,980,1215,1051,1399,741,626,807,819,638,730,972,791,602,1134,506,719,1160,1285
578,668,687,607,843,606,603,755,563,845,591,665,861,600,615,719,645,606,606,582,583,638,570,863,782,588,609,616,847,665,750,697,599,663,730
can you swim.
716,507,1030,785,979,1175,1034,812,597,584,1122,1107,1248
733,671,820,863,639,617,602,876,671,613,616,757,779
where did you learn english.
554,955,625,726,609,784,649,1084,638,797,975,1186,1047,791,1172,632,509,729,1014,799,623,1028,808,1227,1119,604,994,1204
616,711,579,614,569,833,651,645,631,861,654,622,610,852,695,589,692,616,779,851,588,785,685,705,639,679,718,753
i'm here on business.
1037,1313,1122,783,964,640,737,622,789,1152,1002,779,861,1027,602,1117,1006,655,572,571,1208
599,665,769,881,728,617,634,595,847,625,783,864,792,656,684,618,795,588,654,663,789
where's the post office.
550,947,625,733,599,1301,573,774,795,958,623,790,1248,1183,579,801,829,1197,731,752,1112,745,625,1246
631,729,600,640,589,683,699,865,641,735,591,865,661,631,676,655,865,640,677,692,638,790,612,780
what does your father do for work.
561,980,499,779,813,663,1165,648,598,821,965,1154,1011,731,830,757,521,806,965,615,746,820,666,1175,798,730,1114,707,806,539,1141,709,1057,1161
621,757,712,651,858,672,691,579,659,877,707,677,670,641,886,712,727,670,751,600,645,879,708,665,890,697,665,640,871,655,678,636,756,833
take it outside.
769,499,1056,603,791,1063,767,821,1168,1024,776,585,1105,677,627,1217
673,747,769,644,901,690,651,880,697,691,675,722,677,732,646,855
i don't have any money.
1033,695,592,1125,971,1352,758,789,1039,498,786,595,757,445,1056,990,761,1148,1229,1064,611,1027,1249
608,890,719,635,779,620,597,847,713,728,782,601,858,707,831,671,881,811,638,789,607,577,777
my watch has been stolen.
1075,942,756,542,479,765,727,951,755,981,480,571,757,852,617,617,983,567,547,759,1160,1188,606,1004,1179
806,635,867,620,723,621,779,716,872,703,712,672,883,808,599,599,809,676,694,637,616,712,601,833,826
good luck.
i'm just looking.
785,1159,1144,617,769,1185,1041,732,1072,1185,1381,1080,1398,1103,769,1067,1066,563,803,819,1222,1191,1192,1152,1118,1032,836,1254
699,619,644,648,896,721,610,789,710,789,696,654,667,774,904,713,618,677,659,878,701,607,604,707,596,785,722,789
i'm not going.
997,1265,1060,745,979,1146,780,814,810,1161,1057,979,810,1219
559,610,752,871,784,638,640,846,699,613,577,751,698,738
how many people are there in new york.
982,1135,541,770,1092,483,1006,921,768,1249,638,1170,1286,1248,636,784,501,771,631,802,814,976,641,759,635,816,1116,1019,821,1039,675,571,822,1023,1222,741,1171,1293
712,632,639,890,760,699,814,666,889,611,630,597,607,718,612,887,715,677,614,887,691,731,618,658,618,893,641,793,898,801,618,628,898,664,627,658,708,768
what's the date.
576,964,508,816,1339,581,809,805,961,639,821,676,493,791,642,1267
654,719,725,675,661,679,904,687,742,613,898,673,729,671,615,774
may i speak to mrs. smith please.
how do you spell it.
1129,493,962,805,1127,814,569,1266,646,508,1182,817,820,1227,1137,1052,746,584,1220,809,587,1105,1149,824,990,807,1229,1232,659,518,604,663,1285,1434,1005,1196,588,815,680,1222,800,1001,1223,1079,808,622,1312,690,1231,1235,814,1154,841,1259
811,727,693,914,635,921,695,638,610,739,693,927,692,656,810,846,657,693,827,928,699,838,691,686,766,903,654,743,637,750,727,635,828,653,730,645,654,909,724,644,922,658,645,632,918,741,618,660,727,735,927,656,697,793
how far is it to chicago.
1027,1238,580,817,788,548,762,828,1151,594,812,1144,821,826,807,1222,810,769,1001,1133,768,539,843,1019,1185
770,700,670,935,752,772,695,916,673,702,925,670,696,905,684,683,902,810,770,673,829,780,771,690,798
on the right.
how about saturday.
1191,1039,811,834,980,674,836,756,1095,842,974,832,1161,1408,986,1204,613,826,520,884,1193,1044,827,836,614,529,849,1046,754,676,521,963,1120
705,866,945,713,786,640,931,696,692,759,780,673,828,704,811,730,701,942,771,851,743,716,729,943,761,771,725,728,693,757,790,685,825
i live in california.
i'd like the number for the hilton hotel please.
994,684,1160,1000,773,558,691,1005,923,710,657,433,1189,1016,699,1104,659,956,1035,436,1123,1336,985,1308,638,733,1181,1066,1120,612,757,792,924,632,769,943,957,1032,833,619,709,771,734,1146,700,800,812,956,634,768,972,1060,1216,791,1160,1001,770,968,1170,791,628,1192,811,1292,1244,670,500,580,632,1239
658,935,770,658,882,670,920,658,865,945,853,770,779,680,790,691,692,873,698,790,871,729,657,636,742,943,789,637,771,690,936,721,758,678,938,850,691,808,870,697,715,929,769,675,688,963,751,786,681,945,789,665,742,716,676,817,945,759,670,719,664,783,964,695,788,689,776,762,662,873
would you like to rent a movie.
550,1133,994,1195,670,789,961,1180,1027,795,1200,1122,1152,637,796,809,1202,809,745,623,1031,813,834,492,818,1109,1140,835,1126,664,1252
690,726,703,766,726,960,703,703,690,964,772,667,761,674,976,730,715,963,728,676,881,737,955,775,965,855,690,883,683,690,828
i don't speak english very well.
1033,798,654,1139,962,1272,794,803,595,1213,675,523,1121,784,673,1001,826,1209,1126,614,999,808,834,659,752,990,781,557,655,1219,1208,1217
677,980,735,686,823,738,716,942,767,702,697,788,776,958,695,855,791,778,710,771,798,980,871,708,747,732,956,713,692,760,772,856
where did it happen.
have a good trip.
557,938,632,751,631,807,682,1074,679,792,1073,778,810,969,496,1203,1190,626,973,1186,1414,998,512,811,654,794,479,784,796,1167,1162,690,778,807,723,1091,1278,1307
721,807,691,737,675,970,748,705,764,975,696,734,966,799,788,718,726,684,869,851,722,784,806,845,711,967,797,959,780,705,710,783,976,755,731,710,716,831
he thinks we don't want to go.
973,622,809,768,954,1086,946,1095,567,796,551,664,806,682,1168,979,1282,815,791,554,476,993,788,798,787,1131,796,812,1129,1128
808,689,980,733,827,707,870,752,779,995,725,700,982,794,715,869,752,731,960,702,770,905,731,945,734,712,948,771,707,853
please count this for me.
1126,1139,591,429,537,587,741,667,1153,1003,977,748,765,753,960,1096,512,761,712,1164,677,749,1083,567,1258
551,669,572,677,720,615,866,760,601,568,712,633,866,632,672,567,647,881,684,596,602,837,744,565,767
i don't have any money.
1043,722,620,1154,982,1341,746,788,991,485,797,618,762,452,1020,961,750,1107,1197,1027,610,1000,1172
582,879,655,590,732,607,618,850,673,678,753,591,844,680,755,621,867,738,600,732,590,569,703
i still have a lot to do.
1083,767,565,768,1067,1190,1198,762,1002,470,806,620,772,458,770,1202,1186,790,806,788,1177,832,666,1221,1320
586,872,671,629,582,659,678,862,681,694,771,595,852,696,860,699,622,639,863,621,601,870,670,570,748
please call me.
1220,1190,648,489,582,649,791,725,503,1206,1227,782,1097,621,1259
574,657,571,675,683,627,867,730,673,667,657,875,751,577,761
she's pretty.
574,982,650,1312,604,777,1310,731,634,781,780,979,1188
664,697,592,584,681,874,611,633,587,632,636,595,743
what does this word mean.
542,986,472,776,837,646,1135,647,575,770,776,962,1079,577,791,558,1170,728,668,784,1089,647,491,1006,1219
610,673,694,630,864,639,624,576,660,853,629,708,601,658,866,620,639,618,654,873,753,596,693,788,753
