i'll pay.
do you know how to cook.
1017,1532,1305,1306,932,1373,348,845,1315,1501,571,1193,966,799,1225,1038,941,1166,964,1259,455,979,905,1311,476,991,753,1279,929,674,1259,1260,1178,1351
435,592,601,607,904,517,703,527,759,572,608,511,877,594,485,520,875,625,755,536,546,908,665,524,690,910,598,515,909,765,474,471,648,798
how do you pronounce that.
919,1362,460,996,583,1315,998,829,1324,1074,974,1394,698,1304,1003,1346,1111,1050,700,559,975,776,1012,436,809,1394
642,445,541,929,653,465,917,590,465,501,872,501,563,487,733,483,542,759,740,548,911,567,610,667,560,755
don't do that.
would you like to buy this.
587,1246,983,1467,791,1081,616,1322,1053,803,1054,807,1409,1496,500,470,1235,1059,1351,614,1026,885,1294,1099,997,1401,1267,1251,584,1042,828,1328,1034,903,1131,980,998,855,1054,1251,566,1405
590,449,755,598,565,909,664,475,897,560,642,584,765,618,580,505,483,500,647,614,903,528,461,496,873,642,479,642,506,908,553,488,879,804,481,486,872,563,601,474,650,732
be careful driving.
851,617,1034,725,446,744,625,786,1088,1363,1032,655,763,1213,832,1222,1066,896,1472
861,531,933,838,707,567,551,728,548,641,911,666,602,499,828,506,778,674,739
that smells bad.
can you show me.
808,992,445,804,978,538,1138,641,1341,1344,580,1045,884,452,656,1380,1568,734,452,1053,1022,888,1281,1085,993,561,1012,1323,542,1022,1168,659,1405
536,602,653,548,926,610,756,515,674,660,663,947,811,722,608,793,578,767,694,775,943,585,513,548,938,647,698,581,557,946,755,519,795
he studies at boston university.
970,592,1010,573,842,1081,670,1205,660,590,1087,501,848,1051,856,1267,560,841,1327,1025,1012,1069,1016,1222,794,600,743,564,1232,820,1013,1435
654,523,944,664,578,565,650,563,537,655,953,700,597,928,823,532,695,596,529,756,953,474,768,501,781,508,540,617,490,539,487,759
has your brother been to california.
i'd like to exchange this for dollars.
919,390,527,951,845,1288,1060,713,989,870,732,1263,827,988,618,751,977,863,638,649,1010,997,861,1271,1021,770,415,1322,1171,749,1263,723,1008,1143,440,1336,1522,1091,1485,640,1018,1325,1198,1225,587,1032,822,1282,1015,598,581,715,1017,446,1046,812,648,1009,809,985,1232,563,996,798,1303,749,1005,587,1219,1318,1319,433,727,518,1443
623,677,656,916,574,489,511,588,910,833,593,519,582,672,559,582,964,864,535,521,794,974,602,498,952,759,665,626,533,677,535,577,807,557,697,790,605,500,618,660,898,620,564,659,565,899,624,559,903,576,847,838,661,712,779,711,566,948,592,653,519,635,918,683,514,581,908,602,489,642,651,692,551,633,778
how much will it cost.
938,1242,475,956,1091,1042,680,928,911,476,1130,1296,1282,946,1141,751,935,667,1187,533,806,1382
655,501,521,935,733,563,783,717,984,569,578,697,700,957,577,596,965,807,593,681,597,810
the book is next to the table.
745,940,569,934,812,1240,1235,1170,988,1155,524,982,992,619,593,829,983,831,1298,1013,824,1008,631,992,840,437,892,1359,649,1373
519,648,474,937,805,538,538,663,950,576,607,983,802,522,790,582,975,563,512,958,580,671,498,991,561,657,764,669,488,815
what does this say.
482,961,384,758,983,597,1224,573,509,1039,767,1012,1192,560,1014,566,484,959,1363
476,570,583,506,849,525,477,457,544,820,491,610,496,560,880,575,627,508,691
where would you like to meet.
459,946,551,686,572,947,494,1203,1010,1289,624,962,859,1236,1014,947,1325,1162,1200,602,987,838,1283,1002,1153,613,525,627,832
481,599,445,476,436,864,470,480,512,603,525,870,504,492,501,856,620,491,610,457,875,520,464,904,713,456,483,470,503
it's far from here.
1056,786,1467,539,1023,747,430,742,1018,767,754,1279,1167,1031,988,606,732,625,1368
482,498,614,585,877,604,663,521,896,666,558,511,715,909,665,491,508,479,777
can you give me an example.
will you pass me the salt please.
703,395,1024,1016,880,1242,1057,997,841,1162,831,683,990,1152,650,1015,493,1038,1012,661,655,457,1138,1375,1369,646,1358,1589,510,1143,1309,1310,1003,852,1289,1096,1014,1361,602,617,583,1016,1187,661,1065,881,1060,677,1039,642,530,1417,881,1074,1435,1411,713,550,644,723,1459
785,752,804,974,547,498,520,934,675,524,831,521,968,760,514,972,678,807,984,521,815,742,791,551,695,537,811,657,471,476,577,580,913,521,469,484,897,502,582,597,596,909,733,451,932,522,663,448,935,612,653,666,550,926,530,682,499,625,618,516,761
take me downtown.
698,368,1203,535,982,1130,563,997,645,1236,503,1025,807,1247,496,1011,1311
535,691,599,463,895,792,478,971,649,537,551,832,561,538,529,834,798
can you fix this.
660,364,1014,1016,832,1297,1089,1020,759,1190,596,998,800,1021,1198,543,1418
778,712,825,979,564,513,550,898,673,531,772,919,546,648,546,655,778
here's my number.
i'm not busy.
951,572,698,591,1505,529,1011,1249,916,1000,1017,1062,1171,828,605,726,1369,1556,1136,1465,1202,1010,1037,1304,831,1000,876,1090,536,946,1318
666,505,533,497,641,628,925,766,537,932,775,578,784,807,526,551,783,628,539,663,787,930,764,557,534,944,828,581,673,531,808
do you hear that.
no, this is the first time.
687,1295,1054,916,1333,1129,1031,1047,659,503,792,1067,888,1080,516,886,1439,1532,1069,1354,1261,1064,865,1046,1205,598,1031,1190,614,1059,800,976,609,998,756,1150,742,578,826,1012,835,1135,1110,648,1325
625,488,881,575,459,487,872,644,517,640,539,906,568,629,665,543,741,606,727,421,710,900,532,618,516,647,909,527,646,907,464,631,430,870,665,483,536,626,506,860,513,450,701,462,734
it's august 25th.
1091,788,1440,541,1012,457,1052,842,1068,587,835,1016,452,768,826,945,1388
445,463,617,585,895,664,515,622,510,602,517,925,364,348,586,634,793
on the left.
1238,1077,1037,826,1015,632,1022,1399,655,806,861,1408
484,790,939,539,634,483,906,635,487,627,532,746
we're late.
508,593,1518,694,581,1074,1406,490,804,628,1455
526,489,617,509,464,918,626,693,561,515,816
sorry, we only accept cash.
521,1288,672,693,909,1153,1002,500,603,995,1275,1026,1341,970,984,439,738,736,622,1410,832,1017,688,399,543,924,1413
643,521,517,524,524,771,978,560,510,948,538,807,718,585,860,615,790,815,509,467,524,918,827,744,697,682,788
that looks great.
i bought a shirt yesterday.
786,943,445,798,955,1332,1285,1290,1198,493,982,775,666,572,403,748,1378,1508,1085,976,843,1233,1057,843,993,805,956,448,956,570,973,1130,732,809,999,906,672,584,841,657,772,708,497,919,1416
514,610,645,537,909,625,512,511,637,641,923,657,540,502,638,537,792,606,533,933,828,533,548,718,699,598,949,704,930,657,673,555,584,575,955,596,521,658,596,543,560,637,674,540,774
is your father home.
1114,469,985,863,1264,1021,714,972,708,386,775,993,585,694,1000,954,1274,1157,574,1382
519,637,936,581,521,548,590,962,665,704,579,678,540,569,961,723,561,831,560,815
did you get my email.
621,1149,642,998,870,1256,1074,999,809,582,829,994,1241,946,979,593,1173,456,1191,1329,1395
695,560,690,914,539,492,535,918,641,524,535,893,731,548,904,526,783,705,555,644,801
i haven't had lunch yet.
1206,1025,986,405,784,575,1032,1477,790,980,979,453,643,981,1350,1114,1047,689,965,977,821,618,821,1325
397,925,647,704,795,513,813,625,567,966,694,694,602,954,663,557,806,798,683,957,550,490,537,790
i don't want it.
1183,997,595,1293,1031,1398,767,1055,498,429,1039,768,1043,1169,781,1339
443,889,584,459,760,594,554,890,527,647,757,541,910,535,560,775
my throat is sore.
where did you learn english.
1158,917,997,812,1001,712,1293,414,778,1013,1163,502,986,477,1295,693,568,1411,1536,463,945,539,668,559,948,628,1140,619,989,865,1218,1030,953,1372,607,446,713,1026,986,605,1033,819,1332,1170,531,996,1347
763,554,954,579,691,559,551,688,561,935,559,636,949,666,465,556,503,771,592,572,621,469,505,451,873,583,485,569,871,510,481,507,841,603,498,622,519,729,930,503,716,642,638,561,627,660,756
would you like to buy this.
457,1274,1074,1400,626,1034,910,1333,1092,1043,1408,1250,1271,602,1073,829,1338,1087,892,1122,986,1017,800,1033,1224,527,1378
500,445,485,614,618,916,553,488,522,867,649,512,645,526,914,570,487,879,858,519,502,879,554,637,526,661,754
are you busy.
358,662,518,1016,884,1344,1113,1043,926,1144,517,978,1399
713,571,543,875,558,491,493,900,838,540,692,534,770
across from the post office.
433,715,710,1339,553,558,1048,760,693,1245,1167,1056,799,1011,595,1007,1417,1340,558,814,1044,1261,719,732,1174,708,591,1327
714,843,588,513,667,667,869,684,507,499,765,935,545,659,498,915,530,562,636,534,919,461,655,661,467,808,553,759
how long have you lived here.
it's more than 5 dollars.
959,1246,478,981,1378,1298,1045,852,984,928,414,841,605,993,824,1252,1073,993,1389,1207,834,612,668,993,1012,609,733,620,1432,1571,1153,782,1507,572,1039,1153,1343,731,618,1041,838,1042,486,1074,1054,787,1001,598,1265,1346,1334,421,694,539,1407
662,487,568,975,674,561,821,715,960,684,734,832,550,989,516,489,512,944,652,539,860,543,689,917,700,533,563,520,847,620,513,563,684,684,964,766,513,536,482,918,561,679,683,870,999,435,935,695,593,714,718,752,619,699,865
how's business.
have you done this before.
930,1333,429,1524,484,1015,865,1062,474,1194,1069,553,515,512,1345,1532,959,350,710,521,1002,841,1298,1087,1059,620,1280,1043,573,1031,798,997,1150,531,1001,849,593,747,1271,709,609,1356
659,509,519,677,692,962,872,599,725,576,870,590,722,732,839,655,679,756,837,569,957,596,561,571,857,687,551,867,551,957,615,717,602,683,968,851,569,713,584,587,562,856
have you finished studying.
have a good trip.
951,381,836,607,1053,891,1371,1159,1055,767,1291,1092,1298,566,1043,647,691,1062,599,844,1118,700,1007,1320,1072,899,1453,1594,1043,441,818,661,1043,464,1036,795,1384,653,658,1034,864,763,1442,1397,1829
715,734,862,629,1009,626,540,546,1006,755,588,850,593,744,757,604,744,1041,752,644,603,746,599,539,882,768,838,674,695,764,894,600,991,770,1002,764,545,702,700,988,659,625,564,857,583
where is he from.
where's the mail box.
319,941,510,635,504,942,1223,435,1001,843,531,923,723,682,1251,1115,1378,1550,447,956,534,655,545,1502,479,994,752,1023,572,993,1147,431,1191,1325,1048,848,1268,1456,1493
524,665,543,554,530,971,547,683,1003,771,607,1017,778,652,613,894,886,716,631,747,598,626,597,716,721,989,615,734,567,1004,853,730,666,767,1016,865,666,913,945
what's up.
i think it's very good.
460,975,409,789,1528,504,1021,1077,1399,1456,1589,1211,1062,821,1056,1297,1072,1305,1058,1224,798,1524,510,1050,759,576,698,933,984,812,1325,1325,607,1469
530,674,683,567,677,663,963,597,563,921,682,572,964,578,687,596,866,710,981,594,576,730,663,976,848,542,567,594,951,736,561,563,650,850
yes, really.
897,619,509,1275,1057,690,563,420,1380,1379,1001,1421
531,488,657,862,1010,557,515,710,699,698,596,837
for how many nights.
would you like to watch tv.
727,1244,685,1040,973,1279,532,1047,1147,453,1034,927,1015,1039,1209,828,984,791,544,1363,1588,499,1241,1061,1370,631,1042,884,1302,1065,1009,1291,1144,1212,610,993,819,1262,1004,536,470,805,691,988,1023,830,811,1415
758,676,703,1039,794,701,718,1051,929,817,945,785,1031,929,701,796,842,725,796,932,771,687,701,721,814,776,1058,699,676,711,1052,795,718,798,699,1028,724,734,1071,736,849,721,919,851,1068,720,917,927
there's a restaurant over there, but i don't think it's very good.
786,962,605,714,610,1474,524,1016,438,1033,729,645,571,833,485,1071,792,497,1031,834,1034,1324,824,618,740,1024,853,1032,637,753,668,1314,1064,920,1083,869,1002,1276,1033,682,1377,1078,1548,863,1066,846,1059,1306,1091,1299,1061,1248,843,1588,609,1082,842,671,772,996,1053,888,1349,1364,689,1441
668,768,652,680,652,759,762,1036,831,1054,706,658,783,713,793,706,691,809,908,703,1035,656,916,674,694,1049,701,801,656,687,649,935,1063,892,719,695,1012,642,1017,727,674,895,789,675,1018,668,766,673,892,770,1039,672,666,807,750,1034,885,642,658,687,998,796,656,640,774,911
i don't care.
go straight ahead.
1143,997,582,1270,1038,1451,824,992,642,340,664,558,1441,1614,812,1309,1015,504,841,696,386,1226,828,1015,837,1043,393,994,624,442,663,1453
416,916,544,449,808,615,514,928,786,690,512,464,841,584,693,500,973,649,554,531,660,540,680,688,569,973,681,693,518,685,637,908
no, thank you.
1012,1400,965,981,809,986,368,1006,1236,1001,907,1291,1061,1434
879,517,938,1048,591,727,731,906,728,1031,554,544,586,908
open the door.
1280,1480,578,1117,1024,818,1025,600,1001,666,1342,1339,730,1422
477,450,482,816,959,534,650,480,960,690,504,513,524,853
how long have you lived here.
989,1354,461,1046,1411,1340,1089,893,1009,1001,440,862,656,1012,957,1076,1083,984,1431,1258,851,652,723,1024,1037,649,776,664,1437
695,538,578,1004,699,540,846,710,999,734,725,828,545,1010,613,582,620,1014,733,614,827,553,685,996,732,553,597,545,896
i'm going to bed.
1170,1525,1271,1083,882,1336,1222,1099,914,1036,886,1358,1069,968,662,708,1452
521,647,876,997,730,576,559,879,752,1014,591,546,1019,897,553,681,872
can you throw that away for me.
729,432,1061,1038,918,1315,1063,992,887,1043,754,1326,560,1046,886,1059,497,868,1043,428,549,472,882,987,790,1303,775,1024,1201,655,1415
884,814,881,1031,623,559,596,979,619,707,598,574,568,1002,614,728,710,595,919,707,571,696,540,975,687,545,554,935,780,498,847
my house is close to the bank.
1198,946,1001,1028,1379,1136,580,659,1033,1259,560,1040,750,1382,1365,560,637,1041,869,1364,1036,889,1091,649,1055,939,481,1107,1280,1423
827,587,1038,776,626,622,721,588,975,612,698,994,833,743,588,720,598,1001,607,589,993,621,699,552,990,854,750,848,729,863
across from the post office.
340,658,663,1355,475,490,1021,698,687,1364,1227,979,824,995,573,958,1379,1262,501,801,982,1291,716,726,1188,686,567,1375
716,868,583,523,680,679,956,728,610,527,813,935,529,628,467,924,517,530,611,520,913,522,662,661,520,794,518,799
i need another key.
1190,1012,1062,617,643,662,998,458,1029,1325,848,984,630,762,966,1267,612,936,1414
474,982,806,639,570,657,1010,720,843,599,592,756,555,597,1002,689,546,601,853
what kind of music do you like.
when did this happen.
489,939,428,804,947,1185,1149,1011,619,959,1270,748,964,1116,1022,550,1203,750,978,642,1317,981,868,1306,1062,976,1359,1192,1252,618,1378,1616,487,1009,608,1048,1005,666,1201,663,1001,826,1023,1195,583,1001,994,479,1423,1416,642,1061,1452
499,680,681,556,964,662,576,855,620,982,536,676,997,816,610,675,596,826,1018,650,558,969,597,558,579,941,681,582,674,543,805,696,587,675,564,803,963,676,578,657,964,610,721,603,676,970,724,724,594,595,580,875,824
good evening sir.
these books are ours.
862,1291,1306,635,1025,619,832,643,1048,1193,1066,884,1022,573,1205,763,1378,1561,842,1031,636,605,687,1024,881,1372,1360,1305,586,1058,496,785,1077,1034,1346,1151,769,611,1477
681,512,518,632,952,545,843,558,811,539,824,703,985,676,563,607,806,654,584,700,544,653,533,954,848,539,545,661,666,982,723,618,969,948,518,576,593,644,841
he never gives me anything.
1025,630,1013,1100,633,837,644,749,1043,821,1274,870,642,615,1041,1267,708,1026,512,1089,1015,892,1036,1276,1077,903,1463
714,589,1004,874,577,925,602,617,1038,767,603,902,605,759,1021,831,601,1031,789,831,615,650,755,620,863,773,871
your house is very nice.
866,1318,1144,781,1042,1050,1359,1136,562,657,1038,1258,564,1034,828,655,763,996,989,1063,1246,739,631,1407
583,522,534,558,977,710,573,552,753,589,1031,568,738,1007,902,611,615,556,1046,834,557,885,571,899
what's the name of the company you work for.
are you going to take a plane or train.
444,967,418,795,1584,517,1014,825,1006,1008,1006,1054,444,1203,649,1004,1318,788,1038,871,687,1025,792,747,1290,1196,1472,515,1096,995,1020,980,1352,1132,963,472,1305,724,1191,1036,772,1316,731,1405,1556,422,751,610,1011,901,1342,1119,1021,876,1353,1236,1110,909,1029,871,1382,1056,876,514,1358,697,1082,539,1100,1464,1453,506,1131,694,1095,1424,800,1098,917,839,556,1301,1147,1499
593,714,752,622,673,719,991,620,705,993,960,853,720,852,563,980,510,716,969,599,548,983,837,844,544,847,548,699,867,562,995,607,580,572,934,567,550,607,714,985,783,596,619,867,660,753,637,566,963,645,585,607,975,762,602,603,870,767,982,646,545,985,655,769,689,595,968,770,958,570,722,730,857,576,968,576,623,975,613,596,716,617,846,858
what's the matter.
447,1032,410,805,1550,535,1032,839,1058,619,1016,1208,452,850,862,636,762,1530
530,700,717,582,672,673,986,591,704,534,969,838,693,580,582,524,536,904
what did you do yesterday.
523,1005,434,821,989,676,1247,679,1032,934,1335,1121,1012,697,1369,1055,944,726,581,878,673,803,708,499,949,1494
518,711,659,578,978,654,556,640,975,579,562,582,951,649,550,952,575,498,630,555,509,537,635,702,572,845
do you have enough money.
579,1307,1069,813,1355,1169,1071,1000,414,802,603,1030,587,1074,1372,1132,864,1048,1027,1217,1366,1116,612,978,1503
660,546,967,589,555,582,986,746,754,848,561,995,568,863,569,561,770,747,1014,846,579,880,599,593,878
there are some apples in the refrigerator.
791,1005,614,742,630,1013,425,746,631,1017,575,1348,1195,654,1052,492,1442,1476,1431,678,605,1069,1303,1107,1074,861,1078,672,1044,783,692,813,807,1273,910,720,845,541,934,1387,856,1509
605,728,565,610,565,1010,726,631,565,1004,673,580,864,543,1003,740,614,616,768,575,700,976,588,814,984,623,720,564,994,595,539,706,604,582,720,572,601,713,636,580,607,907
i'm coming to pick you up.
1185,1544,1291,1093,703,1366,1241,1259,1117,850,1063,873,1345,1080,1494,1262,761,1277,1067,965,1379,1160,1047,1210,1509,1543
509,683,845,963,866,557,876,567,881,765,1009,642,577,996,588,604,875,711,1011,630,566,567,979,599,574,866
is the bank far.
1235,527,1098,880,1056,672,1061,926,473,1081,1296,1060,805,506,797,1463
523,673,999,633,712,563,991,862,765,858,710,1011,736,741,628,850
a long time ago.
455,1038,1502,1430,1142,877,1073,868,1314,1294,705,1110,512,908,1397,1498
703,954,703,540,830,712,933,597,517,839,520,929,702,690,534,861
how long is it.
1064,1400,584,1064,1450,1430,1146,904,1078,1303,627,1083,1304,909,1481
736,556,559,986,697,572,814,693,988,573,662,987,560,592,850
i'm getting ready to go out.
1137,1498,1247,1093,827,626,839,842,1263,1151,885,1054,722,601,489,681,966,1049,881,1364,1081,916,1394,1094,1408,1190,905,1548
487,619,824,940,700,525,556,559,529,830,711,970,593,544,725,645,552,984,572,539,958,710,532,954,529,559,583,845
take this medicine.
762,413,1278,642,1079,858,1102,1264,557,1009,1221,664,711,1261,795,1272,1090,705,1466
543,705,642,541,964,590,658,545,644,881,773,477,636,496,814,468,857,486,852
can you show me.
690,387,1099,1018,896,1343,1131,1054,567,992,1323,521,1001,1171,631,1451
821,745,848,1009,549,497,511,938,612,713,524,494,961,786,478,822
that's right.
839,999,433,862,1536,560,994,744,1242,870,1012,874,1451
511,632,639,526,635,613,965,539,523,684,698,549,845
would you like to watch tv.
when are they coming.
451,1289,1054,1459,574,1050,905,1325,1082,1016,1454,1246,1293,611,1058,869,1354,1051,527,429,808,689,994,1016,813,841,1447,1572,482,1033,594,1095,1025,421,723,587,1016,836,1054,634,1003,1033,692,1364,1228,1253,1082,866,1528
438,399,436,613,595,923,502,441,497,942,619,488,638,469,929,523,460,892,500,640,520,770,640,952,501,842,772,595,525,628,506,819,964,718,584,530,975,569,690,524,547,978,821,527,816,541,813,663,855
how do you pronounce that.
let me think about it.
1004,1365,512,1034,665,1379,1060,945,1383,1171,1071,1482,780,1423,1111,1437,1186,1122,741,621,1063,862,1067,487,873,1462,1580,1401,593,822,1016,1174,628,1035,844,1076,1290,1077,1271,1025,415,884,1344,1145,860,1059,1250,890,1485
661,504,538,969,651,500,967,566,485,522,959,529,550,510,835,496,515,831,858,503,955,547,682,694,562,846,608,660,519,548,957,792,497,910,544,656,576,794,661,949,692,827,438,460,495,923,457,487,825
it's less than 5 dollars.
1144,779,1600,463,1010,1440,577,527,540,1013,821,1052,454,1094,1047,875,1020,606,1342,1434,1423,421,727,543,1513
463,498,648,634,920,641,515,654,654,948,556,693,676,824,938,383,920,618,544,699,711,692,567,617,862
i'd like to rent a car.
1110,1461,527,1011,1357,1185,1244,517,1020,768,1330,1018,666,554,1082,768,1002,350,999,698,397,709,1453
442,579,564,889,581,489,608,469,897,497,484,899,497,453,794,507,916,721,935,793,626,506,805
how are you.
980,1345,426,1003,363,692,546,1003,865,1320,1094,1436
692,483,486,969,704,560,492,959,567,524,533,812
what do you do for work.
where are you going.
427,971,360,776,993,599,1374,1055,935,1393,1130,1041,600,1417,1075,761,1421,747,1080,526,1429,746,1317,1449,1569,505,1060,632,763,643,1070,444,765,638,1089,956,1363,1132,1069,923,1395,1290,1128,964,1525
516,653,679,556,958,659,471,959,524,490,507,923,614,484,907,693,503,540,911,508,488,517,606,823,640,521,661,479,521,476,914,673,529,477,934,548,504,541,907,678,523,512,772,705,785
at what time.
461,853,1091,585,1067,511,906,1060,905,1261,1228,713,1518
703,563,952,543,677,685,585,974,596,553,850,499,857
i love you.
1216,1043,1466,1381,808,647,1057,922,1384,1150,1513
513,995,695,576,829,493,974,579,537,550,872
he's very hard working.
992,638,1530,561,1074,809,651,769,970,1031,1065,463,776,711,1069,562,1386,805,1312,1287,1136,924,1554
707,494,664,654,940,877,501,542,557,928,733,697,576,664,982,515,542,540,680,551,844,663,818
in 30 minutes.
would you like to rent a movie.
1222,1107,1032,614,1372,1048,1209,1260,1078,1097,839,669,499,1497,1611,507,1359,1099,1458,628,1039,927,1363,1105,1017,1511,1276,1329,639,1058,897,1386,1041,776,669,1108,886,1057,478,1063,1199,1365,882,1240,693,1463
462,819,952,371,397,965,809,512,856,549,553,491,680,843,692,530,541,554,699,626,939,564,537,576,969,697,552,671,504,967,566,529,926,521,471,826,541,991,690,990,803,549,848,546,525,890
who are you looking for.
504,996,1425,1054,438,748,632,1055,869,1317,1105,1027,1449,1376,1380,1302,1269,1120,940,1073,812,1366,782,1480
535,699,530,975,696,572,518,984,533,483,524,978,655,531,540,653,555,842,712,1019,715,557,551,887
it's a quarter to 7.
everyday i get up at 6am.
1204,831,1528,586,1032,463,1079,417,1102,466,752,867,643,766,1024,872,1401,1050,1081,1464,1563,602,829,638,766,974,692,502,979,1059,1338,1073,921,683,879,1055,1136,1523,1105,491,864,1080,923,1076,501,1218
500,531,684,674,943,742,969,577,595,731,584,578,538,574,990,576,556,955,464,783,615,513,805,522,544,557,682,706,569,998,530,985,693,532,565,965,591,528,948,686,565,960,457,980,731,828
do you have any vacancies.
649,1357,1061,980,1378,1153,1048,1011,464,838,667,1074,491,1087,1004,1039,875,512,785,506,1086,755,1249,685,629,1495
679,546,960,580,513,577,963,708,727,874,545,1010,762,846,600,1020,877,756,831,783,881,912,612,595,724,914
where is there a doctor who speaks english.
500,959,610,755,628,985,1242,533,1020,848,1016,638,777,667,1014,472,1015,682,1324,756,900,1316,805,1053,570,1048,1338,1040,602,1421,698,549,1250,621,1028,627,1051,889,1406,1251,559,1009,1495
450,618,422,463,426,936,468,586,931,501,655,437,481,427,917,641,939,565,533,752,486,542,505,935,471,672,527,936,634,554,488,692,650,636,936,453,790,661,659,527,625,682,838
i think you have too many clothes.
1239,1085,759,965,1216,1005,1242,1000,888,1318,1092,1032,967,357,774,606,991,846,1330,1366,1035,1194,397,1054,962,1015,672,1396,1363,822,1014,627,580,1512
395,876,474,596,430,831,586,939,484,484,476,962,653,649,827,439,970,481,459,449,965,779,618,826,501,967,793,677,517,490,696,461,629,825
who won.
is mr. smith an american.
494,959,1348,1047,503,1390,1066,1400,1552,1194,498,1000,1154,726,1399,1050,517,1169,1229,806,1023,1009,446,1063,998,452,1172,618,736,1227,718,435,1054,1501
447,671,486,985,484,513,880,849,625,512,614,952,795,508,820,986,637,774,558,517,700,1010,670,846,1006,691,815,540,561,581,794,766,886,834
i'm coming right now.
1161,1500,1198,1043,675,1348,1155,1209,1032,859,1011,723,1231,896,1023,881,1007,1032,1310,519,1431
540,673,876,1015,843,566,888,551,899,723,1017,580,539,760,754,587,1004,850,598,603,891
i usually drink coffee at breakfast.
1232,1030,1103,557,1109,455,1413,1415,1001,1003,648,755,1291,1073,1288,1021,730,1360,760,762,614,615,1019,477,838,1015,881,760,659,520,1322,814,496,610,873,1488
500,933,559,663,555,692,669,664,562,987,662,588,553,852,664,991,838,565,675,669,520,512,952,698,569,961,850,539,493,685,642,672,723,647,578,846
how much does this cost.
it's a quarter to 7.
980,1304,496,1001,1161,1101,719,1016,972,640,1325,609,557,996,821,1032,1309,544,994,715,1320,523,789,1458,1595,1141,729,1533,522,978,399,994,414,1090,432,695,789,597,708,1018,789,1359,981,1035,1503
677,563,591,927,793,525,835,689,996,656,561,564,688,966,601,708,585,686,980,810,587,685,603,818,600,553,565,702,684,941,731,948,589,606,717,580,583,539,569,947,565,569,928,521,872
where is main street.
487,1004,576,691,585,963,1288,528,1033,1175,447,1296,1122,1031,564,825,729,626,629,828,1438
568,712,534,579,524,973,557,652,951,804,704,580,844,998,654,575,553,511,528,563,881
i don't want to bother you.
1222,1019,630,1400,1119,1539,799,1059,511,442,1127,807,1047,813,1363,1052,865,1375,881,1067,666,788,1053,946,1364,1148,1506
567,1004,661,550,865,693,594,994,599,734,880,616,1020,610,596,1041,827,609,590,772,541,592,1012,606,587,623,866
please count this for me.
1476,1439,571,412,537,599,1069,734,1359,1167,1137,841,1069,845,1099,1333,608,1075,825,1419,729,1050,1231,617,1450
481,681,560,739,655,544,974,836,557,574,868,588,995,594,732,604,657,1013,746,617,596,972,869,541,885
the book is next to the table.
798,1020,608,995,867,1341,1339,1291,1049,1226,546,1018,1071,632,615,870,1056,865,1370,1092,878,1103,664,1079,916,532,949,1477,708,1510
510,682,505,996,894,578,581,694,1022,607,711,981,865,532,844,598,1013,590,578,1038,596,748,539,1018,578,737,846,760,550,901
is everything ok.
i'm very busy. i don't have time now.
1227,523,1047,598,795,617,749,971,881,1051,1318,1107,922,1024,1369,1303,1479,1641,1245,1587,1314,1081,841,612,759,960,975,916,1152,558,958,1413,1001,1275,1037,655,1387,1130,1509,897,1070,1036,469,861,658,1064,857,699,1255,676,1085,1112,1366,580,1496
475,606,917,501,865,521,540,548,541,690,531,852,667,1007,528,698,828,692,541,683,837,978,837,523,552,575,986,837,604,676,554,825,945,534,990,630,564,850,730,575,1002,728,697,784,490,977,550,455,795,490,968,806,604,505,851
do you want to come with me.
535,1381,1070,806,1396,1152,1080,461,407,1120,811,1059,831,1397,1070,678,1418,1236,625,1106,524,1368,809,1084,1042,1286,613,1569
607,512,929,541,492,520,911,549,705,805,564,987,568,537,976,789,546,841,468,954,516,531,556,693,995,852,487,889
i can't hear you clearly.
1324,1075,669,353,1079,1561,808,1042,1063,613,420,729,1049,899,1410,1170,1047,729,1499,617,459,723,1507,1076,1559
520,984,872,805,903,732,604,1019,751,579,742,604,1018,623,600,633,1011,822,735,588,743,617,739,632,884
at what time did it happen.
339,746,1062,458,1051,363,752,1041,787,1303,1243,607,1061,652,1309,654,1073,1343,882,1088,1097,452,1529,1530,642,1152,1569
727,607,976,565,708,710,581,994,588,560,800,512,990,662,583,658,1000,559,583,981,722,715,603,601,539,880,876
i'd like a single room.
who's that man over there.
1229,1583,668,1062,1452,1289,1362,620,1075,452,1068,595,1338,1133,896,1530,645,1071,777,1436,1394,1214,651,1549,558,1038,1354,1600,551,1099,866,1073,441,844,1050,1243,443,1116,1050,1362,808,606,736,1058,856,1077,612,768,641,1528
526,689,644,958,681,586,694,514,974,695,974,646,552,805,693,693,532,967,575,575,580,873,515,886,518,670,524,655,665,938,547,687,702,582,958,849,725,871,983,608,848,576,581,1011,602,746,531,582,522,909
i don't think so.
1300,1039,621,1377,1060,1565,849,1092,858,1089,1382,1122,1361,1078,590,1414,1511
488,970,651,531,822,657,595,971,608,704,564,844,668,1005,641,560,875
i'll teach you.
1238,1527,1444,1432,1087,836,648,473,750,1033,1016,920,1370,1106,1505
507,671,676,678,944,578,514,679,735,696,979,544,528,567,813
which road should i take.
459,1061,1311,728,1062,1118,721,1385,447,623,1068,510,1074,1376,1162,1446,619,1053,1307,1053,839,476,1325,647,1493
508,644,534,784,675,894,538,527,677,599,925,653,665,527,551,683,629,951,556,945,567,716,655,536,822
do you feel better.
622,1390,1047,890,1390,1150,1029,741,606,615,1460,1063,831,597,817,821,599,718,1514
660,499,951,566,518,530,935,697,545,539,661,948,828,525,540,549,496,519,874
is the bank far.
1230,431,1027,778,1011,543,995,854,421,1019,1238,979,744,442,715,1440
467,573,909,503,635,470,932,813,729,817,651,982,688,727,579,864
i'd like to go home.
where do you work.
1219,1493,590,1011,1393,1214,1261,587,983,861,1339,993,869,1363,1007,1006,1363,1141,621,1415,1603,504,1028,608,738,621,1000,655,1024,938,1358,1125,1003,505,1376,744,1259,1440,1554
505,616,618,923,639,531,649,504,955,539,507,968,673,506,965,707,532,855,474,842,656,525,685,501,541,479,971,631,952,531,534,558,956,510,537,531,654,853,871
i'm a size 8.
what do you want to buy.
1156,1490,1190,1091,357,1065,516,1278,451,597,1070,1148,1474,1572,497,1041,417,805,1021,599,1375,1039,941,1400,1144,1041,537,452,1102,852,1067,880,1413,1089,928,1171,1003,1528
465,624,844,979,689,942,629,518,826,491,929,402,835,603,520,635,654,546,902,599,518,931,545,509,534,909,514,670,756,551,941,549,522,939,866,564,534,806
he's right.
is the bank far.
1038,602,1601,557,1055,732,1310,864,1077,861,1484,1606,1266,577,1062,850,1090,672,1035,897,424,1100,1347,1068,776,453,734,1537
695,511,710,687,972,577,598,713,718,590,847,673,565,665,976,570,695,514,975,791,703,829,688,973,681,706,570,877
waitress.
i think it tastes good.
494,421,1291,785,691,582,533,536,1513,1617,1235,1071,851,1070,1307,1094,1325,1055,1275,895,1083,941,571,669,949,757,683,1078,970,1406,1403,735,1539
487,684,511,551,539,488,644,643,844,664,556,928,549,670,559,826,661,972,567,570,955,605,734,662,585,515,687,982,749,625,632,671,890
excuse me.
where would you like to go.
670,636,764,1129,611,700,1102,1244,694,1499,1616,522,1077,639,757,653,1048,551,1346,1108,1449,675,1074,955,1399,1145,1025,1471,1289,1332,641,1060,906,1379,1063,954,1381,1492
536,849,908,599,705,563,971,799,557,840,663,555,726,538,574,528,962,574,575,602,697,663,966,579,580,603,980,710,607,698,555,968,608,591,959,745,591,850
what do they study.
544,1057,458,838,1050,655,1410,1079,864,1094,645,1016,1038,605,885,1144,668,1021,1537
553,659,724,585,971,652,536,952,578,693,533,558,932,637,579,583,697,550,844
here is your salad.
what is the area code.
1062,605,741,618,1076,1310,587,1054,955,1401,1175,825,1069,607,493,1487,500,707,1554,1627,540,1036,383,815,1079,1303,551,1111,872,1114,637,1111,460,778,656,479,1076,720,1349,630,647,1629
699,549,578,541,948,532,693,948,605,565,581,601,972,694,762,718,764,672,850,595,548,657,700,568,940,548,652,964,584,689,531,895,685,556,506,690,919,810,559,718,547,933
when are you leaving.
369,979,504,1069,1001,325,628,509,977,890,1338,1070,973,1418,576,405,758,1226,1061,846,1512
482,638,463,827,964,690,543,488,967,554,537,562,956,693,487,654,764,544,820,616,855
would you like some wine.
his family is coming tomorrow.
472,1298,1090,1397,617,999,927,1366,1129,1005,1438,1247,1326,634,1008,556,1348,1189,663,1036,521,1276,1079,648,1440,1570,999,1303,510,1031,727,425,1192,1247,1428,1043,997,1341,552,1106,674,1298,1190,1209,1069,830,1016,858,1336,1206,1362,745,752,1348,520,1459
449,500,507,662,569,930,507,500,522,938,679,530,656,478,928,644,559,799,500,919,524,563,829,489,867,642,653,524,649,915,642,693,797,576,680,580,925,553,624,944,750,467,771,445,811,635,923,520,471,787,470,442,449,447,436,793
how are you paying.
917,1398,458,1006,390,721,580,1032,925,1403,1170,1035,1498,448,1034,1358,1113,920,1527
623,467,455,927,684,537,481,938,550,488,505,924,532,692,525,484,836,667,866
more than that.
1239,1423,670,552,1070,832,1074,456,1102,1088,861,1074,503,871,1517
804,527,527,466,972,524,692,685,839,1003,558,698,659,558,869
for how many nights.
what time do you think you'll arrive.
694,1355,675,1024,941,1375,479,1040,1186,376,1051,979,994,1062,1286,836,1009,833,554,1472,1601,511,1013,450,806,1033,829,1229,1255,657,1052,663,1363,1040,966,1360,1126,1047,855,1070,1330,1081,1320,1067,967,1376,1115,1593,1476,1454,1016,446,726,756,1254,803,580,1540
610,452,504,881,655,454,481,935,774,660,828,503,954,816,485,662,678,516,625,768,595,517,643,690,526,925,537,504,780,440,907,604,462,917,483,455,478,913,511,640,483,789,617,935,513,469,519,635,634,640,913,694,555,556,514,863,502,855
at what time.
375,766,1075,494,1048,418,791,1056,805,1271,1199,588,1492
716,561,953,518,693,698,579,945,569,507,829,487,847
really.
how do you know.
673,579,388,1427,1428,953,1456,1601,984,1359,442,1012,613,1381,1048,909,1383,1119,1015,1344,1095,1402,523,1562
479,443,679,654,660,543,810,616,696,531,531,973,676,519,1003,561,529,577,949,646,827,519,522,867
i'm cleaning my room.
is your house like this one.
1191,1524,1250,1079,680,1418,553,399,1096,1260,1099,803,1030,1208,985,1011,691,1354,1359,1185,1431,1585,1227,514,1037,923,1385,1134,752,1040,1002,1383,1126,516,612,1055,1442,1259,1321,579,1062,856,1079,1275,572,1030,1378,1078,620,1478
470,610,808,953,814,689,548,707,803,575,827,688,961,811,562,968,572,558,563,829,818,598,519,675,933,562,530,557,555,941,704,565,564,681,535,951,710,551,674,494,961,546,662,561,636,962,562,788,498,827
what is it.
when is the next bus to philidalphia.
504,1039,441,772,1006,1304,548,1034,1299,817,1468,1603,500,1071,581,1123,1067,1282,563,1059,829,1077,625,1055,1121,656,614,878,1015,905,1093,501,1026,830,1316,1067,1442,1009,1222,1425,1232,617,418,1421,1457,1022,1228,408,1447
548,718,727,597,975,550,659,979,562,573,853,656,565,680,530,847,944,568,680,988,594,718,527,977,811,500,806,566,978,855,580,692,944,560,550,947,555,721,577,682,581,646,731,693,580,709,602,732,830
is this a safe area.
1278,504,1091,786,1035,1271,480,1026,413,1026,526,420,723,572,1013,422,701,583,443,1484
482,622,898,539,659,503,601,901,676,898,607,685,640,512,905,677,555,513,674,844
who are you looking for.
476,993,1328,1025,440,706,597,1056,798,1332,1094,994,1431,1348,1360,1295,1276,1122,860,1035,765,1361,734,1459
526,682,523,909,676,548,493,888,529,503,528,897,631,508,512,656,544,801,639,950,661,525,546,853
do you like it here.
645,1339,1042,866,1365,1145,1007,1459,1264,1328,580,1019,1279,808,1019,1035,630,734,622,1511
646,507,927,544,506,531,899,649,537,628,509,905,527,537,930,690,491,525,475,863
do you sell batteries.
604,1378,1035,898,1376,1115,1003,499,587,1461,1443,1051,844,445,820,812,614,732,1269,629,592,1503
577,445,913,478,451,502,896,655,516,674,689,934,786,701,555,549,481,521,536,491,601,800
when will he be back.
496,1097,595,1146,1066,518,1286,1453,1448,1046,1053,597,1039,852,639,1050,889,504,754,1303,1548
468,585,438,743,905,459,506,602,611,882,639,469,915,759,473,910,775,697,732,610,812
stop.
what would you like to drink.
458,732,1320,1473,1459,1612,437,1019,357,734,998,451,1349,1102,1446,585,1040,883,1384,1117,1032,1468,1265,1331,582,1026,830,1375,1024,656,737,1284,1125,1304,1505
564,460,446,459,761,585,469,608,623,490,889,479,467,489,628,558,879,488,458,499,888,624,502,602,454,882,500,485,874,600,487,499,764,601,810
how far is it to chicago.
974,1345,469,988,715,412,707,1033,1227,527,1002,1245,814,1037,837,1400,1061,716,1047,1272,687,394,803,1413,1516
603,459,485,871,624,647,486,871,490,592,899,469,498,867,479,479,879,750,608,483,770,752,661,491,818
here it is.
1015,572,689,574,1004,1252,771,1015,1248,493,1460
601,474,493,439,888,457,477,891,474,572,773
how was the trip.
979,1357,480,1026,508,408,524,1034,792,1057,605,1027,822,744,1325,1462,1565
651,488,513,903,495,661,582,899,508,633,458,902,529,501,543,531,854
i'm a size 8.
1212,1501,1243,1073,403,1036,539,1259,500,626,1047,1256,1455
469,596,762,913,670,919,610,544,794,494,905,433,831
it's here.
i have a headache.
1287,837,1596,569,1092,1097,615,737,630,1518,1656,1264,1033,1032,451,797,621,1034,451,995,1053,602,473,657,479,702,1064,611,1475
429,474,644,627,893,642,486,518,471,801,644,512,912,684,666,761,479,969,678,929,676,488,653,568,684,784,675,479,808
is there anything cheaper.
1285,465,1087,787,1037,619,734,626,1033,446,1060,1026,812,1016,1268,1093,872,1054,733,1066,625,471,1441,617,735,1469
460,603,830,511,626,476,503,449,896,635,715,517,507,619,491,774,610,906,729,635,463,640,512,464,500,801
