have you done this before.
1030,468,774,662,883,991,1209,1063,878,700,1195,1050,680,889,830,1011,1128,623,901,882,681,789,1195,750,684,1264
594,628,699,518,804,513,460,500,809,625,489,716,496,813,545,610,511,593,806,743,508,599,501,530,503,713
what's the exchange rate for dollars.
603,1047,496,825,1346,623,908,835,1051,699,910,700,665,753,1046,494,1054,854,700,908,753,492,832,699,910,792,1242,776,917,740,1231,1226,1226,507,780,628,1348
520,594,607,544,598,606,803,551,603,499,811,505,720,713,606,635,707,619,512,810,535,614,551,490,810,620,511,539,815,635,513,592,597,623,543,584,685
what time did you get up.
591,1048,498,818,921,821,1144,1131,708,914,723,1131,730,906,1033,1236,1093,906,856,699,842,926,1144,1318,1371
523,598,617,540,819,540,520,676,520,805,641,527,639,808,519,482,518,810,632,513,557,813,528,509,698
now or later.
are you free tonight.
1040,1198,608,909,1215,764,910,1222,492,825,683,755,1298,1476,482,745,673,908,1101,1270,1135,907,778,751,683,684,912,822,1257,1094,1190,847,1070,798,1311
651,514,523,810,511,537,810,596,626,548,495,535,695,606,632,540,501,809,509,472,510,809,605,536,526,529,803,552,521,670,547,619,613,539,709
i have a reservation.
how long will you be staying.
1203,915,1084,523,817,703,908,513,911,765,705,627,704,775,803,518,844,1176,1274,1099,1308,1546,1076,1274,611,913,1239,1221,1091,856,914,595,1183,1245,1241,911,1102,1267,1148,912,893,698,911,639,835,513,1091,1199,1106,884,1316
487,825,594,621,673,528,812,622,806,547,515,592,523,536,698,632,538,511,527,662,685,596,609,499,522,790,586,520,674,615,799,524,527,557,566,791,545,496,543,795,701,515,793,587,556,616,528,511,680,604,682
how do you pronounce that.
good evening sir.
1021,1218,597,914,729,1207,906,1083,1243,1126,914,1303,759,1243,1093,1239,1129,1083,769,702,929,853,1050,523,844,1205,1356,881,1216,1217,741,923,692,854,682,1067,1137,1062,851,924,631,1149,776,1252
608,503,524,802,616,514,795,527,481,529,807,530,539,508,666,517,536,695,710,502,822,564,632,614,560,695,598,639,517,516,596,815,503,717,512,700,554,705,621,815,580,543,538,690
near the bank.
what's your name.
1090,694,522,778,919,851,1061,702,917,885,524,1065,1148,1297,1425,624,1069,529,847,1335,620,915,1075,1284,1152,770,911,1104,517,1190,688,1369
661,512,627,554,821,562,603,528,805,722,628,696,591,693,597,540,623,627,551,627,614,807,556,511,549,542,806,696,626,682,509,676
be careful driving.
880,690,904,785,548,776,699,798,1133,1254,915,733,775,1181,826,1185,1099,871,1280
699,522,794,685,633,555,521,603,541,583,801,587,553,533,709,529,712,601,687
can i have the bill please.
767,528,1087,916,1200,924,1083,507,831,701,932,844,1084,701,927,884,1186,1262,1260,926,1333,1275,698,502,625,698,1343
697,637,699,808,509,804,609,628,695,529,822,560,634,517,810,719,520,554,559,812,512,585,516,626,576,512,698
i don't understand what your saying.
who taught you.
1186,924,763,1242,1116,1368,851,928,1154,1129,760,736,798,668,850,550,1116,756,929,645,1100,555,836,933,1103,1284,1166,791,926,662,566,1104,1234,1129,891,1314,1515,629,1078,1270,924,854,539,1146,871,1031,882,941,1128,1324,1181,1393
519,812,604,529,695,622,557,809,539,703,634,522,554,608,565,620,712,618,809,542,631,633,559,817,550,519,560,543,807,618,641,519,524,693,615,693,607,528,616,521,804,550,622,542,623,631,543,815,538,498,540,678
it costs 20 dollars per hour.
1171,843,909,777,1260,649,846,647,922,596,1290,913,730,1236,1257,1261,538,774,627,915,1338,704,784,916,1084,1262,1137,771,1315
522,547,792,679,519,599,557,596,818,388,423,813,607,546,597,601,652,561,609,822,551,532,564,827,645,534,562,555,700
sometimes i go to sleep at 11pm, sometimes at 11 30pm.
672,1248,1152,720,867,1197,1154,734,667,925,1197,926,885,1275,934,869,1270,929,667,1258,1206,1212,1332,923,539,852,936,524,524,1351,1199,1320,934,687,1268,1191,738,871,1211,1182,744,678,936,560,855,942,561,568,936,725,1329,1348,1211,1371
623,540,675,556,582,537,668,547,601,832,541,831,648,531,839,572,535,819,611,620,554,552,555,815,641,573,837,463,467,544,716,721,834,629,533,672,539,564,541,683,539,615,828,640,563,837,484,485,822,485,498,559,722,723
when do you arrive in the u.s..
660,1107,750,1116,939,789,1267,938,1115,1313,1171,936,570,823,822,1210,864,730,946,1215,1122,962,905,1103,758,964,1174,1308,702,1312,1312
553,625,524,717,855,629,536,840,567,513,563,846,644,572,565,556,734,559,849,552,723,845,577,637,530,858,549,717,620,720,719
do you have a swimming pool.
i wish i had one.
783,1252,949,1109,1313,1181,939,1128,555,873,747,936,547,938,667,621,1192,1177,1185,1226,1119,907,950,1381,1298,1302,1295,1387,1491,1219,939,643,1225,670,1102,935,1240,942,1101,530,749,931,1292,1104,718,1335
621,559,829,554,519,551,838,626,652,714,541,849,652,844,626,540,522,654,663,523,677,636,844,523,500,501,617,697,575,497,839,538,500,623,597,827,488,827,597,640,587,828,500,684,503,683
when i went to the store, they didn't have any apples.
do you have a boyfriend.
633,1107,731,1107,926,1222,932,642,731,1106,872,939,878,1284,949,868,1124,742,937,670,878,1295,797,724,1232,938,878,1117,738,1077,950,781,1221,781,1119,1394,878,959,1112,562,862,748,943,558,1112,1056,941,570,1348,1345,1291,727,674,1345,1459,769,1297,938,1122,1313,1182,931,1101,551,852,727,938,551,936,930,1261,1102,836,809,1212,739,1107,779,1340
547,599,522,692,820,503,827,556,531,703,572,838,574,507,826,577,609,546,837,603,577,507,556,512,730,846,573,633,527,535,828,623,502,622,694,609,570,830,596,642,727,544,841,640,674,499,821,645,536,534,596,523,599,697,570,618,503,819,535,487,529,825,624,642,710,530,828,639,824,739,518,539,615,555,515,526,693,621,712
do you study english.
768,1266,937,1098,1295,1167,942,679,872,1158,776,1083,937,753,1111,911,1256,1198,698,1102,1334
609,526,823,560,505,555,817,599,556,549,607,560,825,530,703,651,606,564,605,636,701
open the door.
can i help you.
1234,1320,750,1106,950,882,1091,752,950,783,1280,1280,821,1327,1476,815,559,1111,949,1209,950,1097,736,1248,1315,941,1080,1289,1150,1343
522,536,530,687,827,572,625,530,823,617,522,527,566,693,621,717,653,704,824,502,828,618,529,599,539,837,558,515,542,675
is john there please.
i don't like it.
1190,693,934,1148,1266,1084,1096,950,875,1084,743,820,737,939,1363,1310,743,540,670,741,1372,1573,1236,944,774,1300,1133,1427,881,956,1294,1221,1235,749,947,1223,884,1382
529,611,834,602,529,619,711,850,566,614,536,562,520,842,536,593,532,635,596,539,692,569,497,825,616,510,672,613,554,827,567,519,585,522,831,516,562,687
when will he be back.
663,1122,747,1122,940,668,1225,1301,1309,949,1118,753,944,929,756,956,937,559,836,1237,1427
555,618,541,678,825,541,519,561,562,829,608,542,841,733,545,841,744,638,714,598,700
what's the name of the company you work for.
653,1110,562,872,1374,690,951,878,1110,753,944,1109,569,1187,753,946,1339,846,950,892,1117,760,954,842,1299,1211,1381,576,1125,1100,947,1114,1320,1182,950,659,1306,833,1234,950,854,1311,832,1386
538,613,625,567,616,615,828,573,623,539,840,689,639,697,542,837,501,651,828,576,637,544,835,726,511,710,534,639,700,530,830,539,492,520,825,544,525,561,609,827,653,529,564,691
am i pronouncing it correctly.
568,1175,949,1222,947,1359,802,1283,1126,1291,1179,1116,810,1213,1114,893,940,1218,873,952,812,1275,822,819,748,784,874,1295,1078,1454
639,683,825,512,830,526,556,515,676,511,531,685,723,501,681,621,843,501,561,824,700,508,560,561,518,693,572,565,511,681
thanks for your help.
860,1084,550,1084,1194,692,932,827,1290,824,941,1126,1315,1180,807,938,1113,738,1301,1354,1418
555,591,637,666,574,606,825,617,515,556,827,539,489,537,550,828,613,522,588,521,675
this is mrs. smith.
859,1113,1228,678,940,1247,684,937,1181,806,676,1348,937,675,1201,1232,860,1107,1333
558,581,501,587,837,494,588,829,654,555,589,670,826,593,671,521,558,604,679
that's too many.
there has been a car accident.
849,1109,537,852,1382,665,941,863,1273,1277,944,1170,560,1111,1066,1311,1473,864,1102,727,805,732,956,1109,571,674,939,921,748,748,1123,942,584,952,830,589,820,947,580,831,828,1198,788,757,1109,886,1322
550,588,631,556,597,614,838,559,502,500,841,686,635,685,516,693,579,556,592,517,554,515,840,594,636,616,836,734,526,536,705,813,635,835,698,648,552,834,639,711,716,518,600,517,687,558,688
what is the area code.
663,1144,563,824,962,1245,692,965,878,1117,760,962,548,810,739,561,946,824,1256,791,760,1301
536,601,633,560,840,522,594,848,563,598,541,827,639,561,536,638,813,728,509,656,534,675
when did this happen.
662,1100,747,1090,951,797,1212,796,938,887,1086,1209,723,948,1077,582,1331,1333,767,1103,1340
550,605,515,699,824,631,505,635,843,562,616,521,636,829,619,642,541,540,528,722,682
maybe.
is there a restaurant in the hotel.
1134,584,1053,904,761,1187,1463,1172,712,954,893,1074,760,835,761,955,560,951,824,757,684,882,559,1139,814,560,1106,892,956,1193,1094,954,907,1090,768,950,1077,1244,893,755,1246,1355
700,637,530,730,540,716,558,531,594,823,566,623,521,563,520,838,631,826,561,521,584,569,625,547,561,632,717,563,825,535,722,827,575,643,538,826,654,538,569,517,609,718
do you have any money.
what's the phone number.
781,1295,945,1159,1340,1224,950,1152,560,886,765,953,576,1150,1131,949,1232,1325,1167,778,1126,1340,1520,678,1129,582,893,1406,709,962,902,1141,774,963,1414,1134,1339,1162,777,969,1148,1167,1249,910,786,854,1409
608,525,812,544,514,557,814,623,634,695,530,820,634,691,556,827,700,541,708,528,559,690,599,544,617,621,565,624,618,815,574,621,520,837,537,622,512,702,523,829,700,557,700,740,528,560,701
do you smoke.
is there a restaurant in the hotel.
792,1272,951,1144,1324,1207,953,709,1230,1325,1276,774,1364,1537,1265,710,964,905,1145,771,843,770,962,572,964,845,776,703,901,586,1189,839,585,1150,904,967,1248,1146,976,908,1142,787,963,1131,1306,904,778,1300,1418
602,551,829,556,536,559,828,607,701,548,629,527,713,618,533,597,821,572,634,512,561,511,838,628,826,561,513,589,577,620,556,564,623,702,577,837,543,699,858,579,635,530,844,639,542,582,528,615,702
everyone knows it.
765,868,775,834,1154,1369,1170,781,963,1241,1166,1288,686,712,959,1229,903,1334
531,700,557,564,537,508,687,546,844,568,677,536,545,611,849,533,571,681
i'd like to go to the store.
1209,1364,797,951,1270,1206,1210,778,955,916,1278,966,938,1301,966,909,1303,978,910,1123,773,968,705,908,1296,826,757,1324
518,621,589,835,591,547,605,539,839,575,532,838,642,519,846,574,523,842,581,631,547,828,606,579,525,560,520,701
you're welcome.
1146,1317,1199,1428,835,756,961,670,756,1325,841,1305,1212,767,1366
559,521,556,625,557,521,840,546,523,575,699,527,702,518,691
do you know what this means.
816,1291,960,1129,1333,1200,950,1253,1148,1322,683,958,695,1144,598,894,959,892,1147,1258,710,955,1233,776,586,1155,708,1381
621,520,834,549,503,541,844,583,690,529,541,840,541,611,627,572,839,572,616,530,609,830,702,529,628,714,612,702
can i take a message.
734,495,1065,855,1245,851,797,484,1171,668,878,460,869,1146,664,603,607,497,815,692,1319
719,622,690,805,478,800,530,611,587,514,800,619,791,665,512,585,594,619,601,513,665
call me.
take a chance.
752,519,1220,1222,872,1136,672,1300,1457,796,489,1210,678,877,480,889,776,1098,512,1103,752,682,1310
674,622,587,587,809,672,511,689,590,533,619,570,512,811,627,805,691,609,623,701,705,520,694
how is she.
is there a movie theater nearby.
1099,1295,596,885,1226,614,875,620,1114,684,1292,1449,1200,621,873,811,1097,687,752,682,877,472,880,1188,1271,820,1206,689,877,826,1101,692,468,819,680,750,888,1124,683,484,740,891,1038,1317
593,497,536,802,507,612,792,608,601,521,666,579,529,606,807,559,628,522,551,520,814,624,803,695,540,731,534,512,815,556,622,527,621,549,508,543,817,685,527,618,545,751,482,661
i'm going to go have dinner.
1200,1356,1148,869,839,1241,1169,1091,836,879,824,1242,881,843,1241,880,1076,471,798,691,874,730,1175,1089,1092,693,746,1292
516,618,693,794,628,523,525,685,630,807,554,524,808,649,517,810,614,625,718,536,806,625,526,682,687,536,549,705
everyday i get up at 6am.
662,793,685,756,1014,715,488,1044,869,1216,875,836,687,820,891,1173,1355,887,502,822,889,862,456,1161,1327
493,680,503,524,503,589,616,476,795,533,801,628,504,563,807,527,524,808,615,559,813,382,625,698,690
i need some tissues.
1209,885,1109,686,686,721,887,640,1272,1180,696,883,825,1221,643,635,1160,705,636,1290
508,809,665,508,512,577,802,587,509,651,507,817,553,518,599,609,515,504,570,681
let's meet in front of the hotel.
1252,699,852,1374,648,889,1169,704,701,825,902,1217,1118,907,804,779,1255,1093,862,923,1261,797,896,853,1097,718,906,1084,1253,842,723,1229,1339
598,501,559,619,599,808,684,498,500,543,819,529,698,808,617,542,530,719,543,815,530,628,813,557,623,523,808,631,524,557,511,612,674
does it often snow in the winter in massachusetts.
750,1208,722,647,900,1183,836,911,1243,793,848,713,1103,913,654,1093,1232,622,900,1179,1088,907,844,1069,715,915,642,1181,1084,852,708,789,923,1173,1090,900,1177,526,651,650,527,788,1058,1144,653,721,831,828,636,1363
615,526,518,583,820,526,545,808,518,646,560,506,716,813,613,699,538,534,825,540,700,810,558,634,514,821,540,531,693,558,507,546,821,536,724,817,701,631,611,612,636,704,625,519,599,505,546,547,590,708
i only have 5 dollars.
1226,899,1283,1123,1271,1102,911,1107,519,836,710,902,842,912,768,1253,1287,1284,547,796,645,1364
517,824,508,671,568,492,807,603,630,702,520,828,345,827,585,524,572,574,620,554,587,676
he likes it very much.
1110,725,930,1275,1210,1218,724,666,933,1221,857,938,855,760,821,1070,939,1192,1164,825,1106,1357
592,502,839,575,511,588,506,572,824,519,546,842,739,529,548,519,838,664,533,711,608,666
where can i mail this.
663,1096,738,799,732,935,815,593,1096,927,1197,927,1164,549,1203,1275,931,849,1099,1203,664,1351
548,606,529,556,522,822,721,649,671,801,501,818,645,631,507,541,809,555,597,505,585,676
i understand now.
1189,926,1143,1121,766,744,805,685,865,558,1118,790,933,1114,1308,638,1413
517,816,524,666,603,509,544,608,561,621,677,617,831,692,522,524,680
i'm looking for the post office.
1180,1381,1175,930,1265,1264,1269,1204,1192,1114,891,930,816,1266,806,928,867,1092,734,934,1357,1276,673,877,937,1278,821,823,1198,803,753,1361
518,616,709,816,575,514,519,611,522,684,615,817,614,520,542,812,560,615,516,822,524,511,592,563,821,514,623,618,531,692,505,695
have you been waiting long.
1072,547,849,747,927,1145,1314,1191,929,914,761,759,1143,935,674,557,1217,864,1220,1128,896,941,1322,1292,1137,898,1375
603,621,683,527,817,532,501,535,818,708,519,523,684,817,545,619,541,561,532,674,633,811,560,522,695,637,677
what are you going to do tonight.
645,1135,543,896,940,565,809,746,937,1118,1310,1187,937,917,1297,1217,1113,917,959,889,1283,944,813,1283,935,911,1291,1092,1191,920,1075,897,1319
520,609,615,561,843,616,551,510,840,555,518,556,845,646,524,539,681,634,836,564,546,842,655,546,828,574,544,729,570,650,649,558,721
do you have the number for a taxi.
797,1253,940,1129,1304,1190,941,1117,566,890,774,938,930,1110,775,963,1114,1144,1199,962,780,849,961,884,1316,850,976,572,954,917,590,760,1227,1376
604,528,842,542,517,550,837,636,620,727,520,843,564,620,524,833,712,554,713,759,523,556,855,667,534,555,842,626,854,577,645,728,530,722
they're planning to come next year.
908,1131,780,1066,1462,845,777,956,1359,1315,586,1154,1149,1238,1142,930,970,918,1300,977,861,1301,1199,806,965,1165,802,764,915,976,1155,805,618,861,1351
555,612,512,506,597,540,520,837,522,585,619,669,666,543,685,645,841,572,520,841,709,495,647,512,841,665,521,684,562,839,510,528,607,552,656
what happened.
717,1143,611,904,967,1112,570,1323,1334,771,1121,776,809,1333
541,599,607,563,835,594,627,536,532,521,695,525,619,694
where did you learn english.
708,1125,778,839,771,971,815,1215,814,950,1147,1328,1203,949,1317,768,569,824,1135,952,778,1130,933,1324,1228,716,1122,1339
542,601,511,547,508,826,617,533,606,829,526,501,542,827,579,512,617,544,693,833,514,698,632,563,543,586,618,689
i'd like to call the united states.
1183,1395,803,941,1270,1201,1210,771,956,899,1285,956,840,603,1300,1308,955,898,1128,777,956,1160,1132,1212,887,772,802,960,714,895,588,892,774,720,1403
537,617,594,829,586,537,603,524,823,558,531,822,703,633,579,581,822,559,629,530,821,554,680,545,555,519,618,807,599,556,612,558,503,589,707
just a little.
would you like to have dinner with me.
1172,1170,711,898,968,599,968,1297,1230,882,879,1292,766,1327,1447,693,1294,1196,1310,819,965,1144,1329,1207,957,1321,1257,1257,778,965,910,1312,971,1158,580,887,798,962,821,1242,1152,1157,783,848,958,692,1242,901,1148,970,1224,787,1392
603,538,587,557,809,609,809,566,529,543,549,578,511,671,626,543,520,542,575,604,831,548,506,546,836,570,529,604,521,827,563,532,824,616,620,706,543,814,615,531,680,680,531,555,827,524,534,560,616,810,676,524,699
have you been to boston.
what would you like to drink.
1138,585,893,787,965,1151,1337,1198,951,931,778,776,1143,959,906,1313,968,902,1310,727,900,1313,1166,1362,1544,689,1153,587,891,967,679,1306,1197,1314,811,958,1151,1340,1194,956,1335,1262,1276,771,957,903,1341,951,797,843,1246,1151,1260,1378
601,619,680,532,810,523,485,526,825,690,522,527,698,809,555,513,810,705,514,584,546,513,705,684,600,536,599,612,552,807,523,517,538,574,603,818,541,485,536,818,567,526,581,507,818,547,516,826,592,541,506,666,574,672
i wish i had one.
1257,960,681,1276,693,1169,962,1287,958,1165,569,787,950,1353,1176,773,1394
522,825,534,518,596,588,803,510,820,594,620,576,819,511,691,500,680
how much does it cost per day.
1103,1318,680,959,1215,1192,847,1128,957,816,1348,781,720,952,1275,900,966,850,1352,728,909,972,1432,779,847,968,814,598,1129,1372
587,495,525,823,638,520,700,589,803,588,493,517,581,815,509,549,822,683,505,583,558,822,532,504,540,815,609,625,520,680
my cell phone doesn't work.
1210,1128,949,849,776,1325,1333,953,1423,1152,1363,1182,767,955,811,1342,774,717,1170,1472,892,968,687,1334,839,1263,1394
656,506,809,711,513,584,578,820,534,597,504,688,509,818,610,518,523,582,696,621,545,809,536,520,543,591,689
maybe.
when does it arrive.
1252,597,1181,944,776,1409,1551,681,1188,770,1181,957,813,1398,779,720,956,1315,910,966,605,847,843,1308,892,777,1473
667,619,523,714,511,677,589,527,589,511,687,821,596,498,516,587,828,499,555,822,629,547,547,506,720,537,697
i hope you and your wife have a nice trip.
1256,957,1134,1352,1415,768,967,1144,1370,1216,961,553,1158,805,955,1154,1371,1212,848,956,670,1276,856,779,979,1134,583,889,761,958,591,951,1137,1256,827,777,964,900,815,1219,1370,1369
503,827,595,490,518,497,833,521,474,516,823,629,661,595,819,523,472,522,536,829,526,501,599,500,810,597,622,670,518,822,622,828,652,507,694,498,831,551,535,512,519,655
have you seen this movie.
1154,563,887,769,961,1159,1354,1223,951,705,768,771,1173,962,904,1142,1258,727,957,1227,1348,900,1255,787,1422
580,619,680,499,825,514,471,507,825,569,496,499,695,808,545,601,507,597,821,670,517,733,510,507,693
i went to the supermarket, and then to the computer store.
1235,956,674,762,1148,898,967,904,1333,962,917,1146,783,973,723,1195,1400,774,847,1226,605,845,1259,789,914,1323,979,614,1172,818,973,917,1155,793,1167,987,924,1346,984,917,1152,801,990,875,1313,1227,1390,1215,934,807,883,987,741,944,1339,880,811,1395
506,826,513,492,663,544,821,549,486,836,554,604,512,823,601,521,502,501,540,675,614,544,575,504,550,665,825,612,662,573,822,555,610,502,701,823,555,491,823,557,607,507,825,691,503,640,528,543,557,491,540,815,606,562,500,542,498,670
do you know how much it costs.
724,1234,926,1097,1281,1161,926,1212,1137,1294,645,928,1096,1297,649,926,1186,1155,812,1106,932,1222,880,949,830,1300,693,888,691,1371
551,522,762,548,501,538,769,595,688,516,508,770,599,498,506,769,656,536,693,614,787,512,517,788,694,507,575,539,590,661
i'd like a non smoking room.
1298,1443,767,926,1320,1253,1252,748,933,555,932,1155,1308,1143,934,693,1227,1325,1264,1243,1150,924,937,828,1308,1314,1224,1370
508,612,594,793,575,530,602,520,803,614,804,674,521,697,814,616,683,522,607,533,705,633,844,536,523,521,692,683
i'd like a room.
1168,1352,734,906,1253,1182,1187,713,911,509,907,793,1266,1273,1190,1326
529,607,578,775,583,526,609,506,787,615,790,537,512,518,674,682
can i use your phone.
778,549,1118,901,1235,908,1163,658,710,906,1102,1315,1172,785,910,1393,1105,1311,1107,713,1311
691,635,687,810,505,794,530,617,522,803,543,499,543,542,809,518,599,491,663,509,676
i'm a beginner.
1236,1393,1191,913,526,911,918,740,898,1206,1113,1117,752,804,1371
511,614,690,792,616,797,705,520,622,512,691,690,522,538,676
i'm good, and you.
my cell phone doesn't work.
1229,1420,1226,929,903,1310,1311,775,1276,919,493,1142,749,918,1121,1326,1190,1346,1495,1168,1096,931,821,757,1292,1287,917,1377,1106,1312,1133,748,920,783,1292,749,686,1136,1379,877,941,649,1295,803,1206,1387
495,606,675,821,641,500,500,614,674,807,628,693,581,805,517,474,517,656,582,682,522,804,708,530,565,569,813,519,598,484,697,522,817,629,500,529,587,694,606,535,835,535,502,542,609,678
how many.
the book is next to the table.
1108,1291,639,928,1187,536,1121,1090,1350,1531,854,1101,733,937,946,1290,1292,1234,929,1221,693,933,1132,750,691,856,964,862,1265,942,871,1106,729,941,868,535,919,1307,746,1386
602,500,531,815,675,620,688,511,667,581,545,598,525,807,752,503,504,598,808,519,600,805,699,501,674,531,813,537,486,816,541,586,501,817,549,619,742,533,528,674
have you eaten yet.
1120,557,862,737,938,1123,1314,1171,936,732,554,871,727,1141,937,1119,1338,869,1431
581,621,700,517,812,530,473,526,801,519,613,543,490,683,801,538,479,526,683
not recently.
1131,1303,876,958,804,738,816,758,1148,890,1315,1116,1465
631,487,533,820,535,499,702,520,672,541,573,519,677
it's is a quarter past nine.
how long will it take.
1209,875,1406,688,949,1221,693,952,526,951,542,1168,564,815,897,758,831,966,1368,551,667,880,960,1142,1253,1146,760,1385,1535,1137,1313,667,959,1325,1302,1163,918,968,662,1248,1317,1325,948,1247,895,961,889,567,1242,760,1419
485,536,593,601,808,506,584,803,626,806,530,516,609,527,541,492,531,811,512,625,609,544,805,663,518,646,521,672,576,600,502,535,809,565,510,660,638,810,525,517,562,559,791,525,559,819,565,613,597,521,693
from here to there.
855,828,1301,1219,953,1156,753,818,751,955,899,1367,968,911,1151,760,834,1404,1312
611,540,510,652,802,597,522,551,515,807,537,493,808,544,599,517,540,685,716
i think i need to see a doctor.
1217,953,887,1114,1230,1117,1229,963,1218,958,1114,768,768,798,954,902,1289,958,712,776,779,958,560,958,816,1280,843,911,1291,831,1388
513,804,541,603,504,700,581,807,508,822,714,498,504,595,814,547,513,810,590,517,519,819,621,819,591,516,691,558,518,539,693
over here.
what's this.
1300,867,776,847,968,1165,777,826,762,1358,1505,692,1167,587,902,1431,709,974,900,1155,1272,710,1374
514,710,524,559,825,609,524,531,500,668,577,540,604,613,553,610,588,820,555,608,513,599,665
that way.
are there any concerts.
897,1137,586,902,990,712,598,1098,1298,1491,602,839,772,986,918,1145,786,859,782,993,583,1156,1090,989,859,1321,1159,862,816,871,943,737,1403
545,609,616,543,822,537,615,528,673,579,617,544,505,811,554,617,513,544,505,822,621,692,513,821,707,519,719,729,531,543,557,613,683
how much is that.
1108,1293,699,985,1218,1176,845,1128,978,1256,740,987,936,1128,610,923,1349
610,503,520,818,690,552,693,617,819,508,596,808,551,609,602,546,690
i'm coming right now.
1237,1430,1227,985,867,1317,1205,1253,1160,967,992,889,1242,978,1107,981,1008,1128,1293,725,1400
506,619,709,813,684,528,677,541,708,604,832,517,516,598,617,535,828,691,537,511,690
i'll give you a call.
1245,1410,1319,1313,1005,974,1233,913,820,997,1114,1316,1181,991,584,997,879,624,1308,1309,1410
520,629,596,599,836,625,512,717,523,819,544,498,541,800,608,802,701,614,598,596,684
how old are you.
1140,1341,696,990,1330,1311,830,992,614,868,791,992,1152,1362,1217,1396
596,500,504,797,502,574,587,802,607,526,497,807,552,498,546,675
take it outside.
917,608,1290,790,994,1278,940,996,1330,1208,940,748,1274,855,818,1416
539,604,559,500,816,506,543,824,506,548,553,585,514,614,504,671
will you take me home.
excuse me, what did you say.
634,1229,1299,1298,914,1126,1318,1180,926,887,564,1235,762,948,1231,749,949,1112,1340,1260,753,1391,1592,732,722,824,1220,687,750,944,1251,754,1333,944,645,1183,551,864,944,778,1283,781,948,1170,1395,1232,943,681,577,1171,1370
505,519,549,550,771,529,485,530,775,526,598,577,486,778,684,492,770,599,497,688,487,681,613,485,647,683,517,586,499,788,667,498,679,784,505,587,598,524,778,580,504,591,774,521,479,518,783,572,602,524,676
your things are all here.
1135,1334,1199,818,949,905,1115,1264,1133,930,709,963,593,828,758,968,591,1295,1307,969,1132,767,836,762,1445
526,484,536,516,801,527,599,503,658,606,561,795,595,521,494,788,595,589,582,791,612,501,523,480,682
how are your parents.
1147,1324,681,968,610,847,779,968,1136,1327,1188,850,974,1384,584,842,777,1169,916,727,1438
568,480,500,811,599,528,489,803,531,477,532,530,804,508,594,537,492,710,537,601,715
she's an expert.
713,1138,776,1422,728,971,588,1153,982,778,771,1399,794,851,926,1380
574,599,493,616,596,802,607,671,786,490,700,526,498,524,541,680
don't do that.
try to say it.
821,1313,1173,1432,935,991,842,1349,985,932,1166,617,933,1374,1561,951,863,1135,993,949,1370,991,747,632,1151,1001,1332,951,1460
558,509,667,611,535,806,595,504,794,541,604,598,543,670,593,540,522,475,812,536,503,825,593,609,502,802,524,539,700
bring me my shirt please.
938,888,1278,1186,982,1008,1239,823,1006,1244,1161,1002,753,1153,1282,882,956,1008,1416,1353,813,627,745,814,1468
728,512,495,653,597,819,653,505,799,653,522,795,574,594,503,517,535,793,509,577,505,602,581,500,667
he's never been to america.
are you here alone.
1157,792,1423,744,991,1213,798,905,807,879,995,924,799,801,1204,986,942,1338,1001,606,1250,798,865,1268,869,608,1348,1498,540,760,688,910,1078,1250,1129,913,1074,703,758,695,921,516,1254,1259,1104,699,1336
594,503,617,588,794,689,502,679,511,537,802,714,501,509,675,791,526,505,785,599,668,503,524,526,691,607,674,565,604,521,496,765,525,475,519,768,597,493,522,494,766,607,577,492,676,490,659
are they coming this evening.
519,772,704,922,894,1082,734,1052,934,818,1294,1195,1234,1129,906,945,902,1098,1218,693,937,734,879,734,1116,1207,1105,911,1352
611,525,498,789,544,588,512,521,796,681,493,636,512,676,628,822,541,594,502,599,800,501,724,504,691,503,693,629,671
i'm lost
what's the temperature.
1206,1381,1206,933,1287,1288,683,872,1544,657,1108,543,799,1383,667,933,884,1100,748,941,898,760,1209,1364,754,825,565,895,1170,813,750,1421
504,615,692,800,591,512,589,539,628,512,596,599,524,604,583,800,538,599,505,808,551,492,648,525,502,536,596,548,526,544,501,636
i like her.
i have a cold.
1215,943,1270,1210,1227,752,951,1122,754,819,1382,1519,1212,956,1109,564,883,766,952,572,943,848,1288,1294,804,1388
503,807,595,524,596,505,803,601,507,530,664,594,507,827,589,605,700,515,816,613,835,693,504,582,594,662
what do they study.
do you think it's possible.
619,1070,527,841,917,757,1239,922,858,1094,726,1056,925,659,881,1149,770,1057,1353,1537,747,1274,927,1097,1303,1170,936,885,1110,1218,1143,1212,931,1212,881,1399,675,939,1382,1305,677,680,1225,916,1278,755,1413
488,586,573,521,769,561,489,754,522,584,498,498,754,563,513,486,587,502,638,537,550,469,770,504,447,500,786,519,562,472,671,552,762,480,519,573,573,756,484,467,556,564,483,679,555,484,642
this is very difficult.
816,1084,1159,627,881,1172,627,888,815,703,766,1029,896,738,1168,786,785,1170,771,1122,1227,852,1376
521,575,502,562,773,492,562,757,681,494,511,511,767,581,480,606,600,480,658,499,548,515,665
i like to watch tv.
what's wrong.
1187,912,1243,1181,1186,723,927,869,1265,925,663,570,870,808,1107,919,888,837,1330,1460,663,1127,579,881,1396,682,913,659,812,1289,1148,912,1334
518,767,570,532,596,509,773,530,500,775,516,584,530,682,592,787,525,711,678,570,494,595,578,524,596,584,781,494,506,497,690,601,675
how are you.
are you okay.
1090,1260,625,923,539,793,721,925,1120,1308,1170,1368,1520,532,779,713,914,1131,1321,1182,918,1306,1246,542,1131,1338
610,504,500,758,574,516,481,769,529,468,523,680,579,576,514,482,775,521,462,517,769,466,547,582,497,646
is there a movie theater nearby.
1248,649,916,865,1154,715,790,713,929,499,925,1242,1330,847,1265,739,919,875,1165,725,550,855,728,797,930,1177,726,539,783,917,1128,1378
487,550,769,520,561,481,511,478,767,579,763,636,499,703,481,498,789,524,566,488,576,523,473,507,768,630,488,575,515,705,516,676
my cell phone doesn't work.
1194,1129,918,808,743,1300,1296,915,1384,1142,1309,1166,733,930,770,1324,742,680,1160,1427,868,924,657,1326,805,1248,1365
637,525,788,664,485,564,576,764,520,599,494,685,479,769,585,503,497,564,702,607,529,769,496,503,516,585,681
when do you arrive in the u.s..
what's the room rate.
650,1131,733,1141,927,787,1322,922,1145,1360,1213,934,566,799,809,1260,890,772,935,1256,1144,935,903,1135,766,929,1203,1373,690,1370,1376,1537,665,1141,568,882,1405,685,932,899,1133,762,938,839,1322,1332,1232,933,826,595,887,774,1460
494,589,481,683,792,594,488,797,521,468,512,784,575,510,509,481,707,500,800,491,669,800,523,598,504,790,523,706,573,697,699,588,490,582,578,528,607,575,784,534,593,498,800,519,492,489,670,800,520,580,533,488,664
will you call me a taxi please.
662,1298,1362,1361,931,1173,1378,1236,935,828,597,1359,1359,927,1234,757,928,574,932,901,575,747,1284,933,1431,1369,758,587,693,761,1473
509,492,528,533,771,520,464,516,779,692,597,558,558,789,656,494,788,580,800,527,594,665,488,788,512,567,487,579,559,483,661
is it raining.
1275,681,938,1298,884,950,821,571,1309,1171,1308,1175,921,1433
500,548,798,493,521,786,517,572,489,636,506,633,583,666
where can i rent a car.
667,1141,748,815,751,947,855,613,1155,939,1265,950,827,772,1158,906,954,604,956,871,637,870,1385
499,611,485,509,480,792,697,591,648,799,497,787,517,484,675,518,789,588,796,692,590,524,677
i have pain in my arm.
1251,958,1142,612,896,784,959,1434,608,1291,1182,948,1304,1187,949,1269,1176,948,600,839,1295,1438
489,776,586,578,679,489,790,498,578,512,658,788,498,655,789,669,531,789,570,517,678,671
how many.
he's never been to america.
1157,1340,686,954,1250,595,1167,1136,1383,1580,1151,774,1415,712,949,1165,773,896,793,850,958,943,812,806,1168,955,927,1349,953,607,1241,784,850,1255,836,600,1297
579,486,497,783,661,575,668,520,658,576,584,491,613,561,785,686,485,660,493,522,790,687,506,502,674,794,522,495,786,575,662,476,514,499,674,592,665
how long are you going to stay.
what day of the week is it.
1175,1296,679,959,1313,1299,1158,919,960,590,834,771,964,1121,1335,1192,952,938,1343,1243,1149,936,968,924,1325,972,711,910,594,1152,1333,1541,684,1190,589,890,964,805,623,1164,957,1352,854,962,917,1189,784,970,687,778,780,1298,968,1280,715,971,1281,912,1441
580,477,487,767,556,485,654,583,777,575,520,485,772,501,448,491,769,606,459,468,642,587,789,525,481,803,563,527,575,513,644,559,496,571,582,524,773,579,594,495,787,476,588,784,526,579,507,783,500,500,501,567,790,483,575,788,498,525,673
where can i buy tickets.
690,1182,767,832,767,970,844,610,1193,958,1314,959,972,1224,1099,982,922,1237,852,1238,797,934,738,1408
515,577,493,517,486,794,684,610,674,806,487,806,698,496,512,800,518,471,663,547,481,524,576,663
do you think it'll rain today.
i'm happy.
805,1314,969,1160,1348,1216,969,938,1168,1294,1172,1269,976,1265,924,1430,1338,1324,979,857,610,1263,1168,974,933,1318,820,663,1137,1363,1512,1254,1431,1257,980,1134,625,1406,1408,1090,1376
546,482,783,505,463,503,773,524,568,475,639,547,805,480,521,583,559,558,771,504,573,491,657,777,522,490,570,588,520,656,559,488,596,649,772,580,581,496,492,488,644
where did you go.
what do you want to do.
704,1167,778,838,782,975,827,1252,827,974,1154,1318,1198,974,963,1309,1402,1538,728,1172,647,930,979,843,1320,972,1180,1341,1218,986,732,639,1193,939,987,950,1350,988,851,1331,1447
507,555,491,519,494,786,600,483,599,791,505,451,503,787,613,470,640,560,504,566,579,530,774,596,474,780,502,457,505,782,503,577,663,524,786,524,473,788,590,485,655
at 3 o'clock.
637,923,988,806,961,1317,1458,806,1353,1340,866,1260,1422
582,522,784,356,799,483,586,571,557,487,701,562,645
what does this mean.
have you finished studying.
692,1197,571,904,983,819,1364,790,730,988,936,1183,1296,746,975,1261,795,619,1195,1426,1589,1173,615,898,797,991,1171,1370,1226,989,892,1301,1189,1307,749,1170,800,825,988,748,943,1224,826,1149,1265,1181,966,1405
522,572,602,531,786,605,475,504,594,789,545,576,490,601,804,650,520,603,674,646,567,569,601,700,504,803,504,460,500,794,618,479,640,482,587,578,500,578,797,579,540,499,576,518,470,687,600,663
just a little.
1196,1201,732,922,988,617,990,1342,1276,931,926,1320,821,1444
557,503,563,528,790,594,798,548,500,534,532,566,520,680
if you like it i can buy more.
more than 200 miles.
1323,871,978,1182,1378,1247,975,1367,1294,1300,790,985,1293,940,985,1294,988,869,659,1200,988,998,1236,1539,1129,990,1254,1348,868,1359,1420,1206,1291,858,797,994,936,1144,626,1140,993,689,1374,1376,986,1235,1262,1328,805,746,1397
481,589,772,516,476,506,799,548,504,567,508,796,498,538,796,499,797,693,611,690,798,692,505,596,489,783,629,511,508,686,565,663,533,521,508,803,545,604,595,672,800,409,386,391,791,644,536,568,498,568,665
i'd like to buy a phone card please.
i usually drink coffee at breakfast.
1262,1445,826,990,1332,1275,1282,802,994,950,1362,1001,988,1250,1155,1003,626,986,1467,1188,1385,1207,812,1002,876,678,893,851,1002,1446,1374,816,646,748,822,1454,1621,1302,994,1242,749,1243,647,1359,1360,1165,999,844,887,1302,1183,1279,1005,898,1355,913,912,837,835,1000,651,941,1004,932,876,811,647,1292,887,667,759,944,1421
527,618,566,798,597,536,587,506,781,532,515,784,705,548,540,784,598,795,524,581,498,679,491,783,666,612,526,575,784,508,581,490,597,586,499,653,596,500,806,524,585,526,601,576,577,536,789,568,524,504,674,589,812,673,508,604,598,501,505,788,588,539,785,693,529,509,598,589,591,600,584,532,679
i don't know how to use it.
1291,993,823,1350,1207,1447,933,992,1306,1213,1352,710,991,1185,1360,726,988,944,1359,992,1254,744,813,991,1301,941,1409
511,801,568,506,653,607,529,781,568,675,525,511,784,597,503,522,786,537,507,781,531,600,517,781,505,541,675
i'd like a map of the city.
turn left.
1292,1445,818,984,1351,1282,1303,804,991,629,992,1261,627,1433,991,1355,886,987,945,1196,808,1006,882,1299,946,1176,1369,1545,949,1230,869,1190,1002,1359,804,884,948,1443
501,605,593,786,567,519,578,500,789,599,793,649,600,526,793,506,601,791,543,597,524,790,682,520,540,541,677,622,540,538,536,659,790,581,509,595,541,667
i'm 6'2.
can you give me an example.
1281,1437,1240,994,891,1470,639,1340,1535,840,629,1187,972,1180,1350,1236,987,950,1302,898,799,985,1262,793,984,617,1209,983,788,754,627,1265,1430,1379,789,1469
519,611,680,801,355,615,356,721,631,698,640,689,815,564,527,566,811,638,527,711,545,814,693,537,811,618,692,806,519,677,630,673,536,601,503,670
do you have any vacancies.
816,1353,987,1202,1391,1264,989,1205,610,926,819,991,607,1196,1156,989,897,644,865,629,1196,872,1277,804,743,1443
595,512,795,535,493,538,804,590,622,694,536,815,618,685,541,808,695,618,684,630,681,693,520,519,595,676
yes, really.
his room is very small.
1142,782,729,1256,986,843,779,608,1343,1345,1137,1379,1574,1133,1249,724,993,850,1311,1311,1230,985,1237,730,986,905,784,848,1119,988,730,1246,609,1321,1323,1440
526,503,578,688,799,526,511,619,574,576,533,679,592,588,507,581,805,532,501,503,690,805,517,595,804,704,522,540,533,799,601,680,630,613,612,689
never mind.
1167,768,881,777,848,986,1275,1289,1174,812,1392
673,503,694,519,537,790,666,511,689,585,681
i'm going to go have dinner.
1264,1452,1251,987,969,1361,1279,1164,962,989,952,1357,991,959,1370,996,1159,574,894,785,985,829,1254,1153,1153,797,851,1394
505,622,673,790,617,498,490,683,619,817,548,492,810,632,494,810,598,627,700,509,801,604,512,692,701,499,530,683
if you like it i can buy more.
it's really hot.
1226,868,968,1146,1316,1198,975,1310,1233,1249,802,980,1239,940,988,1243,990,861,650,1138,986,959,1178,1089,993,1227,1311,873,805,1379,1534,1243,933,1407,744,991,868,805,627,1310,1309,1128,990,1119,1314,943,1419
525,610,789,558,540,560,806,597,534,597,531,804,529,554,808,529,806,692,625,685,800,695,541,537,806,655,531,535,509,677,597,527,555,627,602,806,542,520,613,583,588,547,800,616,516,545,675
