take it outside.
897,605,1182,777,1066,1189,871,1069,1242,1109,880,733,1178,810,784,1275
745,769,791,684,1001,723,751,998,739,741,752,771,733,775,702,921
that's too expensive.
i'd like to make a phone call.
872,1075,610,887,1408,726,1096,878,1276,1291,1081,786,771,1343,783,1094,743,1194,892,783,1310,1590,1238,1414,813,1130,1306,1234,1227,781,1136,873,1292,1115,1175,634,1224,786,1123,594,1097,1379,1063,1256,1077,771,1103,838,638,1257,1251,1343
751,795,760,752,822,732,971,752,735,727,990,685,826,773,683,883,756,739,863,703,897,816,728,772,739,959,779,723,790,693,970,742,731,977,885,781,804,694,983,754,978,749,780,723,899,680,1003,829,780,772,780,905
how do you spell the word seattle.
what happened.
974,1172,585,976,714,1166,971,980,1190,1028,985,657,1279,690,1197,1198,1009,794,974,699,1001,623,1184,767,719,1002,656,725,547,810,809,1172,706,1238,1559,648,984,551,831,1017,1029,552,1329,1315,721,1026,741,723,730
726,656,617,943,730,676,960,697,667,684,969,736,719,667,735,734,948,714,769,649,962,663,702,696,760,979,747,695,752,713,713,772,662,849,736,659,762,722,703,973,743,735,735,732,656,869,748,666,766
can i try it on.
789,580,1042,1040,1158,1038,845,768,1036,1031,1152,828,1031,1196,1019,1322
828,747,843,978,687,977,731,698,718,980,693,726,980,718,851,888
where's the post office.
i don't understand what your saying.
666,1035,733,788,738,1310,673,1047,832,1020,732,1039,1371,1269,671,838,1052,1246,804,798,1171,802,735,1252,1625,1181,1071,763,1229,1048,1409,843,1071,1132,1091,760,745,794,686,853,578,1076,773,1080,676,1063,589,856,1078,1083,1267,1129,813,1068,704,608,911,1161,1061,906,1308
687,795,658,705,650,780,707,957,727,774,656,977,707,657,710,712,987,714,753,751,710,857,679,858,721,683,956,734,704,850,782,712,957,703,846,749,659,697,701,715,739,890,719,988,669,795,738,718,987,737,705,713,705,984,755,770,732,732,893,764,906
it's delicious.
1151,857,1400,701,1069,761,752,1248,1192,799,1188,1253,1051,1113,707
717,718,811,722,977,772,686,790,729,831,726,738,1020,739,750
i'm self employed.
1168,1448,1170,1076,700,762,1255,828,1088,754,1139,1351,1247,1257,1078,767,778,1283
729,794,892,979,730,685,774,751,969,662,867,723,782,719,722,658,764,898
i thought he said something else.
where did you go.
1173,1064,843,1019,1257,1106,866,1020,846,1026,1026,748,1048,719,616,1168,783,1044,719,1242,1116,758,866,1033,1154,1044,875,1049,756,1223,710,778,1307,1687,687,1077,763,821,753,1072,786,1194,782,1069,1259,1113,873,1070,893,1262,1389
694,968,700,773,693,687,785,790,707,1007,809,676,1001,776,763,709,780,965,721,690,881,669,712,788,716,869,770,986,671,777,734,687,876,710,672,769,656,692,637,966,754,701,735,984,711,722,723,995,781,725,870
how do i get there.
1073,1256,683,1053,776,1253,1057,1183,1050,895,733,872,1076,868,1030,746,813,743,1297
771,701,666,982,741,709,978,677,976,773,640,697,977,707,792,640,687,635,902
i'm going to bed.
how's the weather.
1139,1465,1131,1074,896,1242,1156,1024,886,1066,866,1262,1059,911,737,767,1302,1741,1092,1294,698,1449,722,1109,878,1076,773,1097,691,784,603,889,1066,773,826,1342
691,781,867,981,774,717,721,877,764,998,716,709,991,888,664,767,902,672,757,690,659,792,735,947,722,770,657,975,664,657,729,721,790,659,704,935
what do you do for work.
how much does it cost per day.
695,1092,606,896,1109,792,1293,1053,1091,1361,1204,1094,787,1318,1081,838,1288,817,1092,699,1285,825,1212,1350,1633,1089,1279,692,1114,1187,1134,802,1075,1086,790,1259,775,721,1115,1226,863,1102,817,1286,715,899,1108,1375,779,838,1122,793,630,908,1369
659,769,712,704,967,736,715,961,659,644,635,979,702,679,964,741,695,683,957,658,703,675,753,900,676,743,676,644,939,822,693,798,754,972,710,689,656,707,961,690,701,967,804,717,702,713,963,737,646,689,967,731,732,717,888
how long are you going to stay.
what time are they arriving.
1122,1308,715,1125,1301,1315,1100,915,1125,640,858,783,1130,1120,1309,1170,1108,920,1283,1210,1093,900,1113,881,1297,1084,740,893,633,1056,1350,1660,724,1101,616,889,1104,887,1232,1190,792,1117,627,852,786,1115,889,1094,792,857,1104,635,853,855,1223,907,1227,1104,918,1390
772,704,663,980,777,704,881,756,981,733,705,643,963,731,698,701,982,757,719,697,892,755,984,726,712,988,710,727,741,723,864,690,668,791,726,711,1002,716,704,849,652,995,734,705,641,985,714,796,645,702,986,748,697,696,719,832,711,866,752,896
male or female.
1158,648,1299,798,1140,1313,865,1087,868,792,1190,640,1332,795,1358
897,740,785,655,980,722,688,955,730,652,862,735,741,645,878
i need some tissues.
how tall are you.
1229,1119,1116,788,786,808,1153,745,1302,1190,792,1145,887,1243,748,745,1193,799,739,1321,1560,1116,1308,720,1121,896,627,1278,1288,1140,627,857,801,1133,1142,1310,1180,1363
690,971,848,643,641,712,957,697,714,860,653,962,708,698,694,703,703,656,690,884,625,782,702,667,972,722,731,774,775,959,735,700,652,963,729,703,713,897
are you working tomorrow.
639,862,798,1142,1126,1318,1174,1122,729,1307,853,1222,1255,1124,904,1125,909,1305,1179,1286,861,863,1299,732,1363
733,707,649,956,709,680,693,974,669,714,691,772,702,882,746,996,727,733,879,754,702,700,742,662,932
it takes 2 hours by car.
1222,882,1096,887,614,1221,800,734,1126,664,1124,1106,1298,1173,873,738,1122,904,1051,1092,844,616,840,1403
713,713,988,716,732,781,655,684,968,513,972,775,725,730,685,697,969,813,594,950,808,739,688,901
i'm going to bed.
take a chance.
1165,1487,1191,1133,895,1315,1203,1088,881,1106,873,1297,1048,911,774,768,1340,1625,874,612,1218,765,1120,605,1107,828,1097,620,1111,819,769,1337
733,794,894,978,777,712,714,856,768,983,725,666,993,828,662,733,898,711,723,734,751,650,953,733,949,827,786,744,866,799,677,895
i need to go now.
this house is very big.
1232,1121,1121,766,766,785,1130,868,1303,1104,911,1304,1097,1093,1281,710,1355,1625,880,1089,1220,729,1088,1094,1306,1166,725,802,1102,1248,723,1104,904,788,845,1081,1102,942,1244,897,1323
702,969,863,643,645,726,967,708,722,983,786,716,998,887,738,663,884,729,725,794,719,696,996,807,729,730,722,674,986,697,700,982,827,658,695,721,991,857,704,755,891
for how many nights.
868,1310,852,1108,1084,1295,731,1102,1173,644,1114,1036,1091,1088,1208,918,1071,908,737,1359
769,702,710,971,792,720,675,990,892,750,885,681,975,868,711,775,794,727,708,896
how much is it to go to miami.
be careful.
1096,1301,711,1098,1167,1142,837,1099,1242,1245,744,1111,1236,884,1108,884,1318,1104,919,1102,1101,906,1315,1081,1186,1238,621,1186,1241,1440,1576,931,791,1125,859,658,866,805,887,1157,1328,1369
787,709,669,983,886,726,829,1006,710,695,714,974,709,717,974,718,720,981,777,989,976,729,712,996,889,717,724,918,714,870,734,818,645,954,811,748,707,652,750,700,727,885
please tell her john called.
1412,1321,815,663,758,833,1148,910,825,1329,1335,1162,1144,821,873,1144,1168,1333,1117,1134,1128,874,688,1299,1303,822,826,1342
698,779,667,746,703,672,962,718,648,768,773,960,789,659,710,981,803,725,809,900,1000,799,756,773,780,668,723,907
when do you get off work.
693,1096,770,1101,1120,793,1320,1107,1123,1342,1205,1118,928,775,893,1129,1339,863,853,1123,725,1332,844,1237,1365
660,747,645,844,968,714,673,948,698,666,675,951,768,632,690,957,695,731,725,951,656,697,677,745,931
did you come with your family.
815,1281,817,1147,1152,1363,1211,1121,861,1341,1200,799,1128,724,1267,897,1111,1122,1161,1373,1227,860,1119,881,666,1198,1246,1339,1129,1385
695,674,704,953,692,659,652,941,795,683,843,646,945,654,665,687,745,954,697,676,673,673,951,731,740,832,691,751,702,903
i'm very well, thank you.
1265,1404,1227,1179,931,819,876,1143,1178,737,818,1363,1363,1303,1203,919,1163,649,1154,1269,1174,1181,1365,1222,1310
692,721,848,951,818,651,690,690,953,653,638,757,755,904,960,698,773,727,853,747,966,706,680,675,944
my father is a lawyer.
what's wrong.
1211,963,1152,911,685,945,1162,822,887,1175,1309,772,1172,667,1177,1363,676,759,974,837,904,1379,1641,776,1204,691,957,1420,791,1207,781,916,1392,1197,979,1417
855,697,958,727,744,698,760,616,669,947,668,660,943,722,940,752,726,635,690,603,657,885,664,637,728,717,687,721,659,904,636,666,676,822,712,861
it's very important.
1314,950,1407,791,1210,982,853,923,1170,1188,1332,1277,1470,1384,914,977,690,1193,964,1402
664,690,699,661,910,814,631,672,670,938,641,829,699,673,671,690,710,866,689,888
is it close.
1330,802,1221,1350,952,1224,912,1396,1412,808,868,1379
664,676,923,642,691,919,797,720,539,684,636,900
does anyone here speak english.
881,1388,868,814,1231,710,1220,1010,1383,1206,885,1222,1205,876,940,866,1235,830,1497,873,713,1321,1167,895,1186,1029,1371,1301,845,1159,1381
723,657,640,693,932,731,834,695,708,855,632,943,760,627,675,611,940,712,694,619,713,755,956,601,828,699,716,663,643,736,900
i need to go home.
1301,1194,1220,903,904,913,1225,1006,1430,1208,1046,1421,1213,1205,1416,1320,901,1445
671,942,822,604,604,683,926,659,658,939,707,663,939,764,677,850,593,891
i'm cleaning my room.
what will the weather be like tomorrow.
1338,1456,1338,1273,968,1452,922,782,1220,1310,1216,1048,1225,1300,1206,1224,988,1402,1408,1295,1459,1683,869,1250,783,1060,1254,884,1365,1431,1438,1257,1058,1241,946,1250,874,955,790,1050,1245,949,1061,1194,1051,922,1224,1411,1346,1345,931,1249,1032,1421,1317,1423,999,1001,1405,857,1452
672,708,813,910,767,696,632,722,837,675,847,736,939,841,654,940,671,685,684,846,874,667,643,731,713,678,904,637,650,699,698,918,681,740,602,930,626,626,705,673,769,611,969,956,798,599,928,714,656,753,610,929,674,678,834,678,661,662,695,621,861
what is the area code.
864,1256,782,1053,1218,1353,884,1227,1059,1219,939,1233,798,1024,945,770,1242,1007,1427,973,947,1459
634,719,701,683,939,638,654,925,675,737,600,943,709,668,613,695,941,761,676,692,625,838
can you help me.
1002,805,1253,1274,1257,1462,1310,1243,1237,953,1416,1526,1256,1327,940,1461
780,714,802,928,659,633,646,931,746,622,732,663,915,823,618,860
do you have a boyfriend.
is this your book.
990,1458,1265,1263,1453,1321,1264,1256,799,1076,961,1294,804,1284,1116,1460,1229,1045,1012,1375,942,1257,979,1405,1624,1371,909,1274,1060,1235,1381,900,1264,1247,1441,1305,1009,1213,1118,1417,1428,1333,1437
700,654,913,662,635,647,933,744,715,814,632,937,716,932,812,679,677,728,672,675,618,860,697,875,632,655,677,901,690,731,654,658,913,676,663,657,660,987,840,714,713,775,904
one way or round trip.
1435,1260,968,1272,892,807,1117,1260,1454,1023,1257,1033,1455,1330,1264,993,1260,1071,1011,1380,1551,1454
686,843,643,951,641,722,714,940,689,671,938,684,694,679,856,687,957,682,655,644,679,864
you're very nice.
do you know where my glasses are.
1175,1385,1244,1407,964,904,1184,1022,887,969,1038,1173,1197,1308,970,923,1396,1638,945,1443,1221,1237,1475,1321,1223,1318,1228,1425,851,1233,842,1237,926,984,923,1225,1304,1077,1237,1075,1419,777,888,885,939,874,1263,780,990,925,1415
674,653,662,756,640,594,962,795,607,642,657,967,845,702,770,630,868,705,685,673,927,676,666,669,949,750,899,683,627,958,620,757,613,656,602,978,866,682,968,730,744,716,674,670,626,664,953,716,666,614,923
from time to time.
can i make an appointment for next wednesday.
1016,998,1468,1348,1288,1053,1386,1347,942,1293,1038,1457,1283,1039,1383,1347,939,1479,1665,1005,810,1272,1300,1408,1300,1346,806,1393,955,1312,804,1281,1302,806,1538,1523,1422,1371,1250,1045,1309,965,1236,1050,1278,1041,1449,1014,1276,1255,954,924,1077,1274,884,964,995,1265,974,910,994,825,1138,1446
697,656,656,836,958,682,670,844,614,935,673,679,937,676,674,855,604,873,646,759,718,805,930,644,918,825,719,735,626,918,719,807,942,718,657,665,655,651,822,689,834,622,861,683,946,711,670,665,948,842,613,729,685,938,623,607,674,833,635,671,684,719,674,865
please come in.
what are you doing.
1526,1439,993,834,931,997,1295,1043,1507,1391,988,1320,1452,1324,1497,1653,916,1310,825,1105,1297,836,1053,980,1296,1299,1506,1371,1276,1009,1486,1401,1291,1105,1486
698,756,632,717,676,635,969,759,696,823,638,945,682,825,863,659,644,729,707,684,931,718,677,614,932,679,660,659,933,699,678,674,837,731,848
it's going to snow today.
1394,1077,1512,924,1306,1109,1493,1420,1292,1103,1303,1090,1486,1296,922,1292,1485,893,1297,1101,1487,1012,823,1137,1478
671,676,718,671,913,723,673,644,834,714,943,684,682,957,683,836,695,620,953,680,694,698,716,675,902
where's the pharmacy.
my car was hit by another car.
930,1302,993,1056,989,1523,937,1319,1090,1299,999,1311,1573,1280,840,1066,1354,835,1052,1228,1449,1637,1363,1130,1288,1044,862,1094,1299,927,841,943,1301,1295,1407,1096,1296,1161,1255,1290,849,1292,1458,1105,1254,1006,1064,1290,1052,856,1063,1505
650,735,620,669,610,738,663,919,676,743,617,932,703,753,718,677,852,722,776,649,882,698,843,707,934,784,731,673,929,623,713,684,911,736,655,668,934,794,687,948,725,831,687,685,745,621,672,946,761,729,647,900
male or female.
1370,840,1478,998,1324,1505,1065,1313,1087,1007,1347,833,1499,988,1524
806,713,729,618,918,674,664,925,713,631,862,707,707,611,882
what's your email address.
934,1291,834,1124,1503,954,1295,1277,1493,1369,1070,1280,1016,1361,830,1417,1478,1309,873,1028,1033,1072,1009,956,956,1503
640,737,702,693,716,677,912,662,647,654,666,933,632,837,716,684,736,944,748,695,696,681,627,677,693,868
my watch has been stolen.
how long is the flight.
1337,1152,1310,926,847,1127,1051,1291,1297,1299,858,955,1310,1155,971,979,1316,1306,954,1114,1476,1469,1002,1297,1533,1720,1297,1476,911,1289,1464,1474,1295,1123,1280,1408,1274,1254,1105,1254,991,1252,1071,1433,1385,1129,1230,1112,1492
838,711,933,638,718,696,788,755,956,755,732,692,939,808,608,615,843,959,684,689,703,744,622,848,874,705,726,674,632,943,732,671,834,727,933,666,936,973,685,762,608,985,708,746,677,733,766,685,887
there's a restaurant near here.
1106,1249,991,1048,988,1590,920,1274,826,1274,1054,998,928,1112,822,1339,1054,823,1291,1104,1259,1291,993,815,1078,1264,1256,994,1051,980,1469
688,744,616,665,606,729,649,905,708,900,663,621,650,680,710,660,655,708,829,676,935,821,609,705,661,919,741,612,657,599,894
what can i do for you.
911,1252,820,1119,1242,1038,828,1260,1259,1371,1260,1009,1442,1272,1070,1446,1050,1259,1249,1469,1327,1482
625,775,701,685,966,760,710,862,985,689,968,691,704,952,716,694,657,964,705,678,684,888
is there a nightclub in town.
1384,932,1273,1101,1268,984,1051,984,1275,840,1279,1281,1397,1116,1253,1098,1051,1447,1323,1126,1273,1421,1297,1309,1091,1491,908,1274,1499
659,659,915,680,740,608,664,600,927,713,924,827,669,707,749,672,753,732,682,790,963,664,812,947,674,692,617,838,838
now or later.
i'd like a single room.
1273,1460,911,1273,1486,1057,1293,1473,826,1143,983,1042,1483,1674,1412,1483,1014,1303,1473,1401,1413,993,1305,822,1302,926,1410,1298,1104,1445,984,1302,1056,1474,1483,1378,1468
846,703,625,941,692,664,951,746,715,698,608,655,853,681,649,733,654,890,697,645,735,621,906,712,905,663,651,806,711,738,615,909,662,680,683,804,846
i'll pay for the tickets.
will you hand me a towel please.
1411,1557,1502,1496,1326,1594,821,1244,1300,1073,1476,1058,1301,1107,1268,1005,1291,1106,1401,1056,1393,1008,1101,942,1519,1610,927,1408,1476,1489,1294,1285,1500,1353,1280,1291,851,1284,1037,1291,1367,1006,1314,831,1315,1096,1470,929,1004,1483,1303,1540,1446,1007,852,941,1022,1483
650,708,717,712,918,672,709,661,923,700,665,660,926,677,741,611,939,681,664,763,728,617,681,644,865,700,633,663,705,700,931,689,661,655,949,756,713,839,655,968,820,623,952,711,954,682,704,634,618,753,947,699,744,631,717,663,637,876
we're late.
918,1008,1560,1055,1002,1313,1486,826,1108,1000,1536
641,629,743,660,613,938,753,707,671,604,878
if you need my help, please let me know.
1434,1094,1325,1310,1530,1392,1309,1332,1010,1007,1020,1324,1388,1148,1318,1318,1009,1505,1587,1496,1328,1594,1476,1010,835,948,1027,1295,1482,1016,1131,1310,1383,1007,1333,1438,1317,1500,921,1503
680,698,944,676,655,660,943,825,626,624,676,951,804,697,943,769,626,735,678,883,966,670,734,622,706,666,634,963,740,616,681,953,829,612,949,740,857,682,620,863
i have a lot of things to do.
did you come with your family.
1423,1307,1288,842,1141,991,1327,854,1337,1524,1512,1135,1320,1516,1096,1310,1110,1233,1355,1258,1131,961,1279,1120,1461,1273,1034,1448,1470,1620,1029,1405,1030,1309,1299,1512,1376,1310,1519,1391,1005,1301,1276,929,1420,1113,1270,1273,1292,1480,1351,1069,1273,1088,853,1347,1395,1484,1281,1485
676,930,753,711,800,618,939,719,942,741,679,683,940,695,700,950,688,789,708,876,742,679,972,700,719,973,722,729,883,664,704,688,696,931,685,654,657,948,681,836,634,948,931,628,644,679,736,962,692,670,669,665,961,710,716,848,668,729,666,862
i don't want it.
the book is next to the table.
1425,1306,1041,1491,1306,1516,1128,1306,949,853,1294,1118,1287,1406,1119,1500,1677,1116,1306,1021,1300,1162,1498,1510,1422,1316,1444,986,1309,1319,1035,978,1153,1303,1151,1511,1298,1135,1295,1036,1305,1152,870,1200,1492,1005,1502
646,923,675,659,814,702,680,938,638,714,837,691,968,677,695,863,689,692,729,622,924,793,669,666,735,931,665,685,930,807,631,762,660,959,676,693,959,676,763,615,970,685,702,817,764,608,861
where did it happen.
976,1330,1051,1111,1046,1331,1063,1453,1055,1335,1466,1137,1333,1318,880,1595,1584,1035,1303,1514
645,734,632,681,619,951,713,682,716,950,672,692,952,787,720,707,712,621,861,870
where does your wife work.
981,1325,1047,1118,1044,1313,1079,1503,1047,1004,1323,1320,1551,1411,1120,1308,975,1451,1136,1043,1318,956,1517,1103,1433,1523
648,744,626,676,618,966,733,695,636,689,955,712,687,688,672,982,641,691,721,627,963,636,705,675,742,858
what's the exchange rate.
986,1340,889,1165,1550,1019,1342,1173,1331,1057,1327,1066,1044,1117,1340,907,1340,1184,1050,1345,1121,886,1183,1040,1525
644,737,711,707,737,695,942,706,748,628,952,644,785,777,754,722,851,746,627,952,678,707,709,614,874
do you have the number for a taxi.
his son.
1094,1536,1328,1349,1565,1424,1319,1344,927,1187,1061,1334,1175,1349,1069,1346,1351,1377,1426,1232,1046,1110,1366,1147,1557,1118,1340,897,1340,1173,883,1055,1491,1516,1639,1318,1434,998,1325,1001,1520,1320,1513
714,684,947,683,661,656,949,749,740,822,636,942,696,741,627,945,812,675,830,824,626,671,913,713,636,669,919,719,926,698,711,788,650,844,627,736,664,673,937,673,677,829,860
where does your wife work.
976,1331,1045,1119,1049,1328,1086,1495,1052,995,1325,1318,1526,1387,1117,1297,979,1443,1125,1043,1313,972,1513,1111,1413,1491
638,720,617,674,613,913,689,649,621,665,923,676,661,656,667,927,636,663,691,615,950,635,694,667,744,828
excuse me.
is it ready.
1071,1036,1116,1423,1014,1076,1339,1432,1053,1563,1703,1468,998,1341,1473,1159,1339,1119,1057,893,1088,1321,1532
648,786,794,631,701,650,925,810,633,841,656,644,674,886,635,691,906,677,625,721,688,646,867
i have money.
1455,1334,1324,894,1169,1044,1363,1402,1530,1345,1048,1296,1540
645,912,731,729,817,644,927,816,666,824,630,642,857
the whole day.
1178,1058,1037,1295,982,1295,1485,1485,1040,1304,1082,894,1214,1505
704,624,620,937,643,735,681,763,620,959,712,724,697,883
are you busy.
903,1123,1054,1341,1317,1521,1386,1276,1222,1358,1006,1263,1481
717,679,618,921,676,668,654,969,842,674,675,687,871
i'd like the number for the hilton hotel please.
it's on 7th street.
1440,1568,1091,1321,1506,1444,1440,1061,1336,1160,1318,1061,1330,1329,1353,1393,1232,1027,1106,1328,1144,1490,1120,1300,1161,1289,1056,1299,1298,1418,1491,1163,1490,1297,1325,1288,1489,1139,1049,1513,1330,1612,1479,1057,894,992,1063,1521,1687,1449,1152,1533,995,1344,1528,1334,1334,1347,1166,1294,1299,1004,1175,1124,1065,1059,1172,1497
675,743,701,924,713,662,774,651,927,705,736,629,940,826,683,851,829,616,665,928,714,682,670,959,694,770,622,979,774,685,742,697,691,866,982,802,703,677,614,743,940,658,747,623,724,676,638,865,674,661,691,751,673,910,671,794,942,420,700,743,944,685,699,679,636,635,696,875
will you put this in the car for me.
1004,1457,1536,1537,1339,1340,1554,1414,1333,1626,1393,1161,1341,1164,1336,1453,1005,1328,1463,1343,1339,1159,1325,1073,1329,1129,918,1151,1340,1146,1509,1127,1318,1389,1074,1528
658,672,713,712,943,691,672,671,948,695,675,696,971,705,774,700,683,979,692,831,973,697,769,635,976,779,735,686,966,747,716,681,977,858,638,864
the book is under the table.
are you hungry.
1189,1322,1074,1327,1220,1523,1528,1432,1346,1461,1032,1338,1383,1348,1109,1074,1134,1360,1177,1337,1340,1319,1169,893,1224,1514,1066,1553,1659,916,1130,1066,1322,1335,1536,1416,1326,1322,1373,1351,1220,1109,1226,1472
707,755,639,964,812,688,687,750,952,685,696,945,678,828,713,642,676,941,689,769,961,966,687,713,834,748,633,846,703,729,687,625,921,689,671,666,961,767,689,844,754,666,710,906
it'll be cold this evening.
1469,1172,1552,1501,1512,1353,1217,1033,1353,1128,1540,1523,1087,1348,1174,1338,1463,1013,1261,1047,1195,1030,1290,1384,1300,1180,1492
652,695,736,754,753,935,804,618,942,788,688,748,728,956,708,772,695,677,1024,651,851,640,874,700,887,740,858
is this the bus to new york.
1424,1012,1335,1168,1315,1449,1017,1335,1168,1322,1076,1336,1208,1390,1027,1334,1168,1507,1333,1325,1084,993,1295,1328,1538,1143,1435,1510
700,701,948,720,785,699,693,960,716,793,648,976,804,718,690,979,721,733,987,863,652,651,1016,732,718,699,793,888
you're very smart.
there's a book under the table.
1317,1568,1426,1575,1138,1074,1339,1203,1072,1125,1208,1323,1042,1394,922,1147,1210,1505,1693,1185,1320,1068,1132,1077,1544,1024,1326,905,1319,1242,1533,1536,1427,1342,1400,1378,1110,1089,1143,1346,1190,1337,1092,1335,1193,908,1253,1513,1054,1543
711,697,697,777,703,639,979,843,657,689,699,982,720,860,735,696,713,890,749,708,797,634,687,634,787,692,999,731,996,837,728,727,788,978,712,825,735,672,693,984,711,787,638,993,716,720,852,770,635,933
i still have to brush my teeth and take a shower.
1461,1333,1024,1195,1440,1496,1496,1343,1319,924,1193,1063,1313,1188,1517,1323,1232,1154,1403,1035,1353,1336,1414,1304,1334,1189,1067,1072,1191,1318,1337,917,1349,1111,1354,1192,902,1435,1084,1359,929,1348,1032,1332,1514,1002,1080,1152,1517
679,969,711,717,693,752,753,959,782,735,856,645,954,713,690,979,837,690,694,729,773,985,821,701,962,711,640,637,711,769,975,737,833,688,964,715,727,769,645,960,743,981,691,787,726,657,646,701,856
what's your name.
1014,1388,916,1205,1743,1034,1365,1369,1587,1437,1152,1347,1370,907,1439,1076,1546
669,770,732,715,807,693,966,723,690,694,699,977,843,732,817,638,857
do you think it's possible.
does this road go to new york.
968,1449,1226,1234,1464,1314,1228,1056,1234,1369,1229,1339,1259,1372,1058,1576,879,1256,1567,1451,902,903,1383,1118,1433,944,1422,1709,997,1454,977,918,1289,1077,1262,1384,912,1274,1045,1465,821,1000,1277,1115,1463,1270,1073,1472,1260,1256,982,909,1242,1229,1463,1057,1358,1467
674,686,974,711,682,692,990,699,764,690,843,772,971,694,700,813,675,986,720,709,712,716,712,829,780,641,856,825,725,707,667,703,968,718,775,705,683,980,705,724,752,698,982,764,725,990,720,725,977,866,654,659,963,725,681,693,762,851
he has a nice car.
1273,964,1261,1280,801,920,1278,796,1278,1269,1422,1061,991,1280,1064,846,1067,1479
737,630,952,744,724,681,950,722,950,844,665,771,636,967,787,738,692,870
it hurts here.
1388,1100,1281,1261,1342,1065,1125,931,1304,1295,1005,1072,997,1508
679,709,949,762,686,696,720,683,968,790,648,707,637,853
near the bank.
1272,1002,831,1077,1294,1122,1273,1005,1295,1185,873,1274,1386,1504
841,651,733,689,969,706,791,631,978,847,746,849,757,847
i'm allergic to seafood.
1403,1636,1368,1315,855,1487,1490,1006,1068,1135,1414,1086,1302,1116,1498,1288,964,1023,846,1091,1489,1499,1044,1469
686,800,871,971,741,745,750,651,697,740,708,824,969,708,711,984,717,669,742,745,728,724,732,863
i like her.
1395,1292,1488,1417,1401,1001,1325,1303,994,1064,1531
690,958,744,692,786,646,957,789,638,681,854
i can't hear you clearly.
1420,1311,1069,850,1310,1621,1104,1297,1299,1007,836,1070,1304,1287,1514,1380,1290,1053,1481,1003,824,1064,1467,1255,1467
672,957,797,742,840,773,689,978,798,644,737,690,982,732,695,697,998,784,746,654,733,694,763,675,893
i haven't had lunch yet.
1408,1300,1272,843,1113,1010,1305,1647,1104,1309,1299,851,1032,1316,1493,1352,1318,1065,1274,1276,1144,987,1108,1495
681,964,772,745,810,659,853,799,689,949,768,742,716,955,748,690,853,812,752,985,731,630,681,894
when did this happen.
931,1313,1012,1312,1326,1047,1428,1038,1317,1104,1295,1416,951,1316,1288,839,1568,1583,1004,1296,1492
656,738,638,823,967,697,676,682,959,703,775,692,685,970,798,736,743,736,642,875,888
how long will you be staying.
i don't speak english very well.
1292,1485,922,1310,1467,1495,1290,1136,1313,917,1424,1485,1496,1322,1313,1509,1373,1299,1188,990,1304,987,1144,862,1165,1401,1308,1160,1498,1700,1413,1302,1037,1490,1291,1642,1121,1311,963,1587,1024,854,1409,1334,1023,1306,1162,1493,1434,977,1301,1295,1156,1037,1110,1303,1311,946,1031,1501,1496,1548
769,702,659,967,757,697,877,750,982,660,696,755,750,965,733,702,713,983,827,641,984,723,723,746,708,718,883,775,865,723,682,952,718,698,863,793,713,969,714,749,658,742,776,978,655,869,769,770,722,706,1052,994,808,656,706,723,983,659,646,769,771,870
certainly.
i'm thirsty.
1098,1039,1107,1169,864,1439,1306,1488,1303,1527,1673,1446,1609,1416,1359,1140,1323,1454,1101,984,1133,1294,1326
800,661,699,716,729,685,847,750,699,831,692,685,790,868,948,717,772,691,700,692,713,996,714
i wish i had one.
1427,1309,948,1422,975,1300,1301,1428,1306,1278,872,1051,1294,1485,1299,1012,1505
689,969,657,689,703,766,978,678,967,778,749,694,1002,716,873,637,890
expiration date.
there's plenty of time.
1039,1006,1560,1428,1096,867,1138,1421,1479,1320,1354,1077,873,1167,1051,1522,1718,1152,1365,1051,1119,1047,1615,992,1367,1614,1510,1043,1333,1159,1302,1326,1530,1128,1340,1174,1456,1431,1053,1561
655,765,721,673,691,753,710,722,765,897,991,672,735,707,627,880,716,711,765,646,695,639,799,690,965,705,748,646,864,711,723,976,705,725,972,722,699,871,650,861
will you call me a taxi please.
983,1458,1526,1527,1348,1324,1547,1403,1331,1129,899,1525,1521,1339,1395,1054,1352,890,1348,1165,919,1040,1481,1341,1644,1502,1071,895,1007,1077,1523
675,709,750,752,956,728,692,695,987,798,754,757,755,982,879,661,978,743,981,723,779,816,684,979,703,805,675,755,731,682,914
when does the bank open.
when do you arrive in the u.s..
976,1364,1053,1349,1369,1093,1536,1066,1015,1374,1165,1337,1064,1350,1223,905,1330,1445,1369,1502,1604,1059,1357,1521,1663,974,1340,1058,1354,1369,1100,1552,1343,1351,1566,1427,1353,911,1138,1140,1473,1176,1044,1352,1465,1352,1357,1163,1315,1058,1351,1403,1523,1017,1523,1524
679,770,665,864,995,715,696,670,711,978,729,790,659,979,842,751,870,757,973,679,695,659,869,886,682,675,773,658,875,977,716,694,978,722,688,697,973,757,706,709,709,837,654,991,707,857,982,722,808,647,987,711,886,711,847,886
what's the address.
where is the bus station.
992,1350,884,1179,1664,1004,1346,1163,1337,1057,1346,883,1087,1078,1129,1070,990,989,1520,1726,984,1359,1068,1125,1056,1349,1480,999,1350,1171,1344,1066,1351,1218,1399,1010,1341,1009,1182,866,1170,1450,1524,1354,1504
674,786,736,720,793,694,962,725,779,652,981,746,688,692,703,650,689,693,853,781,679,762,660,704,648,954,684,693,960,719,771,652,967,823,715,693,975,703,727,728,719,699,745,864,889
here it is.
1334,1062,1119,1047,1299,1417,1176,1305,1417,990,1463
779,653,700,640,981,686,715,979,690,725,858
this is mrs. smith.
how many hours a week do you work.
1154,1305,1434,991,1339,1452,993,1344,1406,1127,987,1511,1374,992,1399,1468,1160,1321,1487,1726,1325,1504,963,1339,1406,874,1334,1216,1355,1316,1518,1388,1142,1009,1355,910,1353,991,1067,1076,1478,1368,1099,1557,1335,1344,1570,1423,1343,1002,1547,1133,1456,1521
717,780,697,697,961,685,697,962,836,708,703,862,943,712,855,706,720,794,875,806,781,729,667,978,851,748,855,729,972,792,728,733,714,707,979,755,978,676,657,660,761,969,732,710,978,738,704,709,983,680,714,712,798,855
let's go have a look.
1498,1057,1177,1652,998,1335,1180,1525,1340,1335,894,1170,1065,1349,913,1335,1507,1517,1530,1447,1499
741,660,722,801,702,968,745,713,970,787,753,778,660,969,761,975,763,716,710,753,853
i'd like to go shopping.
more than that.
1488,1656,1095,1378,1550,1495,1485,1062,1379,1167,1553,1355,1175,1557,1338,1015,1332,1521,1635,1626,1473,1339,1204,1501,1708,1395,1505,1144,1077,1357,1184,1325,897,1346,1364,1185,1332,895,1179,1523
694,797,692,945,741,685,785,657,948,727,703,964,751,702,983,709,795,716,695,699,706,895,769,890,752,867,760,723,661,963,732,793,745,875,999,736,815,746,733,865
please speak slower.
1636,1512,1082,910,1019,1094,1367,1029,1625,1088,912,1462,1370,1031,1534,1532,1000,1089,1150,1541
705,761,669,753,730,680,978,727,709,678,760,775,975,734,759,714,681,664,715,883
will you remind me.
995,1492,1569,1565,1369,1370,1576,1437,1359,1132,1073,1430,1474,1357,1096,1363,1411,1077,1541
681,678,737,736,957,704,682,679,961,698,665,869,720,859,690,976,866,670,869
why not.
i'm not afraid.
995,1347,1231,1365,1341,1509,1179,1525,1678,1460,1649,1424,1375,1346,1524,1174,1349,911,1155,1144,926,1469,1104,1529
678,760,750,961,855,731,718,886,714,702,785,870,970,845,708,717,968,755,747,704,756,712,713,846
what time do you go to work everyday.
1001,1362,881,1193,1352,1190,1465,1425,1072,1370,1112,1551,1352,1355,1584,1444,1345,1206,1566,1339,1188,1550,1339,1002,1550,1137,1459,1379,1062,1189,1068,1144,1329,1111,931,1280,1530
678,771,739,728,978,719,698,856,654,971,708,704,973,736,701,697,977,762,700,967,732,709,977,675,709,709,804,975,652,828,654,697,692,733,743,742,871
i'm fine, and you.
1441,1676,1404,1360,1163,1473,1356,1071,1486,1381,919,1366,1107,1365,1345,1571,1433,1555
722,801,876,998,752,702,851,654,894,984,760,847,698,964,728,691,690,828
why did you do that.
995,1335,1233,1337,1141,1458,1126,1343,1342,1567,1420,1332,1131,1540,1334,1191,1332,918,1194,1506
671,750,723,959,712,683,695,956,719,688,693,959,715,692,964,715,780,738,715,863
i'm going to leave.
1454,1625,1403,1355,1206,1536,1467,1353,1218,1354,1189,1526,1342,1524,1107,924,1196,1079,1528
692,790,865,960,754,698,678,846,759,963,725,713,968,760,672,753,804,658,847
everything is ready.
1088,1210,1069,1164,1335,1206,1359,1476,1367,1223,1373,1502,1050,1355,1161,1094,916,1115,1208,1523
657,846,643,690,684,714,768,707,848,753,971,691,708,963,711,659,748,705,699,894
is this the bus to new york.
1453,998,1333,1169,1338,1457,1001,1332,1166,1320,1062,1331,1207,1393,1019,1321,1182,1513,1325,1318,1076,983,1342,1308,1551,1131,1455,1587
716,712,970,716,780,701,702,976,714,785,647,976,804,702,707,983,723,714,990,872,656,655,992,737,697,688,751,855
i'd like to send a fax.
1446,1622,1104,1320,1502,1434,1429,1083,1338,1176,1529,1320,1023,1084,1332,1105,1330,926,1327,1149,922,1052,1505
689,771,694,948,740,685,794,668,960,713,697,965,725,669,867,707,983,755,986,735,754,821,865
is it raining.
what's your favorite movie.
1448,1013,1346,1453,1172,1341,1132,904,1447,1336,1450,1337,1201,1511,1647,1001,1351,898,1180,1599,1018,1355,1335,1536,1394,1131,1332,1146,912,1176,1515,1134,1443,1183,1067,1332,1393,1498,1210,1439,1056,1514
692,717,961,678,712,961,697,737,677,845,696,849,748,858,718,665,760,734,705,786,704,937,719,687,694,690,956,744,743,821,705,692,690,710,636,976,849,698,820,694,647,847
please wait for me.
1612,1491,1084,911,1017,1091,1349,1006,904,1453,1179,1349,1153,1528,1132,1332,1404,1073,1516
669,745,664,744,721,673,977,671,757,713,708,966,757,704,694,978,857,653,845
is everything ok.
1459,1025,1355,1082,1200,1072,1145,1337,1192,1328,1465,1339,1212,1363,1531,1438,1529
689,711,954,665,844,639,698,708,707,788,713,885,763,975,710,799,887
be quiet.
do you study english.
1223,1056,1337,905,1403,1487,1080,1184,1513,1681,1116,1544,1346,1348,1589,1435,1355,1032,1196,1416,1111,1317,1330,1085,1353,1217,1516,1463,1024,1338,1523
843,645,959,702,697,675,637,702,838,730,730,680,948,707,673,684,953,726,696,677,739,699,960,647,834,755,754,691,708,776,872
can you recommend a good restaurant.
1146,923,1382,1387,1363,1591,1446,1373,1148,1083,1134,1545,1434,1431,1084,1362,1103,1370,941,1357,1212,1534,1544,1103,1341,1147,1084,1027,1192,893,1415,1139,890,1352,1185,1558
804,749,827,963,693,676,674,952,696,647,797,694,834,834,670,870,716,945,756,946,759,691,689,697,949,694,653,692,712,728,717,680,724,878,704,861
who taught you that.
1000,1344,1537,1353,1208,901,1420,1226,1346,1185,1351,1355,1560,1422,1348,1213,1344,924,1203,1558
658,768,702,967,719,735,715,757,789,714,998,737,710,714,992,721,801,736,717,889
it's less than 5 dollars.
1463,1191,1645,1031,1370,1538,1092,1030,1031,1374,1189,1352,914,1345,1366,1257,1348,1126,1509,1509,1511,953,1159,1047,1517
703,710,811,702,968,750,649,696,703,962,711,790,735,852,993,552,1001,711,717,774,775,752,698,721,887
i'm not afraid.
1463,1632,1418,1373,1340,1535,1188,1358,921,1165,1147,936,1464,1113,1523
724,810,878,990,863,729,713,978,741,739,699,751,723,731,876
how much is that.
1361,1557,999,1361,1421,1441,1151,1345,1351,1477,1053,1363,1209,1360,921,1210,1547
767,705,666,966,858,588,830,767,973,675,733,958,734,788,732,729,869
at 7 o'clock at night.
934,1210,1364,1352,1361,1546,1665,1169,1524,1549,1172,1475,1373,943,1239,1358,1351,1458,1229,1341,1220,1531
746,718,932,557,942,691,776,771,749,692,769,744,936,702,702,947,827,691,742,769,695,829
what are you thinking about.
how long does it take to get to georgia.
1043,1376,932,1225,1370,941,1169,1099,1373,1371,1583,1445,1356,1213,1327,1475,1362,1472,1478,1364,1225,1366,941,1270,1549,1408,1178,1503,1702,1351,1542,1016,1368,1541,1555,1358,1221,1376,1121,1547,1096,1047,1385,1493,1209,1365,1208,923,1491,1101,1377,1205,1562,1360,1237,1114,1229,1358,1211,1557,1353,1239,1085,1542,1169,1237,1470,919,1559
653,740,708,694,941,723,680,620,936,705,673,675,944,692,783,682,835,740,683,845,746,953,721,831,692,690,672,867,710,752,690,642,942,741,682,845,734,943,722,684,634,686,939,665,693,945,693,705,750,622,927,691,678,937,746,623,693,941,681,678,943,746,616,660,672,745,666,713,884
i'm cold.
the cars are american.
1458,1636,1412,1370,1160,1552,1528,1116,1535,1751,1190,1345,1089,1348,1151,949,1167,1043,1379,943,1155,1092,1358,932,1422,1092,1153,1472,1147,926,1360,1542
684,771,842,961,778,669,761,698,851,772,686,761,617,952,753,731,673,690,938,728,674,617,934,718,814,624,667,688,752,718,820,839
do you have a pencil.
at 7 o'clock in the morning.
1122,1529,1327,1339,1577,1429,1349,1344,940,1218,1085,1333,937,1318,1600,1086,1315,1148,1441,1508,1509,1679,912,1200,1355,1334,1350,1528,1626,1159,1518,1518,1161,1438,1355,1474,1356,1366,1201,1332,1084,1350,1398,1540,1149,1341,1452,1341,1206,1536
698,678,954,695,669,670,944,757,731,819,636,964,737,959,729,638,858,740,688,748,848,710,716,694,949,577,954,708,784,785,742,713,780,765,956,676,833,976,712,791,630,970,834,716,690,889,700,886,733,906
who is it.
give me a call.
1025,1311,1493,1341,1442,1034,1345,1440,1201,1499,1746,1223,1470,1224,1071,1370,1413,1086,1378,944,1370,1177,946,1529,1527,1530
655,777,709,965,699,704,979,703,714,883,786,741,693,829,635,959,836,639,955,735,960,793,735,740,745,869
does anyone here speak english.
1146,1536,1113,1065,1377,953,1375,1305,1530,1352,1116,1372,1351,1114,1175,1108,1370,1067,1612,1115,952,1461,1383,1115,1367,1259,1528,1478,1071,1351,1543
724,690,653,695,962,737,859,711,710,868,642,977,796,637,688,626,978,712,715,640,732,798,981,637,877,767,787,718,710,791,873
do you have an appointment.
1153,1562,1359,1349,1574,1441,1364,1367,957,1256,1121,1368,954,1364,1373,946,1617,1616,1528,1460,1348,1236,1408,1117,1346,1233,1542
693,687,958,715,684,686,961,786,730,810,645,969,730,844,981,725,713,716,703,697,863,713,868,635,905,711,886
i'm getting ready to go out.
i'm sick.
1484,1668,1474,1411,1258,1114,1233,1232,1516,1402,1256,1395,1206,1129,960,1160,1303,1371,1246,1569,1371,1287,1560,1366,1560,1442,1246,1561,1739,1519,1687,1468,1411,1101,1520,1206,1508,1585
702,788,848,958,749,641,698,697,702,850,729,963,695,645,735,700,698,964,704,701,964,758,703,967,697,699,700,870,712,665,779,846,958,705,691,798,771,870
we're from california.
1064,1146,1683,1208,1145,1390,1227,1214,1558,1475,1424,1188,985,1569,1511,1229,1565,1203,1368,1491,979,1554
658,646,786,693,636,959,733,677,686,869,983,788,739,780,712,753,716,688,871,727,735,880
i don't mind.
1491,1381,1155,1560,1364,1701,1235,1407,1453,1493,1370,1157,1555
693,961,712,684,850,790,690,957,841,719,861,688,883
okay.
who is it.
1552,1486,959,1370,1565,1788,1046,1387,1580,1385,1520,1071,1391,1514,1227,1575
692,763,731,671,896,712,651,772,706,956,680,695,950,682,696,851
what time do you think you'll arrive.
1047,1390,949,1238,1400,1234,1516,1471,1128,1417,1157,1597,1393,1400,1634,1476,1400,1224,1378,1530,1390,1517,1408,1393,1615,1464,1681,1581,1576,1393,975,1205,1203,1528,1231,1107,1566
654,751,716,696,926,699,662,833,633,923,709,665,935,694,665,672,940,689,772,677,861,760,962,705,680,681,796,750,749,951,732,686,684,685,818,628,863
all day.
have a good trip.
980,1571,1570,1404,1155,986,1318,1598,1720,1400,1001,1238,1160,1420,995,1412,1284,1604,1604,1163,1401,1272,1199,1523,1681,1599
735,746,744,956,709,723,686,865,723,761,735,789,660,927,736,964,759,694,697,696,963,709,672,690,750,911
what time did you go to sleep.
1069,1397,967,1269,1389,1258,1502,1484,1142,1427,1178,1531,1178,1416,1386,1626,1469,1398,1297,1595,1393,1260,1587,1380,1105,1555,1156,1155,1644,1600
651,775,712,705,980,713,690,863,630,966,721,693,713,968,731,691,698,964,755,705,977,716,704,969,719,782,642,648,735,876
open the window.
1581,1697,1149,1420,1431,1253,1406,1155,1416,1064,1528,1428,1174,1587,1067,1598
694,718,653,885,978,707,788,641,959,656,693,855,699,710,645,857
please speak slower.
1674,1573,1165,986,1105,1170,1418,1104,1656,1158,980,1522,1429,1105,1584,1599,1066,1146,1226,1575
697,757,656,734,697,661,976,707,702,655,734,779,965,724,763,697,659,639,693,883
can i take a message.
how is she.
1225,992,1413,1417,1535,1427,1276,990,1534,1158,1418,997,1377,1497,1166,1101,1105,987,1285,1145,1563,1809,1353,1565,1065,1378,1516,1066,1401,1083,1392,1127,1543
803,742,845,948,677,952,725,730,770,652,959,741,968,822,652,687,703,736,752,642,860,736,791,715,657,997,712,701,989,731,800,654,923
who is it.
do you feel better.
1029,1370,1559,1372,1498,1066,1373,1494,1220,1566,1763,1134,1566,1386,1377,1605,1465,1390,1203,1107,1107,1582,1402,1281,1082,1230,1232,1097,1170,1595
671,796,738,1008,712,730,997,717,718,876,747,697,726,971,732,704,701,984,748,651,648,769,978,835,636,718,718,635,689,909
