try to say it.
729,660,882,858,735,1115,926,523,454,873,860,1010,755,1191
528,521,505,766,534,522,754,579,617,520,756,550,526,730
what's in it.
534,904,455,777,1392,518,1003,1096,948,950,1096,750,1244
497,603,601,540,604,579,802,528,684,807,525,504,710
how long will it take.
914,1123,473,913,1152,1104,927,756,936,502,1036,1139,1151,973,1033,718,922,715,465,1077,591,1205
659,561,486,807,660,535,719,588,832,503,524,621,642,810,538,518,827,525,591,622,506,718
how much does this cost.
900,1137,487,925,1260,1029,971,656,886,873,619,1142,597,538,919,743,906,1054,530,937,652,1149,560,772
640,538,476,791,1028,731,545,668,646,798,582,561,504,563,849,534,639,551,582,837,674,577,594,521
are you afraid.
441,688,619,409,988,810,1180,982,895,462,687,709,506,1091,647
605,538,491,880,832,535,531,523,776,614,615,524,562,530,590
where would you like to go.
553,922,630,692,631,944,560,1181,1027,1186,675,950,481,888,1181,1020,939,1180,1077,1086,655,982,813,1179,964,825,1174
442,561,435,455,420,750,456,462,473,551,531,740,822,488,488,485,732,581,486,573,454,784,495,490,750,572,501
is there a restaurant in the hotel.
at 5th street.
1099,562,955,799,948,648,730,643,946,507,952,747,678,606,840,538,1058,751,534,986,831,967,1110,988,979,822,961,675,938,888,1193,808,680,1221,1250,1449,532,833,975,829,854,986,971,610,824,760,691,697,834,1248
480,551,751,507,563,493,485,475,791,572,769,506,476,550,520,546,489,482,540,694,501,783,519,678,787,501,618,488,786,599,512,501,491,618,704,627,578,534,800,450,535,599,777,550,527,505,501,504,514,692
that's her book.
826,979,532,826,1387,589,1015,984,666,753,973,884,1184,1189,1133,1248
538,612,578,536,561,557,752,618,498,492,786,682,528,526,614,714
i'd like a table near the window.
1146,1382,669,995,1235,1117,1140,651,1019,515,1020,818,530,864,1251,689,1050,1020,677,544,752,1000,827,985,688,976,619,1147,1025,730,1210,620,1256
431,558,546,749,575,510,585,492,760,571,772,518,567,680,573,486,780,691,485,573,512,782,526,592,497,769,502,527,700,580,532,513,691
he doesn't look like a nurse.
972,674,956,693,1204,662,607,1016,1398,825,1043,1246,1137,1140,1123,1000,1254,1146,1143,675,1009,546,1008,1033,1070,757,638,693,1288
638,498,815,599,540,508,582,728,626,521,805,623,511,522,637,833,614,522,616,512,811,599,826,733,532,521,599,517,704
that looks old.
when will it be ready.
853,1002,576,842,1013,1241,1150,1151,1145,633,1041,1227,1242,726,1287,1479,611,999,706,1026,1010,630,1123,1215,1216,1040,1104,831,1016,894,709,1014,775,694,573,719,554,971
549,648,615,545,807,651,548,560,645,593,788,546,637,597,738,635,520,655,526,733,811,532,564,629,642,826,575,548,819,717,538,817,545,542,601,608,900,552
start the car.
i'll take that one also.
602,954,550,772,844,982,843,973,713,972,769,585,791,1223,1444,1114,1363,1210,1208,994,831,580,1113,709,1014,839,978,583,840,1164,995,1002,696,1025,565,1212,632,1195,1261
586,575,593,531,547,816,553,657,524,812,690,616,534,734,628,567,631,657,655,827,561,598,638,523,816,558,649,599,549,575,725,698,528,773,613,599,594,527,707
thank you very much.
what time did you get up.
476,821,975,548,1097,984,911,1186,1043,971,816,691,775,958,970,1072,1023,747,947,1212,1477,629,1000,560,831,1050,845,1115,1119,693,1084,706,1127,715,1029,904,1228,1080,1009,978,714,858,1026,1076,1310,1311
873,517,626,598,626,809,557,562,561,797,701,530,520,554,814,732,560,694,662,734,602,515,584,598,531,755,544,517,694,512,794,589,523,594,745,552,516,527,736,606,515,545,770,546,533,692
good morning.
855,1247,1246,696,1033,1096,1215,758,1015,1093,994,828,1257
638,533,537,602,814,752,549,545,747,555,701,621,741
that's it.
do you take credit cards.
857,961,582,849,1331,667,1043,1099,849,1266,1500,715,1243,1030,929,1242,1052,1019,864,604,1173,752,1072,776,794,729,766,1225,870,1065,772,605,834,757,697,1372
507,604,580,535,616,595,807,555,517,742,616,596,536,808,537,545,537,771,519,569,579,503,781,675,517,497,574,489,525,757,664,603,519,565,583,698
no, this is the first time.
excuse me.
1072,1276,1207,1107,852,1042,1188,651,1073,1206,666,1067,855,1037,723,1032,802,1186,791,660,866,1066,864,1167,1145,732,1297,1521,738,708,791,1056,676,754,1072,1176,758,1327
724,524,698,803,510,619,549,570,812,549,580,811,520,624,513,807,593,541,498,597,515,806,535,524,699,506,705,635,501,686,660,531,577,506,807,699,492,659
it rained very hard today.
1186,863,1046,813,618,1137,1036,738,760,1049,862,736,830,1004,1051,1000,584,814,763,1078,896,1266,759,610,994,1301
492,466,774,490,554,503,677,462,557,754,669,494,485,493,776,576,558,495,561,755,503,494,568,578,501,663
i have a cold.
1175,991,954,433,743,611,994,477,1009,652,1205,1248,621,1343
479,782,589,570,672,512,816,576,805,663,517,588,572,712
who taught you that.
549,930,1258,1040,824,524,1014,815,958,815,1025,923,1258,1072,999,824,991,536,844,1329
494,623,530,788,521,563,531,597,633,514,836,543,546,532,807,519,628,578,517,755
that's wrong.
791,942,532,797,1346,622,988,610,744,1166,1018,837,1209
505,619,581,526,582,573,757,506,508,539,705,601,686
i want to give you a gift.
1152,1015,624,569,1053,823,1031,826,1267,1076,858,1167,827,704,1029,916,1267,1095,1014,583,1014,878,1193,808,875,1320
535,790,502,580,701,519,772,527,548,770,608,559,690,506,810,548,556,557,786,586,805,617,541,596,539,711
what day of the week is it.
643,1005,585,871,1038,757,601,1029,993,1256,832,1058,873,1057,727,1019,624,732,732,1194,1071,1157,668,1022,1176,870,1331
494,627,575,520,797,575,593,529,760,515,575,760,522,596,498,783,492,498,500,614,790,540,564,817,486,514,690
what does this say.
i'm full.
642,1088,600,901,1064,780,1286,754,693,1063,914,1070,1206,679,1087,706,615,1050,1325,1574,1187,1469,1190,1126,853,1131,1302,1317,1350
467,582,581,512,817,581,540,502,570,831,521,633,530,534,820,577,596,506,711,606,509,577,705,793,588,500,578,608,708
are you afraid.
597,858,775,1102,991,1323,1147,1077,670,873,877,688,1248,824,1350
575,493,461,770,515,523,506,762,592,589,507,563,526,560,693
can we have some more bread please.
840,674,1119,1105,755,831,1122,1091,669,937,847,1126,760,1326,1238,830,1157,1241,1357,904,831,1161,1093,915,842,709,856,1184,1427,1354,839,712,798,866,1407
662,585,684,774,515,512,767,589,582,697,520,777,563,523,689,495,808,731,501,517,505,805,698,501,481,565,562,774,532,613,482,556,607,505,741
who's calling.
759,1105,1333,1510,782,1167,893,712,1386,1382,1271,1170,979,1390
503,617,517,609,585,793,683,594,625,636,555,703,594,729
everything is ready.
767,940,789,866,1028,932,1094,1256,1127,960,1128,1268,743,1137,888,806,672,835,1114,1370
500,653,498,492,525,518,631,525,680,594,825,490,568,764,510,489,568,570,493,690
i've never done that.
1138,1395,784,658,1012,1057,667,807,672,754,1032,694,1234,1031,674,1040,820,1031,550,843,1295
426,486,639,442,717,617,459,634,463,467,692,524,464,638,465,716,493,556,538,497,649
have you been to boston.
he's very hard working.
1023,469,843,711,1009,916,1287,1099,1009,995,679,684,1092,1050,849,1257,1062,914,1257,627,866,1242,1039,1312,1521,1035,678,1464,634,1107,846,724,805,1082,1028,1036,596,812,745,1036,654,1251,793,1206,1169,1073,873,1286
542,520,634,471,751,503,512,520,738,671,444,449,672,750,482,518,741,633,526,532,484,525,689,689,583,575,440,555,512,723,644,464,465,476,732,576,521,471,541,764,456,514,474,588,513,652,560,677
would you like something to drink.
can you carry this for me.
648,1290,1143,1296,759,1080,936,1264,1114,1039,1275,1183,1179,739,1064,696,1288,1202,756,901,1085,1226,1111,912,1090,888,1309,1111,801,832,1235,1122,1237,1337,1562,805,640,1113,1108,964,1311,1151,1074,827,670,886,896,1158,1095,944,1096,1245,719,1120,881,1314,870,1120,1205,787,1339
462,481,496,579,508,741,502,526,526,735,601,513,599,476,756,529,478,642,432,481,558,498,664,549,728,472,503,737,561,469,488,653,577,659,580,636,545,657,735,501,504,500,715,620,530,465,474,507,715,483,583,507,513,754,529,519,464,748,698,467,678
i'll call you on friday.
1125,1363,1263,1261,1045,684,498,1249,1237,1050,832,1257,1074,997,1206,1011,995,738,729,1181,682,519,1014,1317
380,481,467,474,647,556,479,493,506,653,429,455,460,656,453,589,676,493,406,433,465,474,424,585
i only have 5 dollars.
1196,1033,1306,1053,1293,998,1027,1050,544,807,694,1053,981,1049,710,1257,1282,1279,574,787,649,1339
404,721,458,636,552,444,708,554,488,583,427,725,344,699,491,452,526,537,506,453,500,636
what is it.
622,1055,589,906,1078,1195,646,1089,1207,866,1332
420,553,508,453,717,471,508,697,477,447,615
what does this say.
646,1053,587,894,1065,748,1279,729,670,1085,881,1054,1194,678,1080,690,601,1034,1325
440,561,518,466,725,501,497,435,515,722,473,566,498,506,728,520,514,447,646
let's share.
will you hand me a towel please.
1293,629,852,1454,658,1052,665,1032,596,800,751,1278,1511,690,1228,1304,1309,1143,986,1319,1168,1089,1083,615,1111,812,1107,1203,788,1147,651,1133,606,971,1311,738,1331,1149,1385,1321,794,671,756,819,1379
582,431,453,565,526,769,528,568,539,461,436,665,545,434,473,538,548,694,458,466,460,691,540,502,641,488,716,647,430,711,500,724,814,457,482,420,563,703,483,555,421,493,503,421,664
that's it.
where can i rent a car.
800,970,560,786,1355,618,990,1119,806,1255,1458,612,1039,700,763,700,1021,733,570,1048,1038,1178,1062,768,699,1051,834,1045,603,1068,777,591,805,1315
395,501,465,406,467,446,636,425,406,553,487,379,535,380,401,388,656,565,491,628,695,447,681,401,388,616,421,701,482,698,578,484,410,613
it's over there.
why did you say that.
1175,834,1448,619,1125,1288,806,688,776,1055,835,1047,693,775,703,1319,1542,630,1045,897,1063,739,1182,738,1041,912,1277,1106,1009,675,586,999,982,873,1039,603,879,1303
419,418,517,480,703,438,585,403,396,721,427,521,411,405,392,610,528,413,542,436,695,490,460,497,722,456,464,463,669,500,494,447,708,443,516,512,442,608
how far is it.
1038,1277,620,1061,763,551,775,1082,1179,631,1053,1184,835,1331
530,452,403,694,515,504,425,729,443,478,711,469,448,641
i'm not afraid.
are you working tomorrow.
1180,1437,1087,1054,1007,1253,863,1036,595,807,807,617,1165,768,1305,1544,598,824,755,1050,957,1251,1100,1022,662,1332,806,1227,1220,1110,882,1083,865,1306,1167,1302,802,798,1323,654,1335
497,550,671,750,678,517,460,741,525,541,458,487,511,506,639,563,506,467,427,732,476,506,517,723,424,493,444,563,488,651,524,729,451,502,636,509,446,445,502,419,643
does this road go to new york.
i think you have too many clothes.
765,1275,741,681,1060,874,1056,1206,687,1045,806,1287,597,759,1062,916,1287,1066,858,1266,1056,1074,724,650,1056,928,1261,797,1186,1302,1531,1165,1047,870,1034,1175,1065,1179,1055,955,1284,1093,1024,1026,620,875,776,1034,897,1254,1254,1060,1131,619,1074,934,1066,817,1325,1327,909,1085,758,698,1360
503,489,444,501,740,462,576,501,519,733,459,510,510,515,735,524,509,736,459,509,735,655,440,431,748,474,514,458,583,642,565,501,739,470,586,511,677,583,747,491,508,509,711,580,527,618,458,739,466,488,494,722,660,522,676,474,752,602,558,487,476,583,455,533,647
at 3 o'clock in the afternoon.
606,994,1061,733,1060,1227,1436,808,1238,1223,805,1160,1055,1137,1036,1026,878,1025,762,1006,625,832,896,772,850,1067,1270,1257,1047,1301
538,486,703,386,712,483,562,607,561,497,611,578,728,501,664,742,476,583,460,740,540,543,472,460,459,658,489,497,654,651
right here.
826,1181,905,1074,885,1066,1073,743,835,745,1310
456,436,546,545,465,714,557,458,460,441,637
he thinks we don't want to go.
1075,760,1062,908,1084,1225,1114,1216,711,1098,698,785,1094,803,1301,1107,1446,912,1122,745,662,1116,936,1109,937,1277,1129,1294,1278,1327
581,462,713,481,574,485,657,581,540,739,467,469,747,544,483,652,557,474,722,473,539,652,482,724,485,463,675,448,460,607
there are some books on the table.
i'd like a room.
923,1078,788,868,790,1065,648,882,809,1084,739,1310,1203,805,1116,997,1318,1322,1247,729,1109,1295,1124,1095,922,1105,800,1076,938,685,997,1332,824,1348,1596,1222,1468,800,1136,1352,1237,1263,791,1126,662,1126,872,1327,1325,1220,1400
483,565,467,465,460,731,541,472,450,725,523,482,642,467,732,636,483,488,588,527,740,498,646,743,481,579,465,731,493,522,639,577,467,636,556,509,562,523,716,540,496,578,459,726,531,729,469,491,505,656,678
i want to buy something.
1255,1131,735,677,1133,959,1116,946,1317,1117,995,1173,989,1118,760,1309,1199,822,949,1110,1240,1132,962,1362
498,724,455,526,659,471,735,489,522,720,622,501,487,757,505,507,661,462,487,600,512,652,558,659
i'm good, and you.
1274,1510,1237,1215,977,1361,1359,836,1300,1188,650,1165,836,1142,997,1352,1205,1385
491,565,657,727,549,496,501,538,663,725,541,654,529,727,486,474,483,609
of course.
at 5th street.
1358,926,1154,897,1360,1230,920,778,843,1360,1607,576,886,1054,888,905,1058,1037,680,898,817,743,743,886,1355
504,545,710,635,494,530,485,539,478,642,561,550,473,752,435,506,592,739,541,486,471,468,483,479,659
i don't mind.
1201,1076,799,1341,1128,1528,905,1107,1210,1229,1120,789,1366
518,766,560,453,641,546,483,713,647,476,625,555,646
what are you two talking about.
675,1065,619,864,1059,647,806,754,1059,955,1301,952,1077,904,716,1304,1107,890,657,1325,1247,1226,1122,924,1109,677,979,1329,1180,918,1319
497,570,587,494,727,579,502,493,739,502,503,506,754,523,501,531,732,512,577,586,580,509,658,594,749,591,685,519,511,507,665
i'm american.
1227,1477,1210,1151,663,1205,781,866,1298,864,673,1154,1377
484,579,679,763,573,685,508,505,497,672,564,668,656
someone does that for me.
766,1399,1239,824,1388,1162,827,1156,847,1399,830,773,1178,956,1160,706,994,1175,941,1402,915,1206,1296,856,1424
565,457,655,479,465,623,479,747,578,482,488,561,756,511,573,569,517,771,573,505,502,761,680,502,670
give me a call.
would you like to rent a movie.
1025,1311,977,868,1150,1279,853,1226,742,1205,906,743,1377,1378,1418,588,638,1364,1162,1342,756,1099,936,1332,1126,1039,1321,1206,1229,748,1092,917,1319,1107,852,785,1134,942,1129,663,1129,1211,1326,924,1250,788,1399
616,500,672,520,773,700,502,743,562,757,665,576,601,603,657,511,488,467,481,567,542,717,503,493,490,698,576,469,564,480,759,486,481,707,467,462,630,460,714,559,703,645,448,623,451,447,651
how much does it cost per day.
1079,1309,676,1119,1203,1150,840,1068,1074,791,1362,785,745,1126,1257,940,1133,841,1361,733,955,1145,1462,802,892,1144,828,659,1153,1451
591,493,445,767,671,444,632,565,749,542,458,480,562,723,485,491,712,614,474,560,471,757,490,469,450,767,540,556,430,633
you're welcome.
1109,1344,1236,1572,898,830,1149,748,835,1397,896,1386,1264,839,1434
454,463,432,563,451,454,728,463,446,539,628,450,612,420,652
i'm getting ready to go out.
i'm waiting for you.
1297,1547,1261,1181,1003,845,992,986,1300,1197,1015,1184,904,834,715,860,1098,1198,999,1397,1170,1014,1374,1179,1392,1218,1019,1413,1630,1312,1541,1268,1213,795,738,1311,1003,1314,1220,1036,1167,970,1426,939,1187,1044,1387,1187,1379
462,541,663,752,569,463,474,484,478,649,543,756,446,434,540,512,479,729,483,481,729,569,486,731,487,484,483,666,570,480,590,671,754,469,553,479,479,488,632,557,727,560,492,469,727,456,508,506,643
we can eat italian or chinese food.
does he like the school.
614,702,1079,737,539,1111,1091,696,582,875,1091,1237,884,646,1351,1223,630,1122,1112,1322,805,1109,793,1082,1257,1135,746,697,768,1078,854,1347,1344,772,1361,1634,777,1321,748,695,1131,1094,755,1076,1327,1224,1243,754,1114,896,1107,770,1078,685,789,1098,1334,1348,1340,1420
454,459,639,605,507,579,656,415,495,435,790,489,452,500,573,501,495,657,742,512,436,750,586,617,496,677,433,528,446,774,536,521,522,534,697,579,519,535,457,519,775,609,442,767,603,529,633,449,780,459,621,447,773,532,616,636,540,546,626,728
you're right.
1130,1370,857,1493,837,768,1119,845,1267,935,1128,923,1384
545,544,457,606,461,435,788,461,519,555,612,467,704
please write it down.
is this the bus to new york.
1431,1365,766,654,717,787,1145,721,859,1273,928,813,1153,1268,939,1142,822,1349,734,1152,1379,1631,1274,741,1161,952,1128,1284,739,1144,958,1122,829,1153,1003,1219,732,1162,965,1352,1185,1170,820,760,1169,1054,1359,921,1307,1422
545,617,477,554,572,491,792,465,488,548,506,478,780,563,502,776,580,570,490,696,696,612,543,569,768,510,649,560,581,788,520,624,499,740,661,519,591,780,531,552,767,713,503,497,791,533,540,521,645,731
i've heard texas is a beautiful place.
1305,1509,979,864,1180,1154,865,745,945,883,1144,1031,872,838,737,818,1216,1312,834,1191,767,1210,1192,859,734,1265,999,1349,962,1265,1407,1227,1479,1414,758,939,879,1425
513,582,678,501,769,608,492,554,512,568,791,531,490,654,562,556,750,521,578,748,561,770,702,430,507,516,465,524,548,511,593,762,521,595,527,614,454,665
that looks great.
1028,1193,737,1010,1193,1409,1387,1384,1318,826,1206,1055,960,879,782,1042,1421
466,622,541,477,777,615,526,527,620,532,776,579,462,457,527,483,705
my house is close to the bank.
1110,873,1016,1017,1242,1085,658,726,1003,1153,666,1016,783,1288,1257,673,738,1056,872,1235,1063,864,1046,738,1021,1001,587,1071,1212,1376
662,445,739,606,516,510,509,457,752,532,517,753,616,585,521,525,465,755,479,541,741,488,618,467,763,692,539,696,599,658
it's on 7th street.
1208,873,1478,663,1070,1304,1077,1072,1064,926,1074,1035,702,916,821,765,769,911,1338
503,467,595,536,784,520,676,750,429,478,633,770,539,498,482,479,487,497,684
this house is very big.
i speak a little english.
905,1093,1228,706,1072,1094,1343,1153,710,784,1073,1243,722,1091,890,793,871,1088,1073,989,1244,981,1362,1591,1227,1151,715,1410,779,655,1257,1165,662,1157,1339,1241,943,937,1335,804,1153,791,1137,944,1341,1245,732,1113,1351
500,619,519,550,743,631,525,518,549,494,772,523,559,758,657,481,487,504,746,660,526,573,693,595,522,753,546,543,481,553,606,752,551,753,605,529,502,509,606,499,770,483,679,572,601,518,566,605,690
here is your salad.
1126,769,839,774,1123,1250,716,1127,1002,1342,1189,858,1100,717,676,1352,657,808,1397
613,463,483,467,754,515,542,749,509,526,511,486,744,544,544,590,538,551,679
i'm going home in four days.
how long have you been in america.
1266,1508,1247,1187,977,1386,1294,1187,973,1165,1160,1385,1278,799,1195,1296,1187,1162,934,1440,1288,918,1190,857,708,1175,788,1427,1672,1207,1447,784,1226,1449,1393,1234,1024,1223,1236,741,1016,901,1224,1227,1454,1296,1223,1190,898,898,1273,1227,1370,1255,1239,787,914,994,716,1344,978,759,1455
492,570,667,756,574,516,507,666,579,747,612,510,668,466,743,516,660,747,548,494,480,472,708,534,550,493,544,663,567,608,525,452,734,600,493,657,556,766,572,545,648,479,754,493,506,497,741,668,480,483,684,760,488,668,749,550,481,481,840,513,645,554,677
male or female.
1232,657,1434,791,1164,1375,860,1152,868,778,1240,680,1405,794,1385
608,493,542,426,711,495,446,712,528,426,641,504,574,428,649
is this pen yours.
1341,729,1187,994,1157,1319,810,1168,1431,864,1196,1173,1183,1397,1288,961,828,1468
439,545,658,498,547,458,566,670,488,487,634,715,502,497,482,487,565,634
i'm ready.
you're right.
1345,1611,1320,1259,980,909,783,930,1249,1481,1687,1046,1283,1123,1420,746,658,1008,755,1159,842,1016,827,1260
498,568,667,748,479,464,544,560,462,652,548,496,485,464,557,444,441,723,450,449,559,557,468,619
i'd like to go for a walk.
1158,1399,672,1036,1216,1125,1133,657,1010,823,1252,1046,852,1278,1054,785,1287,771,1065,583,1064,630,580,1295,1212,1319
427,542,541,697,570,460,563,457,717,488,472,734,570,469,731,569,472,493,728,545,729,472,543,559,563,632
what's your religion.
689,1047,618,542,1400,682,1100,946,1318,1139,808,1057,803,739,1289,1205,905,1202,1294,1094,1353
483,595,566,820,585,578,747,523,507,511,502,762,513,503,608,528,585,534,531,680,683
are you american.
622,821,773,1047,1069,1301,1160,1045,655,1163,759,840,1216,830,651,1087,1318
559,483,467,771,500,502,491,750,561,675,481,500,515,661,550,675,663
i don't understand what your saying.
1229,1089,797,1313,1125,1491,929,1114,1180,1124,806,785,869,735,955,685,1159,819,1117,736,1136,681,967,1152,1157,1394,1240,911,1125,773,710,1158,1311,1182,1015,1404
492,774,547,521,687,585,493,761,505,683,558,483,498,551,502,559,675,549,750,486,591,567,513,755,526,537,531,501,751,563,562,519,490,642,581,640
do you need anything.
639,1366,1074,1057,1315,1175,1029,1067,699,710,723,1053,554,1065,964,884,1096,1274,1136,916,1368
556,409,675,427,427,412,690,614,408,429,528,724,525,618,443,405,500,393,576,483,611
where is the bus station.
don't do that.
586,1018,652,741,660,1190,579,1015,854,856,1068,717,1053,909,1124,622,1032,644,886,578,863,1172,1289,1095,1362,1631,728,1311,1079,1468,893,1107,780,1298,1092,897,1062,580,900,1345
440,562,413,421,402,471,543,767,463,445,587,414,738,621,446,532,753,541,463,528,454,501,490,669,675,543,526,469,669,589,444,775,520,491,732,464,575,550,448,673
that car over there is mine.
890,1068,608,899,1055,761,583,824,1093,1299,867,761,852,1052,940,1075,777,872,775,1028,1206,673,1059,1162,1227,1072,768,1351
449,583,546,460,781,624,520,441,786,492,639,447,445,781,476,588,451,442,423,806,501,555,781,737,502,671,440,699
our children are in america.
1370,1167,839,1080,825,1077,1247,1334,792,860,782,1136,1111,648,881,809,1121,1249,1136,1109,662,1210,807,900,1250,858,634,1395
500,496,445,771,612,611,478,576,529,455,415,688,767,527,463,420,766,480,652,768,535,699,443,445,486,611,553,692
that's enough.
how do i get there.
948,1103,690,963,1479,758,1122,815,1107,1328,1186,993,1107,1361,1613,1115,1361,737,1123,840,1365,1116,1296,1134,989,832,985,1144,979,1167,856,939,849,1441
426,598,498,443,525,514,734,434,656,481,455,537,555,656,564,580,486,427,724,495,488,728,473,727,545,421,441,710,453,536,434,428,415,650
i live in california.
who are they.
1266,1122,1381,1278,951,841,1138,1288,1157,1132,866,690,1444,1301,911,1395,906,1178,1308,727,1411,1644,751,1124,1393,1172,724,923,849,1159,1024,1153,875,1089,1425
444,748,549,480,614,445,766,481,641,737,624,503,536,449,538,445,446,663,442,500,650,552,422,564,456,675,500,453,421,715,463,546,463,469,644
it's over there.
1283,919,1504,684,1125,1320,894,783,869,1084,934,1102,804,882,810,1392
495,477,556,528,754,481,635,466,457,755,486,585,474,478,477,699
call me.
i'd like to go shopping.
850,686,1394,1386,1137,1223,813,1373,1579,1257,1521,839,1162,1343,1252,1256,820,1149,965,1329,1147,999,1346,1133,776,1107,1316,1434,1416,1299,1146,1002,1389
624,544,574,581,793,698,466,692,597,522,600,531,767,616,498,608,467,798,488,521,756,565,537,785,527,627,525,531,524,518,728,565,697
i'll pay for dinner.
the cars are american.
1254,1494,1346,1348,1159,1411,708,1094,1063,925,1342,902,1140,853,1265,1150,1159,853,936,1374,1633,988,1160,854,1119,888,724,949,808,1162,738,962,878,1148,734,1252,888,970,1303,910,750,1168,1416
479,563,584,588,755,503,524,520,725,544,508,476,756,526,506,674,691,457,456,689,565,478,582,459,751,619,542,463,515,766,530,478,449,767,535,692,467,464,504,612,523,680,697
at 7 o'clock in the morning.
is your house like this one.
666,1040,1047,1227,1179,1358,1556,864,1378,1363,1287,871,1167,1293,1166,1122,984,1132,851,1101,1319,1403,942,1220,1313,1190,1015,1426,1632,1260,689,1092,1129,1380,1227,908,1111,1121,1361,1206,783,857,1122,1378,1252,1261,853,1146,990,1115,1257,798,1140,1338,1150,849,1382
502,482,747,388,764,520,595,605,599,525,608,613,782,504,693,792,445,615,454,784,707,490,469,696,501,657,565,700,591,480,534,748,509,507,505,460,789,632,502,498,521,456,777,589,495,594,453,771,497,612,506,538,752,523,692,454,697
i don't have a girlfriend.
the food was delicious.
1165,1013,721,1338,1081,1441,875,1084,1047,587,861,746,1046,597,1045,927,1176,860,1281,855,841,1216,756,1090,777,1351,1576,908,1087,756,1083,846,1313,1316,767,1111,672,628,710,1095,788,763,1309,1218,825,1220,1326,1147,708,776
369,605,468,416,554,486,387,645,500,480,603,431,689,508,695,542,430,446,530,535,454,476,422,634,512,624,525,449,556,437,711,517,471,480,501,686,432,515,522,716,511,442,560,482,601,482,487,482,500,439
this is my mother.
829,960,1172,537,956,1158,566,951,1099,951,979,1079,1242,856,996,713,803,1268
406,575,440,467,716,454,463,735,618,424,732,647,483,420,573,410,402,655
it's delicious.
1167,880,1446,617,1065,725,692,1277,1177,762,1172,1257,1103,636,714
435,410,569,486,709,508,424,568,469,599,466,469,465,493,416
i'll pay for the tickets.
i'll take you to the bus stop.
1176,1436,1278,1274,1037,1432,567,1057,978,802,1250,788,1020,860,1016,710,979,864,1161,778,1194,732,900,617,1350,1577,1160,1477,1318,1315,1068,876,591,1226,736,1070,1060,1349,1162,1024,888,1307,1054,898,1059,747,1006,950,1185,695,1053,690,914,1251,1366,1410
450,539,556,558,720,440,455,455,673,492,483,411,705,441,564,412,736,433,501,567,545,421,426,476,649,569,463,568,565,570,732,447,486,563,417,756,528,531,511,732,457,522,733,469,594,442,751,615,460,514,738,513,463,516,526,689
am i pronouncing it correctly.
576,1124,1043,1135,1014,1355,808,1239,1062,1268,1103,1047,808,1191,1083,915,1042,1209,877,1031,794,1280,835,836,767,798,916,1300,996,1358
509,695,800,486,793,536,440,518,683,522,520,698,607,517,680,540,791,505,453,770,588,515,448,466,454,645,473,623,498,715
where is she from.
700,1098,758,853,776,1059,1243,706,1054,719,1079,778,1078,880,853,1313,1206,1363
446,588,428,460,444,781,520,548,796,556,611,476,795,559,482,536,713,702
would you like some wine.
682,1345,1193,1370,798,1097,1094,1370,1194,1095,1324,1232,1226,777,1096,727,1363,1202,783,1137,708,1256,1125,790,1386
456,519,522,596,560,780,505,522,502,741,637,519,638,458,783,551,521,704,464,800,459,515,692,463,673
don't worry.
813,1346,1136,1524,930,1161,708,1377,867,864,1033,1405
551,515,676,586,484,759,455,512,467,480,517,687
have you seen this movie.
please speak english.
1137,675,939,826,1083,1035,1338,1158,1037,785,840,844,1164,1098,992,1137,1289,794,1088,1244,1382,967,1282,845,1381,1640,1471,1393,847,730,794,860,1102,806,1445,864,717,1277,1103,866,1159,1011,1373,1276,800,1137,1378
585,558,674,488,753,522,534,532,761,546,489,501,665,748,527,597,513,547,768,684,518,676,531,479,671,585,522,611,484,560,579,483,771,548,533,475,542,621,790,479,682,588,609,533,550,606,676
i don't think so.
1227,1045,788,1331,1107,1415,979,1093,934,1099,1260,1122,1248,1101,710,1360,1398
340,638,506,404,559,482,421,661,441,487,411,579,502,678,495,402,577
i don't have time right now.
1301,1118,804,1417,1172,1511,940,1144,1154,623,930,805,1107,943,1271,1242,806,1152,877,1252,949,1134,938,1100,1159,1383,732,1372
420,672,486,443,602,541,405,703,518,463,577,405,693,429,454,614,402,701,420,459,504,556,427,709,633,465,403,599
will you remind me.
734,1297,1397,1395,1165,1117,1383,1234,1111,885,802,1214,1247,1142,806,1111,1222,797,1364
407,442,503,519,674,456,450,425,677,431,409,614,471,593,490,711,626,426,626
where do you want to go.
your things are all here.
738,1160,825,900,824,1128,837,1424,1162,1144,1397,1261,1121,755,694,1201,988,1130,965,1384,1139,981,1385,1422,1653,1133,1360,1235,900,1111,974,1144,1294,1181,993,762,1135,704,927,848,1127,720,1408,1400,1146,1155,826,897,838,1406
411,565,439,441,423,725,512,498,692,500,500,491,712,447,511,634,466,739,478,508,717,552,517,646,553,511,489,487,447,736,471,594,491,672,556,517,723,548,470,444,736,524,563,583,723,578,441,463,445,639
at 3 o'clock.
673,1072,1037,808,1147,1363,1538,897,1348,1323,902,1253,1376
535,447,695,390,733,495,582,645,602,516,636,602,685
what time did you get up.
725,1197,671,955,1152,960,1320,1267,834,1159,854,1325,851,1147,1123,1407,1228,1120,1105,832,995,1114,1173,1443,1396
457,575,524,428,717,463,491,645,443,738,548,494,540,736,525,526,520,736,616,455,487,760,511,519,692
i'd like to exchange this for dollars.
1295,1557,883,1203,1397,1278,1261,817,1143,993,1386,1153,850,815,900,1156,701,1164,1000,849,1115,992,1133,1307,806,1132,926,1379,928,1141,866,1377,1379,1379,743,949,814,1442
441,545,557,726,559,488,538,460,710,487,469,714,451,657,647,538,545,664,593,467,750,492,582,499,553,754,570,507,486,761,539,516,607,618,563,496,555,693
where can i rent a car.
787,1169,861,942,863,1122,922,740,1215,1174,1306,1148,959,883,1197,1030,1161,783,1145,923,778,974,1422
465,614,482,482,462,766,657,561,670,762,511,750,501,470,690,507,764,579,790,659,566,499,675
give me the pen.
1047,1359,997,888,1134,1314,864,1209,1020,1186,892,1148,1480,878,1228,1480
599,512,666,496,755,654,479,732,517,560,481,728,518,481,661,657
we'll have two glasses of water please.
600,686,1455,1311,1310,1103,1054,572,837,715,1061,861,634,1325,1080,876,1324,595,682,682,745,685,1047,1340,852,1091,700,625,913,776,858,1080,1401,1305,776,648,727,790,1364
368,365,496,493,503,653,469,462,582,404,691,421,388,435,680,511,523,474,462,471,403,466,658,421,481,661,406,478,445,407,420,681,446,519,407,484,491,425,634
what's your name.
700,1121,641,916,1558,713,1143,1002,1366,1167,855,1074,1122,663,1203,783,1349
408,558,500,441,552,484,692,461,485,478,432,724,637,492,635,421,630
it's more than 5 dollars.
1261,941,1541,732,1149,1217,1360,884,808,1130,943,1138,688,1186,1167,1098,1091,834,1324,1344,1347,691,902,767,1409
452,463,562,520,710,638,481,461,443,708,478,555,508,634,698,347,695,511,470,566,574,512,465,513,664
do you need anything.
846,1408,1153,1124,1391,1212,1104,1165,826,817,838,1110,691,1172,1044,968,1131,1269,1137,995,1396
505,487,715,483,495,491,727,656,447,448,518,733,519,657,483,481,589,507,659,557,636
i'll take you to the bus stop.
yes, really.
1112,1404,1235,1226,956,811,530,1140,678,954,963,1215,1044,932,820,1171,931,820,975,676,936,865,1008,596,931,612,833,1152,1259,1257,1498,927,723,649,1116,996,798,726,595,1310,1311,1001,1323
336,458,447,454,617,361,389,456,319,638,373,407,394,634,363,407,654,363,505,334,658,525,406,442,672,446,382,424,429,556,486,404,363,445,599,674,376,354,447,448,450,403,578
would you like to go for a walk.
522,1243,1069,1254,648,989,958,1238,1065,959,1216,1106,1122,659,980,805,1195,972,831,1220,972,752,1210,742,964,546,969,607,549,1236,1145,1249
446,500,484,554,497,685,511,500,505,721,586,502,611,436,760,462,528,733,547,523,738,540,534,462,774,525,774,444,516,618,618,686
are you going to attend their wedding.
560,787,724,1096,903,1369,1150,1076,898,1266,1193,1085,892,1062,863,1301,1058,586,868,870,736,1089,733,1065,873,1039,736,1182,808,1026,652,730,740,751,1162,1096,926,1319
539,483,464,769,484,525,518,731,595,535,544,704,582,784,490,563,779,543,506,520,467,729,571,782,510,652,481,563,492,795,480,480,578,571,572,707,603,716
you speak english very well.
1016,1311,1107,1017,675,1364,730,603,1202,1061,742,1070,911,1310,1183,688,1048,1054,866,752,829,1071,1069,671,746,1309,1311,1333
526,512,505,744,541,524,478,556,583,774,479,687,579,600,510,546,612,746,643,472,478,500,770,474,473,596,599,683
i'm 32.
i've heard texas is a beautiful place.
1240,1569,1233,1172,705,621,1388,1630,1237,1481,866,753,1108,1088,739,621,839,787,1076,959,801,745,647,738,1066,1269,738,1115,655,1109,1077,769,668,1168,972,1249,893,1180,1359,1160,1428,1348,722,883,831,1454
487,573,678,761,394,407,686,591,506,589,665,489,763,581,468,545,487,557,761,506,470,654,553,531,773,495,546,761,550,791,693,460,554,500,500,513,576,512,605,774,520,620,544,662,482,678
it's near the supermarket.
1302,989,1577,759,1188,1177,824,698,887,1154,963,1159,843,1115,781,1198,1497,846,930,1212,718,915,1325,866,1022,1430
497,487,583,556,753,683,487,559,505,768,528,589,496,747,563,462,483,500,498,710,563,500,600,496,523,694
how do you say it in english.
i'd like a room.
1097,1390,600,1122,714,1379,1106,1094,1372,1195,1081,652,571,1091,1055,1236,881,1117,1228,1129,1113,766,1117,911,1359,1254,696,1094,1354,1619,1279,1548,818,1161,1350,1274,1295,803,1146,684,1153,882,1367,1362,1258,1402
546,496,448,713,530,501,731,473,505,486,729,541,550,484,744,508,497,754,508,661,793,481,705,581,626,525,567,620,719,601,481,582,560,749,598,523,619,502,770,565,754,508,529,534,702,714
do you like your co workers.
842,1414,1225,1132,1410,1253,1159,1427,1308,1312,844,1190,1163,1416,1259,924,1147,911,1395,1170,786,1418,925,1337,857,938,803,1444
557,527,723,524,534,524,761,620,524,622,492,810,540,550,533,500,780,660,540,766,493,538,506,621,484,511,581,723
how's the weather.
my name is john smith.
988,1239,643,1323,689,1011,921,1131,772,1094,712,793,660,923,1146,798,876,1328,1578,1182,1024,1078,1127,666,1211,824,1120,1236,768,1088,1123,1322,1042,1123,1084,779,1193,1235,973,1091,1345
530,443,412,530,501,648,449,502,415,665,417,422,489,458,527,421,431,591,517,590,467,663,574,495,587,430,672,431,503,657,553,469,555,624,704,492,634,441,456,550,626
i'll call back later.
1275,1524,1393,1393,1142,886,694,1389,1385,1111,1083,712,892,1312,1155,1402,721,1018,869,942,1409
441,544,558,550,693,618,492,530,533,713,622,506,604,546,701,542,505,482,448,444,628
let's share.
1365,776,977,1591,734,1148,754,1188,679,906,840,1429
533,424,423,519,512,717,519,503,520,451,431,617
i thought he said something else.
1305,1163,981,1143,1390,1246,989,1152,977,1151,1145,791,1148,766,691,1336,866,1187,791,1398,1286,859,1004,1166,1312,1203,1021,1179,848,1422,811,793,870
425,708,470,554,483,459,550,578,466,740,550,448,711,531,523,429,523,728,527,459,632,445,487,555,468,662,545,753,463,570,550,471,462
i'm coming right now.
1296,1559,1262,1184,879,1436,1294,1314,1190,1006,1178,933,1310,1007,1162,1010,1189,1182,1396,792,1436
488,599,680,772,628,462,661,486,639,551,775,483,468,572,559,487,750,666,498,457,693
there's a restaurant over there, but i don't think it's very good.
841,1002,681,774,692,1362,622,1037,520,1031,791,719,695,873,612,1134,807,606,1083,886,1060,1303,850,740,827,1027,900,1055,766,855,764,1223,1084,1016,1187,925,1065,1210,1047,796,1288,1067,1428,928,1053,927,1062,1205,1086,1199,1061,1279,922,1499,722,1130,907,796,873,1137,1059,962,1346,1333,778,1656
425,546,415,390,370,506,492,704,481,721,435,411,464,454,485,429,426,488,636,449,710,442,629,438,440,729,465,541,445,436,429,632,727,660,409,439,721,448,718,520,470,656,565,447,760,459,577,454,660,570,735,464,451,525,504,697,640,453,454,466,726,561,474,487,531,536
what time do you go to work everyday.
662,1047,607,924,1086,917,1220,1199,777,1125,772,1310,1116,983,1312,1127,1075,951,1311,1106,924,1313,1108,726,1308,863,1235,1128,790,924,817,888,1119,796,672,1121,1343
429,608,520,458,753,473,477,679,442,766,546,483,729,469,490,490,744,553,480,719,466,479,718,453,487,449,589,737,449,602,451,454,468,517,513,489,649
i'm ok.
am i pronouncing it correctly.
1226,1491,1206,1131,1324,1250,1305,1566,645,1190,1126,1205,1100,1397,850,1293,1114,1331,1167,1113,848,1240,1129,955,1123,1237,931,1107,856,1317,869,875,805,848,957,1350,1060,1436
479,568,671,754,483,551,669,549,517,672,745,486,725,514,449,487,654,481,486,661,596,493,641,529,723,498,450,728,608,487,459,473,450,636,473,563,481,657
can i make an appointment for next wednesday.
what do you recommend.
808,620,1123,1094,1261,1078,1237,628,1295,763,1136,629,1152,1119,632,1424,1412,1332,1253,1147,923,1241,803,1155,933,1133,873,1359,872,1154,1173,832,783,978,1119,733,822,843,1158,825,767,844,682,1129,1381,1639,737,1130,682,980,1118,860,1350,1143,1047,1349,1196,1096,922,849,893,1379,1246,1255,853,1173,859,1434
622,531,664,730,487,773,671,527,581,436,756,529,669,741,521,504,517,496,505,676,465,676,461,672,483,759,558,499,466,755,627,430,599,467,737,465,448,544,645,462,546,537,526,444,648,572,450,603,531,466,753,541,510,751,486,519,515,730,466,450,630,472,657,661,457,654,549,667
they charge 26 dollars per day.
946,1102,821,1041,1115,867,1131,712,930,1010,869,1139,726,1133,1141,870,1327,1333,1325,742,953,836,1151,1411,885,958,1150,912,752,1155,1459
472,606,465,485,741,578,580,522,467,574,447,750,390,366,760,557,521,596,603,538,502,548,757,528,486,491,778,561,549,498,695
i'm ready.
i need some tissues.
1249,1521,1235,1154,916,834,728,873,1179,1412,1655,1274,1135,1205,846,854,878,1163,803,1391,1271,862,1178,997,1295,810,817,1220,867,808,1425
438,539,655,731,447,421,503,521,421,625,506,460,750,618,428,441,522,717,523,459,634,447,725,477,460,523,537,481,451,500,648
my cell phone doesn't have good reception.
how do you say it in english.
1321,1181,1130,931,886,1462,1453,1212,1525,1185,1394,1225,885,1234,894,1423,872,821,1195,1588,1038,1219,1204,764,994,898,1218,1034,1418,1412,893,1233,969,890,923,894,1495,1036,1328,1419,1227,1450,1667,1191,1442,710,1209,845,1438,1188,1046,1427,1242,1161,804,719,1219,1157,1318,1012,1176,1311,1186,1159,878,1202,1021,1396,1313,829,1165,1427
641,426,720,643,447,566,579,763,500,593,501,671,461,750,522,493,452,512,679,571,476,748,577,519,639,461,749,567,505,519,563,746,478,451,625,471,517,497,517,523,691,672,583,599,496,426,713,523,500,710,476,512,501,715,530,521,477,725,501,478,713,500,635,739,458,657,559,589,518,527,589,676
someone does that for me.
807,1432,1294,876,1422,1216,868,1209,903,1427,879,828,1207,1016,1224,727,1037,1186,971,1438,942,1209,1311,877,1461
532,502,680,449,511,652,448,767,543,528,459,541,757,481,582,521,472,789,537,524,467,756,692,453,679
