see you tomorrow.
445,512,509,876,863,1120,958,843,700,1119,994,1134,609,625,1114,438,1213
615,532,515,771,539,507,500,777,538,502,673,502,518,513,439,515,708
can you speak louder please.
591,370,937,848,864,1132,953,858,477,1193,527,384,1027,897,1142,1128,959,558,540,612,900,1214,1129,527,350,472,527,1179
699,577,646,785,503,469,477,747,579,489,491,592,582,772,558,458,446,622,509,525,748,464,590,483,558,583,506,688
don't do that.
how long is it.
551,1142,910,1258,666,903,528,1131,895,678,887,368,683,1245,881,951,1160,453,903,1189,1167,949,727,914,1063,490,904,1074,678,1246
587,498,678,641,505,755,574,480,762,527,571,584,545,698,785,554,480,500,740,595,474,603,616,744,479,562,761,404,524,700
they charge 26 dollars per day.
678,911,862,830,602,913,379,594,715,546,881,945,501,1090,884,596,1128,1122,1111,389,631,504,940,1240,554,630,945,588,395,887,1322
531,581,466,734,668,566,586,516,622,497,766,754,292,237,764,600,440,577,597,589,493,580,734,427,507,496,732,600,602,448,752
nice to meet you
954,1082,625,555,871,686,1091,889,980,542,554,708,888,888,1122,963
675,492,694,453,798,521,510,796,663,499,492,521,768,503,492,488
i'm going home in four days.
1061,1321,1105,908,731,1136,1063,972,734,930,962,1168,1079,562,911,1075,961,919,642,1162,1014,619,909,579,378,901,504,1270
477,649,685,783,615,501,499,636,621,771,563,479,655,505,776,482,655,781,622,485,493,517,767,601,587,484,598,723
when are you coming back.
464,913,569,955,917,395,612,542,888,873,1115,936,852,619,1103,1033,1051,950,738,902,866,405,668,1008,1299
485,567,508,673,792,582,517,489,771,503,489,497,777,693,496,674,494,636,615,786,675,582,728,593,736
who's calling.
460,921,1125,1372,511,922,625,406,1173,1179,1071,954,744,1363
486,564,479,665,579,766,691,571,568,579,486,652,605,751
do you know where i can get a taxi.
i'd like to buy a phone card please.
580,1157,896,914,1142,968,891,1061,929,1148,474,905,462,928,552,609,557,902,1084,921,628,417,956,917,736,571,727,926,371,929,712,384,514,1079,1299,934,1075,1442,606,949,1186,1070,1069,560,923,714,1147,934,912,1003,879,872,421,883,1239,888,1170,937,595,891,621,415,642,591,934,1219,1130,577,424,533,593,1437
597,471,776,509,485,504,785,592,687,501,495,785,503,560,500,522,500,778,472,770,699,580,655,798,617,491,537,800,579,805,530,597,668,494,735,803,484,650,589,755,595,497,611,501,783,544,502,850,691,459,472,779,600,799,501,589,486,677,507,800,676,585,511,594,773,504,629,502,613,585,530,800
june 3rd.
which one is better.
1008,1034,988,599,992,609,678,629,1378,1468,536,1033,1187,720,999,1005,1223,1004,624,1014,1135,580,1023,926,621,803,801,654,714,1369
572,483,695,487,797,346,503,608,752,640,492,550,454,667,564,768,484,676,493,783,486,570,767,653,496,525,531,489,522,759
a round trip ticket.
470,1039,683,1235,1065,1032,650,1015,805,674,1182,1378,1045,786,1167,689,1142,617,814,1310
574,767,500,503,494,657,569,801,539,489,463,463,746,515,466,680,591,505,533,717
over there.
1248,780,610,676,1016,773,988,618,686,598,1168
478,674,460,481,740,491,549,469,503,463,858
and you.
where is main street.
428,1039,609,1010,983,1199,1047,1271,1391,509,1001,611,656,602,1047,1168,559,1056,1104,441,1110,1009,1004,560,773,674,599,605,784,1344
581,639,563,815,490,485,498,759,634,500,606,507,523,497,752,478,575,779,695,606,525,686,820,565,534,508,471,485,543,797
how long have you lived here.
974,1215,512,995,1224,1226,1022,814,1022,1015,460,791,654,1019,1021,1265,1097,1024,1251,1172,808,653,529,668,1036,1034,638,698,615
594,511,500,805,628,524,684,621,803,595,592,728,528,794,519,498,515,780,604,507,721,517,524,603,779,594,524,537,498
i'm coming right now.
1164,1389,1135,1017,696,1175,1074,1117,1014,802,1028,701,1118,796,983,783,977,986,1165,579,1215
478,652,724,811,668,518,705,529,693,630,806,543,526,618,615,537,820,686,550,530,736
how long does it take by car.
1030,1249,574,1039,1227,1222,1039,832,1033,680,1234,648,608,1034,1143,788,1039,781,474,1125,655,1018,962,1000,983,727,504,717,1256
604,524,522,798,620,539,684,644,810,612,543,510,589,802,524,558,809,567,596,639,524,812,688,540,801,693,598,543,773
please tell me.
if you need my help, please let me know.
1316,1253,658,475,601,659,1056,782,655,1249,1239,1062,1149,649,1383,1075,1205,742,1070,1043,1292,1111,1035,1063,656,655,686,1058,1146,1008,986,1021,674,1288,1361,1327,1068,1363,1296,676,470,620,685,1065,1246,654,794,1059,1135,658,1049,1182,1042,1220,567,1310
529,628,512,591,587,538,785,559,502,609,622,810,686,513,721,803,436,597,716,482,470,481,743,653,490,488,579,775,658,477,751,583,502,584,481,715,766,493,588,518,583,608,526,772,568,501,539,781,673,499,792,563,691,540,507,762
were you at the library last night.
i'm allergic to seafood.
567,662,717,646,1049,1035,1269,1114,1029,494,796,1033,781,1026,655,1022,1238,1164,986,713,445,714,992,979,1206,461,597,794,1032,1009,1148,816,1003,800,1275,1457,1177,1340,1175,1039,482,1235,1236,643,718,838,1145,743,1037,822,1214,1023,625,678,520,745,1196,1187,683,1290
514,504,524,482,779,516,502,517,770,577,546,777,542,583,499,777,591,516,686,523,577,526,507,790,599,596,569,525,799,694,521,622,606,541,740,628,526,669,716,819,608,605,609,521,526,594,515,702,799,553,536,801,586,528,597,625,531,535,600,718
try it on.
can you throw that away for me.
824,729,1016,985,1175,837,1052,1249,1064,1309,1520,755,531,1070,979,1007,1247,1096,1026,843,1040,747,1224,611,1039,833,1036,534,837,1019,506,613,533,1012,998,764,1225,753,1055,1147,701,1338
547,523,517,824,532,555,800,537,715,709,568,697,597,680,817,555,546,543,812,559,608,543,551,546,803,578,621,598,583,829,611,531,618,516,812,656,545,545,813,698,538,748
do you like your boss.
717,1272,1057,1058,1272,1125,1047,1292,1194,1194,676,1060,1031,1272,1114,746,1029,990,1271,636,624,1313
643,537,803,559,516,528,811,553,474,580,504,772,508,483,492,529,776,657,497,579,589,754
where is there an atm.
it's north of here.
591,1067,667,709,652,1056,1156,635,1065,839,1047,683,759,694,1049,513,1083,1052,519,831,1160,1332,1514,1235,812,1411,625,1060,1040,1260,732,832,1053,1040,1282,762,1061,1052,689,763,682,1318
522,594,513,523,499,740,504,582,791,531,533,501,525,499,777,610,671,801,597,522,698,728,601,487,534,652,609,758,639,510,521,535,561,785,499,599,763,579,497,528,487,733
forget it.
how about saturday.
764,1247,706,889,655,852,1060,1169,813,1395,1498,1076,1280,607,1061,501,982,1277,1110,828,1035,656,529,848,1118,741,717,522,1019,1334
630,501,505,642,485,541,764,485,540,729,544,580,503,522,768,596,676,513,510,543,808,585,615,543,511,507,578,613,512,733
do you like it here.
the tv is broken.
738,1287,1040,1055,1245,1097,993,1201,1110,1109,703,1021,1186,847,1017,1006,694,753,692,1337,1061,813,996,678,746,1049,824,608,1050,1171,648,1007,747,1246,672,1171,1056,1278
595,519,790,519,518,523,833,627,541,668,529,848,525,570,839,595,519,545,521,748,791,561,598,508,549,785,559,512,779,507,598,629,537,481,496,581,709,732
it's 17 dollars.
what school did you go to.
1171,828,1346,641,1063,480,881,1055,738,1230,1222,1219,539,804,668,1336,1484,653,1058,595,907,1062,685,833,1037,1242,1237,1265,1088,737,1192,734,1036,1027,1281,1113,1030,886,1267,1050,886,1223,1361
535,571,658,599,815,399,428,817,639,525,659,661,635,564,627,733,541,538,602,627,584,803,626,738,615,507,514,628,813,618,517,639,804,558,514,535,798,655,522,817,582,536,752
is there a movie theater nearby.
1224,687,1095,910,1087,744,812,744,1082,578,1088,1167,1301,897,1215,743,1102,899,1070,742,548,876,738,828,1091,1112,725,538,804,1012,1006,1333
517,674,808,575,598,523,566,527,818,621,818,702,532,772,522,533,817,580,605,529,615,562,524,571,796,679,510,599,554,736,520,786
how far is it.
981,1220,594,976,795,530,779,1005,1200,676,1037,1175,861,1347
634,537,555,852,638,639,583,833,497,657,794,500,610,776
where would you like to go.
626,1036,702,777,716,1024,602,1238,1054,1232,720,979,989,1257,1053,999,1251,1153,1146,697,997,866,1236,1016,922,1198,1326
556,598,544,584,548,807,551,508,527,640,645,834,562,545,544,821,647,525,670,562,840,590,527,831,702,544,769
anything else.
go straight ahead.
541,1035,991,846,1008,1152,1043,883,1001,698,1244,637,720,1329,1496,882,1230,1021,641,838,763,511,1120,860,990,860,1004,514,998,679,486,698,1480
642,737,524,581,655,578,748,684,877,544,635,633,581,755,557,676,540,821,597,583,550,634,556,662,627,573,823,637,623,542,631,615,750
nice to meet you
1072,1205,762,678,1016,845,1227,1005,1063,681,675,846,965,973,1228,1050
729,555,733,547,835,593,560,837,733,524,516,580,800,560,519,536
i can't hear you clearly.
1198,1058,750,526,1019,1412,873,994,1017,695,503,751,989,1028,1284,1092,1011,765,1171,685,535,776,1218,988,1328
518,823,730,627,720,628,580,819,613,539,610,565,801,520,515,522,776,734,598,543,599,550,632,537,753
that means friend.
how is she.
823,1017,503,830,994,1130,685,503,1053,630,1009,785,747,1168,671,1066,712,1359,1417,1084,1280,598,1037,1168,632,1035,634,1031,710,1329
568,602,601,563,839,741,526,622,743,641,842,668,539,539,526,729,649,787,637,599,523,549,813,529,620,818,628,624,534,775
do you smoke.
i've been there.
718,1290,991,1043,1314,1116,1012,662,1153,1303,1208,715,1380,1563,1210,1514,890,719,1028,1009,743,735,1077,1027,881,1043,721,789,711,1399
647,520,830,548,523,518,791,635,727,499,656,550,774,515,522,664,765,534,826,717,555,554,736,865,583,639,537,572,528,777
where is the bathroom.
637,1060,731,802,729,1044,1203,666,1060,873,1054,726,1003,1010,532,880,1043,764,1266,1254,1152,1385
544,637,559,583,534,845,530,618,822,583,604,524,851,734,612,576,601,550,522,535,734,737
he's in the kitchen.
1055,728,1463,683,1106,1188,1064,1079,884,1031,715,1023,1190,1171,858,779,1012,711,1056,1337
629,537,639,633,828,510,683,778,579,599,541,852,649,517,564,731,617,522,743,756
which is the best.
578,988,1165,768,996,1002,1160,630,1030,849,999,700,981,971,691,625,832,1225
520,617,524,715,616,801,525,616,812,572,607,515,846,707,518,580,553,743
there are some books on the table.
828,1009,693,756,687,1007,507,750,692,1070,613,1218,1092,672,1022,977,1261,1257,1148,649,1012,1216,995,992,837,1016,1116,1023,821,512,921,1204,689,1264
577,621,518,553,509,826,609,553,513,763,598,492,687,520,831,702,543,551,621,613,823,544,695,847,573,595,506,839,556,633,723,606,521,767
how much would you like.
1036,1284,623,1054,1164,1105,763,1031,1011,608,1222,1065,1255,730,991,1009,1277,1093,1004,1278,1156,1158,730,1303
622,529,553,819,710,516,732,625,820,526,523,528,632,624,810,558,537,531,821,636,531,656,550,761
do you know how to get to the marriott hotel.
738,1281,1002,1021,1304,1110,1021,1197,1061,1279,627,1022,991,1221,567,971,831,1191,984,840,663,859,984,840,1209,977,807,966,639,946,1115,477,726,730,1145,1236,822,826,948,956,1205,810,626,1200,1264
649,519,802,526,525,521,790,622,723,534,551,828,598,529,546,835,565,531,821,669,550,576,808,581,531,815,557,532,551,803,683,643,543,545,467,484,544,544,778,600,488,546,489,614,805
i'm going to america next year.
1104,1389,1034,915,723,624,1144,1030,959,746,950,759,956,445,1021,591,672,1077,663,428,971,970,587,543,764,944,923,590,424,654,1223
483,644,717,787,596,507,447,458,641,607,767,511,764,584,657,481,473,481,654,572,759,668,460,615,501,765,450,469,541,489,719
i'll tell him you called.
1117,1381,1144,1153,968,729,579,1170,1160,919,932,1099,1066,968,931,1191,1030,919,632,429,1156,1154,594,598,1227
480,657,575,561,765,506,447,567,576,779,577,469,672,790,505,500,494,758,661,559,586,593,452,565,714
i'll tell him you called.
1064,1310,1178,1178,955,748,599,1150,1151,924,938,1102,1042,929,909,1158,972,892,622,441,1150,1145,593,606,1148
481,626,558,561,763,518,460,568,579,782,543,431,653,755,447,447,448,714,673,562,570,567,455,580,693
okay.
a little.
1204,1100,452,921,1282,1434,448,970,1208,1092,734,747,1151,587,1223
466,621,570,465,687,575,577,750,568,479,506,521,561,473,735
can you do me a favor.
how long are you going to stay.
668,460,1009,917,977,1227,1063,946,639,1203,980,1060,599,976,445,976,689,455,784,1185,659,1260,1506,970,1189,542,956,1201,1191,982,799,971,451,677,604,956,969,1207,1041,938,815,1177,1088,994,808,956,773,1154,960,580,770,474,907,1321
714,583,672,799,520,500,496,788,597,475,769,683,491,788,591,809,618,587,739,520,529,745,582,582,534,523,803,635,532,690,645,813,587,536,505,801,550,539,544,803,640,539,530,681,655,789,547,506,793,588,561,607,530,756
i don't like him.
1152,1019,671,1238,1022,1296,768,992,1219,1101,1098,627,987,1001,1154,1117,1271
493,838,601,535,708,653,559,820,608,541,677,526,816,618,520,726,766
how long is the flight.
1027,1274,569,1001,1274,1252,1064,833,1025,1164,597,1018,807,1007,650,974,731,1225,1134,841,994,802,1263
616,557,530,843,660,540,712,642,815,537,597,830,558,617,511,819,625,637,538,653,646,548,768
there are some books on the table.
772,974,650,725,655,979,421,674,602,974,558,1169,1076,622,998,942,1243,1250,1131,567,958,1230,1007,960,788,962,640,936,764,434,892,1154,627,1202
548,616,519,541,511,848,637,564,529,794,616,527,711,531,810,697,524,531,624,600,821,519,668,823,561,610,520,841,564,597,707,609,517,738
when does it arrive.
more than 200 miles.
548,989,632,1011,976,639,1233,610,554,949,1108,753,975,449,653,673,1106,764,593,1247,1448,1063,1190,665,582,973,745,975,475,998,986,504,1318,1307,979,1089,1133,1197,620,581,1305
524,601,536,715,829,606,520,505,594,814,506,541,814,597,530,528,524,697,516,729,530,687,514,528,485,812,533,577,614,687,770,356,331,332,800,672,461,579,502,589,711
will you pass me the salt please.
can i have a glass of water please.
556,1182,1245,1246,982,1021,1234,1080,1000,1348,457,575,572,1019,1113,629,1013,784,1015,632,994,578,458,1235,787,1008,1332,1210,628,436,558,614,1311,1561,690,465,1067,962,1153,980,1016,471,783,637,994,475,1001,806,1243,469,577,577,1013,1256,737,1013,577,462,803,643,715,1018,1319,1230,625,428,586,652,1322
505,487,602,615,782,501,492,498,762,510,580,558,575,797,674,492,795,538,602,484,818,552,593,600,538,780,503,630,499,589,569,497,727,608,676,579,653,800,474,777,587,594,689,510,794,595,811,620,583,594,568,584,795,501,599,796,518,585,548,493,551,812,521,635,501,590,595,518,735
i agree.
i don't understand what your saying.
1192,1016,487,811,712,621,626,1366,1501,1150,1011,664,1256,1037,1398,799,1014,1077,1061,666,642,707,587,793,470,1072,665,1008,564,1025,512,810,999,1001,1246,1101,729,997,606,485,999,1160,1036,843,1322
516,822,590,633,541,500,510,731,588,518,798,592,538,696,618,549,775,516,694,598,521,510,580,554,610,698,597,807,488,610,588,545,801,536,514,519,529,792,582,636,520,492,687,619,713
i'll call back later.
it's really hot.
1110,1411,1230,1230,1012,719,498,1213,1213,995,957,491,725,1148,982,1236,498,828,640,743,1331,1562,1167,806,1495,608,1044,716,637,487,1242,1233,979,937,986,1227,808,1351
524,653,587,605,807,685,612,599,616,820,699,616,725,614,843,622,614,551,527,552,745,620,503,555,603,606,791,518,487,608,621,636,520,783,617,555,538,716
the big one or the small one.
808,1016,653,986,944,1200,858,1007,1256,1034,670,1003,1278,730,1013,830,1015,667,982,612,1097,491,1252,1254,1032,1239,1022,672,1317
548,614,504,829,683,509,633,816,545,685,500,834,536,535,814,556,604,496,841,586,670,616,569,586,812,516,685,519,752
can i borrow some money.
does he like the school.
734,522,1068,1004,1190,1055,1020,1290,768,768,1271,619,1032,635,1261,1151,696,1029,1082,1271,1026,672,968,1262,1415,699,1301,655,608,1024,1024,674,1032,1300,1186,1175,676,1034,821,1013,689,979,637,754,971,1211,1207,1217,1300
719,597,683,820,486,824,654,523,515,520,534,519,815,602,540,700,521,852,721,546,750,495,507,750,534,619,478,492,585,824,616,511,829,612,512,635,508,793,543,600,510,836,598,703,636,502,506,633,783
that's fine.
what did you think.
842,1041,519,851,1496,634,1057,771,1201,1073,695,1372,1480,589,1070,546,839,1047,717,1165,700,1009,1036,1276,1110,1002,838,1044,1205,1049,1207,1342
558,633,596,563,618,593,808,640,521,704,531,738,562,520,616,615,564,815,617,492,626,770,526,505,498,765,550,617,525,701,615,716
when are they coming.
625,1037,696,1055,1033,541,759,689,1048,849,1052,692,1040,1038,753,1237,1144,1183,1080,886,1396
554,615,525,721,873,611,539,503,846,561,617,500,437,829,705,504,712,513,681,624,757
is mr. smith an american.
1204,615,1061,1175,737,1378,1040,623,1133,1205,831,1001,1001,527,1065,1016,528,1134,682,755,1173,755,531,1081,1415
519,589,834,698,525,755,863,600,733,520,552,618,840,632,732,862,619,745,520,524,527,719,628,712,757
i've already seen it.
1160,1398,838,676,1035,526,1232,734,661,469,689,994,989,605,680,684,1071,1035,1185,853,1327
516,692,746,529,859,629,676,537,500,608,626,506,815,602,537,536,703,879,542,560,765
please call me.
1313,1220,655,442,597,666,1013,712,496,1210,1190,985,1092,663,1325
540,662,515,603,609,543,813,718,642,648,657,857,721,501,749
is it nearby.
1150,610,1021,1179,828,1019,1040,663,482,732,932,945,1191
538,602,838,525,553,840,695,509,599,542,731,540,774
do you need anything.
call me.
692,1254,960,984,1255,1071,970,1032,675,674,707,1006,522,1039,1006,827,1007,1162,1042,843,1345,1560,732,508,1253,1253,1024,1123,665,1358
606,531,839,569,538,545,818,721,517,519,625,843,621,705,544,557,647,559,717,650,730,599,708,614,600,606,833,699,521,718
i need a doctor.
1172,1034,1070,669,665,704,1039,505,1026,687,1281,757,865,1243,695,1295
524,839,733,510,509,620,838,612,831,599,545,744,587,572,536,748
are you allergic to anything.
510,727,664,1001,1017,1249,1088,980,495,1241,1234,683,728,851,1153,744,1021,843,1239,1032,547,1054,1007,851,1015,1144,1022,883,1324
606,532,505,818,553,530,536,820,599,602,619,517,523,644,490,712,815,569,532,815,620,684,534,566,636,556,719,662,736
i'm waiting for you.
1181,1379,1166,1052,642,567,1175,851,1172,1085,897,1052,802,1276,790,989,1007,1267,1101,1343
524,691,713,836,529,610,535,544,538,696,644,803,650,530,531,798,543,523,529,740
i understand.
1227,1072,1134,1103,723,708,795,674,873,554,1098,737,1294
500,815,527,714,600,516,522,592,560,621,717,601,766
when was the last time you talked to your mother.
627,1082,719,1094,1065,641,540,667,1086,872,1056,714,1033,1293,553,682,887,1058,880,1182,1167,735,1049,1038,1288,1124,1039,865,557,1306,1200,730,753,1082,892,1299,1057,1025,1293,1113,1016,811,1152,1295,897,1038,743,828,1371
504,643,522,719,857,524,604,592,820,556,606,508,833,617,631,602,561,813,559,540,731,527,856,577,549,564,817,567,614,638,656,510,600,844,564,527,813,584,546,561,823,559,735,548,570,650,526,555,750
here's my number.
1081,735,806,732,1485,680,1115,1200,1071,1044,1094,1123,1176,1051,739,826,1394
640,515,539,504,677,594,829,718,517,852,727,569,712,713,536,553,738
i'm a size 8.
1220,1419,1220,556,1053,676,1211,1170,635,744,1075,876,1342
537,691,741,616,853,598,536,525,727,573,812,417,772
i'm 6'2.
he has a nice car.
1200,1421,1202,1083,1111,1418,641,1354,1534,1088,738,1055,1092,556,691,1073,606,1074,1104,1256,814,737,1099,816,573,801,1388
518,695,753,826,317,702,323,727,552,577,480,761,553,596,565,792,624,782,657,495,703,525,810,730,613,547,712
i feel good.
1063,934,707,603,607,1174,986,792,1173,1157,619,1279
441,743,587,473,485,582,786,616,485,491,561,698
is this a safe area.
1122,536,994,776,994,1134,542,994,435,989,553,450,713,617,997,459,673,600,441,1300
480,567,756,502,579,486,551,779,589,767,541,601,593,496,765,590,503,460,579,681
can it be cheaper.
668,444,1040,982,1145,764,988,916,592,1003,663,981,596,408,1246,551,639,1283
667,577,674,819,518,525,812,666,491,794,662,594,508,617,538,495,515,751
my car was hit by another car.
i'd like a single room.
1109,972,937,648,407,652,1003,509,418,531,988,974,1128,753,965,938,957,941,462,994,1171,769,967,609,689,978,687,463,696,1237,1444,1175,1495,632,945,1218,1117,1103,620,979,452,975,561,1121,994,812,1211,614,995,689,1210,1202,1087,1330
721,540,789,674,598,513,803,509,598,583,814,612,510,540,814,682,524,793,596,704,556,534,613,491,536,819,706,601,510,737,572,500,636,573,829,616,541,658,507,818,615,831,592,543,697,636,604,492,831,533,540,548,714,751
i don't mind.
1142,1017,656,1206,1023,1316,802,1024,1110,1161,1050,673,1333
539,781,594,501,697,619,555,785,696,514,697,623,740
i get off of work at 6.
what's the exchange rate.
1165,978,809,623,805,981,1190,729,731,1005,1213,730,996,558,1197,713,1096,995,506,798,993,738,1274,1490,566,1002,500,804,1308,599,974,806,981,647,948,657,634,707,958,469,979,782,621,978,686,464,802,635,1194
506,772,642,496,549,771,525,624,618,790,518,637,779,524,543,541,638,791,611,574,795,323,753,594,536,603,614,563,611,599,793,566,600,516,824,510,670,718,555,635,685,649,524,816,559,619,585,513,767
how was the movie.
is there a movie theater nearby.
982,1205,570,994,584,469,608,995,807,985,941,1066,1132,1269,822,1146,651,1314,1482,1168,615,1028,822,1014,662,742,656,995,507,995,1072,1214,833,1145,675,1018,814,1024,667,479,813,659,751,1017,1035,662,499,727,942,944,1306
612,517,544,779,559,636,625,794,565,591,828,705,665,498,752,518,532,743,555,521,632,794,572,615,513,558,503,812,633,830,729,563,761,548,531,835,596,637,531,623,589,519,574,830,699,523,612,558,710,549,775
i want to buy something.
at 3 o'clock in the afternoon.
1167,1044,602,516,1060,821,991,792,1212,1030,962,1117,986,998,610,1226,1130,683,841,1017,1132,1019,870,1297,1426,519,838,1035,723,1034,1233,1407,768,1269,1227,785,1189,1050,1172,1053,1036,873,1034,723,996,546,779,865,706,806,1058,1236,1237,1032,1261
539,812,541,619,722,584,836,587,560,822,716,547,523,803,626,563,733,544,566,634,574,750,659,764,635,632,579,836,447,857,518,682,737,642,519,749,641,798,532,679,836,561,606,506,850,610,620,561,500,546,722,551,551,730,734
he broke the window.
1035,725,1013,967,779,1282,1148,712,1040,869,1042,725,1024,639,1160,1034,737,1234,622,1291
630,528,854,725,545,535,654,521,830,582,633,524,841,531,544,736,633,545,519,752
i ate already.
1164,1056,566,884,715,1042,1258,544,794,693,510,733,966,1363
541,820,615,583,500,832,642,619,546,490,618,613,504,753
have you been waiting long.
1027,559,890,742,1009,1005,1278,1103,1001,1018,754,752,1105,1056,676,598,1214,903,1212,1104,931,1046,1274,1281,1065,920,1291
635,624,741,527,821,553,516,518,802,721,526,525,712,849,535,624,524,551,537,701,642,827,655,555,717,654,766
there's plenty of time.
on the right.
870,1002,723,790,727,1436,650,1031,1317,1237,719,1051,855,1002,985,1232,797,1029,847,1134,1116,714,1313,1517,1271,1072,1032,841,1038,703,1003,738,1167,855,999,842,1272
563,629,503,543,500,636,589,816,498,633,527,731,566,517,804,546,632,811,565,537,702,529,736,581,509,695,802,563,600,513,834,532,525,636,628,546,711
do you need anything else.
721,1290,1012,1038,1277,1099,1012,1057,699,701,743,1051,542,1066,1027,858,1045,1191,1067,888,1049,698,1235,640,714,1254
618,506,790,536,499,519,791,704,501,502,608,815,615,674,513,542,638,539,701,633,829,499,618,599,538,747
help.
i don't have enough money.
1059,715,1273,1372,1336,1532,1168,1052,744,1283,1070,1423,868,1048,1062,553,875,730,1032,720,1050,1254,1084,899,1045,1016,1145,1273,1067,717,1007,1296
627,523,639,506,732,616,535,796,616,534,703,618,560,801,598,620,753,540,830,518,705,526,534,662,615,858,715,538,717,537,530,755
do you think you'll be back by 11 30.
751,1283,1010,1065,1310,1143,1037,866,1077,1237,1105,1265,1040,1037,1320,1110,1327,1417,1442,1093,1034,747,1032,1031,578,808,1218,1038,1036,1006,992,607,590,1054,859,1376,1370
617,517,813,545,502,516,780,561,629,545,717,611,809,522,487,506,671,565,556,801,683,537,813,674,635,720,598,819,713,526,805,417,418,823,420,405,755
my father is a lawyer.
how was the movie.
1128,959,1032,816,583,897,1039,732,814,1034,1173,673,1029,588,1028,1229,575,662,1020,726,807,1365,1513,1068,1302,663,1064,663,567,687,1071,903,1064,745,1034,1163,1304,898,1190,726,1413
705,513,805,641,633,563,621,521,560,855,540,592,831,640,819,631,659,543,499,525,553,716,615,585,523,532,820,546,637,626,814,578,612,520,852,722,549,712,540,511,738
where do you live.
668,1101,753,805,748,1096,1330,1061,1079,1312,1151,1039,1079,1291,1189,810,1282,1216
522,647,525,560,520,830,545,812,573,541,543,824,858,510,454,713,718,791
nonsense.
do you hear that.
1093,1294,1102,605,666,1103,593,668,1325,1070,676,1238,1009,1034,1254,1084,986,997,650,492,720,1001,828,994,519,830,1307
750,569,735,627,554,748,635,567,755,855,631,556,829,569,536,545,816,651,562,627,573,830,589,646,625,597,770
will you put this in the car for me.
what time is check out.
613,1191,1237,1234,981,1061,1296,1116,1014,1346,1058,841,1002,830,1030,1172,661,1016,1167,1041,1025,833,1009,699,994,762,531,763,1015,779,1228,744,1032,1143,668,1363,1437,595,1026,534,828,1040,830,1159,1111,685,1046,1191,632,1044,781,1033,698,782,1174,1034,1252,1059,860,1355
568,539,641,648,820,550,535,542,798,538,555,596,820,593,632,529,629,837,544,711,852,593,644,543,877,729,642,556,842,650,576,541,844,721,526,758,578,534,616,608,575,833,569,563,742,520,839,545,595,825,705,655,525,716,614,847,545,573,576,735
the plane departs at 5 30pm.
823,1042,695,1031,1303,1220,514,1076,695,1054,734,720,1353,565,779,879,647,1057,545,861,1055,640,982,861,1380,1279,1116,1343
575,642,519,833,570,658,631,714,539,837,641,544,554,631,559,566,597,834,630,574,834,378,906,359,334,554,711,788
near the bank.
1066,711,547,782,1058,872,1055,723,1051,1016,575,1110,1209,1373
677,544,627,571,846,576,627,540,804,710,623,686,583,716
will you call me a taxi please.
every week.
657,1233,1301,1296,1021,1077,1316,1150,1050,837,606,1276,1269,1069,1193,764,1090,612,1097,923,615,743,1270,1113,1386,1320,783,578,721,785,1363,1517,753,922,757,832,1135,1145,716,801,798,1267,1449
508,502,654,659,813,542,513,520,792,711,634,613,631,822,699,499,818,609,822,543,637,716,521,814,549,658,524,606,639,530,750,544,501,708,522,535,479,791,521,511,512,630,762
a little.
how long does it take by car.
634,1138,1393,1265,943,948,1360,811,1438,1648,1150,1387,730,1163,1393,1379,1175,990,1154,843,1396,823,770,1155,1290,956,1160,954,621,1262,1101,1112,1062,1077,1081,856,643,880,1431
613,832,628,532,551,560,629,524,736,585,616,536,537,804,638,541,692,658,802,610,525,511,593,800,519,572,805,573,616,643,826,853,726,524,843,712,651,548,753
were you at the library last night.
725,821,888,814,1125,1099,1351,1162,1068,663,971,1111,948,1125,836,1105,1322,1236,1056,858,616,864,1066,1046,1340,611,750,949,1107,1091,1250,982,1100,964,1377
535,542,573,539,829,550,526,532,812,619,594,820,579,615,537,846,588,497,672,561,623,567,504,812,619,636,616,573,831,730,522,662,619,543,752
cheers.
i don't know how to use it.
857,1122,801,792,882,741,1451,1570,1273,1113,810,1341,1135,1471,942,1111,1252,1098,1323,731,1108,1113,1332,716,1101,941,1374,1125,1217,746,819,1109,1274,954,1428
722,635,506,502,540,588,755,598,516,803,602,540,721,622,553,809,622,750,540,540,822,632,550,538,852,566,525,818,550,604,546,821,521,553,728
please take me to this address.
what do they study.
1399,1320,791,596,759,822,1133,951,649,1274,811,1129,1233,805,1143,958,1327,1137,951,1150,1284,776,1122,646,836,836,888,805,741,733,1384,1533,734,1152,658,964,1120,843,1344,1087,945,1118,806,1103,1097,768,953,1205,816,1050,1400
557,655,515,620,616,550,814,566,624,637,520,839,706,514,828,552,546,817,553,617,538,611,838,639,592,595,544,498,603,604,711,577,522,619,602,557,831,599,524,820,553,633,525,514,833,612,558,536,616,523,716
he said this is a nice place.
1116,798,1124,763,611,1297,835,1133,958,1142,1284,766,1118,1277,761,1113,626,1114,1137,1273,907,808,1120,1424,1332,617,853,809,1411
634,522,874,603,639,532,611,845,561,617,533,614,842,541,620,845,634,843,709,547,723,551,844,544,656,631,719,558,777
the whole day.
919,1095,791,1072,725,1076,1316,1333,803,1126,831,616,1069,1351
563,562,538,800,539,604,504,627,530,824,617,633,524,743
tell him that i need to talk to him.
942,800,1340,1333,1115,1090,1247,1217,799,1124,954,1132,652,943,1095,1251,1102,1150,799,799,833,915,1293,1101,909,618,1321,1219,1084,919,1318,1076,1095,1256,1215,1408
567,520,630,652,842,641,509,716,519,849,563,639,593,563,851,526,837,728,516,516,604,561,511,811,576,637,638,660,843,563,538,837,644,522,735,782
i'd like to go to the store.
i haven't had lunch yet.
1037,1406,613,955,1160,1047,1050,630,931,760,1135,954,810,1158,940,780,1146,932,919,637,909,569,541,766,1212,647,585,1254,1462,1137,983,990,489,772,613,951,1373,802,964,959,471,652,950,1211,1013,1025,715,923,949,956,657,837,1289
565,685,590,847,605,558,660,560,847,574,565,846,675,556,839,571,559,838,642,534,865,599,614,585,500,562,544,785,615,513,806,616,668,773,574,730,616,571,831,651,670,632,846,633,536,719,725,592,818,503,528,547,766
no, i'm american.
1027,1212,1263,962,1155,1359,1153,992,517,1082,675,767,1132,753,519,1026,1248
717,537,751,844,510,631,756,842,652,710,544,532,524,740,672,737,762
it's suppose to rain tomorrow.
this house is very big.
1142,848,1407,655,1007,641,1035,1331,1321,1230,640,701,996,868,1215,1003,760,520,1107,1013,994,867,1224,1093,1217,779,789,1208,628,1330,1480,849,1019,1193,645,1021,951,1213,1059,604,669,997,1128,625,1006,820,668,763,956,934,933,1130,898,1299
529,579,639,632,824,636,538,520,536,513,633,534,810,558,516,805,548,622,544,713,841,564,524,722,535,558,559,523,538,721,556,546,625,524,585,834,542,435,444,602,533,789,495,605,786,741,532,544,482,761,671,497,659,738
where are you going to go.
anything else.
565,977,655,723,656,979,483,722,650,945,924,1212,1009,918,862,1206,1112,1016,860,987,857,1249,979,879,1187,1300,1454,492,1021,989,823,988,1134,1026,877,1006,671,1212,611,691,1287
511,580,498,531,487,802,597,530,487,799,538,488,500,796,646,516,516,685,639,816,541,487,823,669,517,724,560,618,700,519,538,644,554,705,646,833,513,605,608,541,722
i still have a lot to do.
he said you like to watch movies.
1152,1028,615,833,1151,1244,1235,981,1030,527,847,676,998,538,1008,1261,1234,860,1001,850,1245,1001,713,1229,1340,1592,1032,686,1017,639,518,1169,711,1012,997,1226,1037,953,1216,1110,1108,696,986,842,1190,989,611,529,853,771,965,941,1067,1223,837,1129,703,642,1283
488,838,602,557,525,621,637,842,614,656,743,543,840,621,828,617,526,560,833,565,530,838,599,538,693,483,613,538,755,624,674,443,629,776,505,479,493,791,606,496,613,526,803,557,494,795,526,613,546,685,571,819,703,505,732,506,520,598,697
it's delicious.
no problem.
1133,862,1325,634,1004,722,702,1222,1133,793,1141,1230,1069,646,1312,1495,1058,1248,1022,1351,770,1245,989,1256,694,1113,1321
477,548,598,620,806,635,521,596,509,705,504,500,505,620,685,537,672,511,801,487,532,501,671,577,501,685,688
i don't have a girlfriend.
1079,993,675,1181,988,1303,810,1023,984,489,799,655,960,489,977,831,1107,709,1170,753,717,1111,653,1001,689,1253
465,754,607,492,683,589,545,793,589,636,741,554,824,649,809,641,465,528,588,623,520,500,511,666,621,699
i know.
i live in california.
1102,994,1135,1002,1210,562,1238,1416,1120,1000,1249,1105,791,651,1007,1112,1001,988,704,483,1155,1057,742,1139,704,949,1058,479,1163
477,777,603,698,524,503,737,581,491,828,601,460,729,535,764,502,666,796,698,642,600,510,630,524,541,684,506,637,712
he likes it very much.
do you have this in size 11.
952,652,978,1199,1089,1093,656,594,970,1077,790,960,805,640,725,898,888,1092,1038,713,941,1264,1497,663,1192,922,955,1229,1040,924,855,412,696,575,882,738,879,1001,535,890,1002,908,904,559,1035,488,618,914,382,380,1138
617,533,810,577,500,607,522,603,788,487,523,799,717,523,530,486,787,658,493,678,605,728,560,591,497,762,514,472,479,753,579,603,698,528,791,551,587,501,583,795,500,689,814,604,497,698,524,790,361,345,800
would you ask him to come here.
550,1131,962,1136,658,888,908,1167,1001,884,470,582,1082,907,901,1087,1033,961,800,1164,968,707,1153,1047,657,936,919,631,708,628,1158
479,511,532,599,566,801,518,515,496,789,604,597,596,823,587,458,684,781,534,497,791,672,508,684,514,823,602,504,536,493,736
i don't speak very well.
1080,941,661,1165,954,1310,810,960,608,1275,655,514,1086,959,843,674,761,918,896,581,679,1177,1172,1268
490,819,602,518,717,600,539,820,591,481,498,618,614,816,701,509,532,468,789,514,501,592,598,737
there's a book under the table.
at 3 o'clock in the afternoon.
785,973,650,720,658,1408,593,1012,496,986,917,1237,1220,1136,981,1035,1018,671,670,744,987,821,988,675,964,805,491,939,1191,661,1240,1462,489,798,1003,663,999,1216,1412,731,1252,1231,743,1175,1003,1132,1031,1012,809,960,655,956,467,709,815,607,734,930,1138,1156,970,1211
562,617,505,546,507,647,583,801,615,814,686,469,485,619,815,524,704,599,512,511,808,535,584,501,819,555,621,680,583,517,736,570,600,548,810,337,791,466,654,692,640,480,701,617,762,491,660,778,503,572,489,806,587,584,511,459,502,688,484,486,702,733
how are your parents.
is this the bus to new york.
965,1193,589,976,515,727,665,978,941,1222,1052,731,955,1325,492,725,640,1014,812,599,1190,1550,1164,609,1022,798,945,1069,615,970,841,946,693,943,906,1053,610,991,846,1188,1013,1027,670,576,986,957,765,1251,1124,1343
580,494,478,803,602,522,479,722,472,437,440,502,755,467,580,520,473,650,517,570,703,570,482,560,766,475,546,441,554,749,493,543,483,777,643,453,575,754,491,467,744,640,469,473,786,464,473,474,637,810
when are you going to pick up your friend.
523,965,618,1014,986,461,690,623,974,933,1207,1012,952,812,1190,1088,989,1001,823,801,1198,1001,1329,1137,721,1157,962,986,1297,947,940,1230,1050,745,956,781,746,1112,673,1014,691,1214
474,597,467,701,824,579,494,469,788,511,484,494,771,586,483,472,644,795,605,498,481,778,428,456,692,578,745,483,457,749,480,466,466,492,759,610,496,466,474,636,580,712
it's 8 45.
did you come with your family.
1031,730,1393,562,1012,1258,1009,618,722,1343,1457,629,1104,639,958,979,1218,1047,956,680,1182,1065,629,997,557,1138,815,981,923,944,1216,1039,719,960,751,477,1070,1121,1218,948,1260
467,501,564,598,769,203,763,173,185,721,514,555,477,576,771,516,485,482,773,691,497,666,502,806,494,522,530,605,801,532,500,516,524,820,621,611,695,511,607,513,723
can you give me an example.
when are you coming back.
723,505,1071,1008,1023,1256,1066,986,837,1147,826,656,1001,1132,661,1019,504,1034,1016,659,478,477,1120,1330,1219,654,1318,1513,556,1037,651,1064,1020,490,716,641,1000,970,1219,1037,977,723,1206,1115,1147,1048,855,1007,933,511,731,1105,1252
696,626,660,772,494,463,479,740,638,476,748,549,818,659,519,803,627,681,828,676,642,637,697,444,600,530,704,539,512,565,512,673,805,602,530,493,791,512,475,492,786,707,474,676,488,678,634,807,703,616,731,597,740
who is it.
which school does he go to.
602,1010,1250,1022,1148,645,1023,1178,868,1322,1542,608,1012,1184,764,1004,1001,646,777,1007,1221,1208,1258,1086,728,1269,722,651,1058,1034,1035,904,1298,1067,903,1245,1323,1344
489,601,509,796,481,584,802,489,532,716,560,487,589,484,675,584,801,591,690,579,464,473,601,799,590,477,481,558,800,584,798,626,477,783,512,484,386,677
on the second floor.
how many hours a week do you work.
1165,1005,991,786,946,650,954,570,660,726,1152,963,658,986,745,1178,1175,1167,731,1253,1471,984,1199,575,992,1097,499,1016,935,961,968,1197,1047,714,606,981,504,990,595,412,682,691,1006,692,1192,976,975,1211,1035,946,585,1205,750,1070,1280
560,688,831,562,610,531,836,628,537,699,531,695,606,816,660,637,521,526,551,710,584,608,530,488,814,689,615,689,496,818,622,497,515,529,598,804,621,813,513,564,507,523,803,615,485,766,526,484,490,759,523,492,542,645,775
have you been to boston.
1008,492,840,687,1025,984,1244,1075,979,950,706,723,1035,1018,866,1239,1031,962,1261,681,905,1232,1037,1335
596,647,748,517,775,520,486,488,779,696,520,546,712,832,580,516,799,692,520,603,565,539,721,711
i'm bored.
i need to go home.
1135,1441,1149,996,1029,1271,793,722,748,1309,1484,1179,1056,1083,717,719,743,1049,897,1246,1047,899,1231,962,951,1220,1097,727,1358
483,667,732,835,697,514,517,488,603,766,602,498,789,686,505,502,604,831,554,506,801,624,471,789,596,439,673,501,728
open the window.
where can i find a hospital.
1152,1389,687,1029,1016,861,972,710,978,618,1144,1023,723,1244,622,1303,1450,547,1009,648,710,639,1030,721,481,1008,1003,1166,1016,750,1135,1011,689,1008,1011,972,1026,1230,628,1343,1170,813,512,1216,1288
478,474,484,655,797,544,581,502,801,496,488,678,601,489,484,715,517,474,543,470,501,463,755,659,598,634,783,465,763,608,499,668,612,797,793,586,481,439,600,449,449,537,588,578,719
here you are.
1005,675,738,677,1005,992,1287,1090,980,510,731,663,1218
603,501,542,498,820,505,480,472,775,594,542,487,729
my daughter is here.
1118,1006,1016,703,505,1074,853,978,846,650,764,995,1128,619,996,976,682,729,670,1171
618,391,761,564,596,441,611,591,528,457,510,795,476,590,797,601,483,511,479,731
what's your religion.
do you think it's going to rain tomorrow.
587,988,511,799,1431,600,999,971,1264,1080,729,985,724,655,1247,1148,868,1110,1216,1022,1462,1536,710,1270,982,1020,1278,1087,991,830,1002,1160,1013,1197,1018,1168,821,1390,637,1038,868,1172,1042,1026,886,1016,873,1207,1012,772,525,1128,1025,999,859,1103,1216,1332,777,781,1293,625,1327
514,617,591,542,563,561,798,517,468,480,523,793,523,479,583,486,620,489,489,687,637,518,586,467,764,510,466,474,759,537,568,498,679,571,801,487,530,618,582,794,626,500,557,682,632,810,556,507,800,538,595,517,680,829,557,687,516,428,538,536,449,513,696
be quiet.
do you like to watch tv.
977,696,1017,464,1081,1205,709,872,1292,1498,757,1286,1016,1050,1285,1108,1023,1285,1187,1190,718,1059,859,1251,1062,646,572,877,791,1018,1006,883,926,1359
680,489,800,496,481,439,471,543,673,519,597,486,718,468,437,445,736,566,462,575,501,764,536,469,764,493,582,524,658,566,787,520,718,733
what's your email address.
644,1006,555,873,1446,657,1057,1009,1306,1127,789,1035,714,1138,558,1281,1315,1023,524,733,739,790,720,646,629,1320
469,561,573,518,546,540,748,445,419,426,488,765,473,644,578,539,532,757,579,542,555,482,461,551,567,717
should i wait.
can you recommend a good restaurant.
659,1023,1255,1075,1275,730,1029,1206,1023,630,546,1187,883,1354,1528,837,585,1073,961,1034,1252,1078,985,790,727,787,1222,1143,1151,729,1083,745,1050,563,1054,903,1262,1256,755,1040,805,747,666,886,570,794,789,533,1063,866,1230
573,590,466,474,582,561,762,433,765,496,582,465,525,702,533,679,603,629,782,500,469,483,775,523,482,690,474,659,656,487,675,581,784,601,772,641,451,457,583,793,537,503,565,550,583,523,525,590,621,527,697
when are you leaving.
638,1045,709,1077,1054,540,773,699,1039,1028,1284,1113,1033,1278,707,537,869,1190,1048,890,1314
500,564,488,671,799,580,524,479,779,508,473,471,756,581,484,599,708,469,657,630,709
how many miles is it to pennsylvania.
1084,1310,648,1077,1182,541,1130,1057,1067,1179,1229,1302,740,675,1098,1199,677,1068,1210,889,1072,903,1301,1091,1374,746,1101,1110,692,1025,1291,911,589,1064,1218,587,1303
515,444,510,745,627,584,622,409,773,633,434,563,487,553,770,453,550,755,446,519,753,513,453,751,456,482,642,647,559,443,552,682,582,662,456,589,677
