i came with my family.
1200,761,720,542,1158,663,780,607,1191,773,1079,793,1134,832,806,788,561,1144,1182,1257,819,1310
614,924,797,730,808,651,933,654,627,681,716,942,811,700,951,738,719,809,654,713,694,809
are you working tomorrow.
549,755,689,824,844,1268,1128,828,663,1259,784,1192,1187,1085,882,831,674,1257,1144,1231,778,776,1242,657,1312
716,669,615,948,692,636,651,938,649,624,671,697,614,780,751,959,649,607,807,627,674,669,631,643,767
he said this is a nice place.
1091,732,832,692,602,1204,748,839,831,1088,1202,679,840,1205,680,826,576,826,1071,1180,779,752,836,1334,1275,572,750,730,1285
722,623,943,726,729,618,704,947,693,718,605,683,958,613,684,941,722,940,779,624,789,651,940,621,710,722,806,636,761
it's very important.
1239,811,1460,696,846,886,763,811,928,896,1250,1199,1379,1363,841,887,623,1129,903,1341
605,693,681,693,934,802,652,666,681,920,615,796,629,579,655,668,710,790,686,760
how far is it.
1134,1310,723,908,873,643,858,903,1242,737,898,1247,894,1320
669,575,628,919,717,713,663,914,574,668,920,570,677,718
here it is.
1089,787,837,773,904,1218,890,913,1217,744,1327
707,615,651,598,906,594,671,916,595,665,748
which one is cheaper.
734,1083,1197,825,1085,903,1273,1070,820,919,1206,744,908,843,1077,816,659,1337,817,859,1321
639,697,578,779,687,916,623,789,636,924,599,674,919,776,709,631,714,614,631,654,733
what do you want to buy.
746,1089,640,924,926,812,1289,924,956,1268,1134,925,781,687,1072,950,935,942,1268,939,1000,1124,994,1304
654,708,718,679,925,705,620,934,709,631,650,935,655,724,801,702,938,694,635,938,842,635,716,765
i only want a snack.
would you like to go for a walk.
1250,947,1352,1140,1333,985,941,801,702,1126,967,949,679,942,788,1123,689,888,1242,1355,1529,767,1349,1203,1351,857,955,977,1327,1196,960,1332,1270,1263,855,962,965,1327,964,1000,1325,970,963,1319,921,964,687,956,800,700,1330,1251,1369
609,943,605,771,701,703,927,654,719,795,692,939,712,938,693,812,722,805,687,768,648,649,629,636,700,697,929,694,629,642,927,711,593,693,640,928,696,618,929,746,625,938,728,617,676,933,716,935,654,717,692,669,768
see you tomorrow.
601,669,663,797,820,1272,1130,828,805,1255,1143,1250,753,755,1244,625,1274
623,558,556,840,612,590,608,852,616,572,748,584,596,596,583,573,711
i'm not going.
you're smarter than him.
1156,1427,1123,839,1040,1218,832,853,886,1220,1152,1036,888,1247,1473,880,1210,1074,1325,808,749,869,697,1117,613,799,873,756,819,883,866,1051,606,1045,888,1055,1169,1135,1296
575,625,768,866,751,592,624,868,682,589,565,752,678,723,627,649,612,621,675,615,560,881,629,752,672,608,629,563,602,881,638,729,667,789,887,711,594,796,768
i'll take that one also.
1192,1461,1300,1301,897,888,614,1223,785,893,883,1097,610,901,906,1286,1106,796,904,623,1252,719,785,1301
571,625,670,653,885,642,665,647,581,879,635,669,665,640,895,586,742,575,888,663,658,637,569,750
do you have anything cheaper.
i've already seen it.
791,1287,909,914,1275,1154,910,1114,638,886,815,899,648,1109,946,927,1094,1203,1090,956,928,882,1091,834,682,1336,838,890,1305,1511,1218,1474,925,842,934,679,1320,889,815,666,836,983,950,776,838,836,1113,944,1212,956,1375
614,588,879,634,585,613,885,660,665,729,593,874,670,708,657,639,645,557,714,687,906,757,674,607,684,585,603,636,706,624,574,635,748,596,886,674,660,632,577,665,665,655,899,666,589,596,743,885,591,644,721
no, i'm american.
here it is.
1082,1259,1228,965,1314,1495,1224,972,704,1225,873,913,1300,894,737,1167,1361,1515,1170,876,928,864,970,1290,963,984,1297,815,1381
732,572,730,899,559,665,764,907,685,770,609,641,570,739,699,747,718,627,678,600,641,588,892,577,651,904,582,654,745
that smells bad.
978,1148,713,979,986,816,1235,885,1340,1347,819,975,1057,760,879,1372
652,684,681,650,898,652,764,596,697,689,651,895,779,692,674,731
i'm happy.
how do i get to daniel street.
1223,1443,1211,990,1159,721,1355,1367,1029,1368,1513,1136,1336,826,991,897,1319,991,1259,996,1017,909,994,1011,991,1340,1005,899,737,1132,1252,896,1338,996,834,987,897,932,932,880,1399
602,684,795,901,699,691,631,628,691,801,683,705,601,617,904,677,635,905,602,906,713,603,661,918,656,622,913,668,694,768,595,611,673,905,665,662,596,635,636,585,742
on the left.
1376,1194,1004,990,1179,903,1003,1367,901,968,986,1381
619,752,902,659,688,600,906,676,610,679,656,761
what kind of music do you like.
the roads are slippery.
839,1186,745,1014,1017,1281,1274,1178,899,1007,1350,989,1006,1235,1198,850,1284,929,999,917,1352,1001,1036,1342,1224,1011,1345,1287,1277,917,1386,1556,1033,1184,920,1013,973,1348,761,913,859,999,772,956,914,1002,854,1370,1265,1446,1447,920,963,1059,1393
635,706,697,672,920,675,611,769,692,911,637,711,907,783,646,679,602,747,909,673,627,906,681,635,651,912,707,605,693,622,788,668,682,709,639,913,660,628,699,703,688,908,714,652,625,905,686,697,632,638,637,639,651,691,795
are you afraid.
775,975,910,1019,1055,1337,1216,1026,780,1006,974,758,1307,912,1383
711,656,615,907,688,658,664,914,716,722,662,703,631,693,771
which road should i take.
854,1200,1304,940,1198,1024,962,1370,755,919,1021,856,1155,1363,1212,1363,927,1029,1295,1013,1038,777,1284,911,1371
639,707,596,778,699,908,655,617,709,712,911,679,734,628,635,670,680,919,615,912,687,708,680,620,770
where did you learn it.
i wish i had one.
865,1209,937,989,936,1033,936,1308,933,1027,1052,1376,1245,1043,1377,935,770,985,1196,1044,1301,1024,1380,1580,1342,1040,867,1345,866,1032,1053,1345,1038,1202,782,939,1037,1400,1212,924,1406
637,713,636,661,616,923,702,623,689,919,690,649,660,924,718,633,708,657,790,924,639,673,770,670,618,923,640,608,674,915,920,617,920,726,714,704,922,651,789,620,775
i think those shoes are very good looking.
do you know how to cook.
1339,1036,1049,1228,1327,1203,1331,1048,1052,1218,1401,856,932,1045,872,1209,1401,930,872,1042,775,998,926,1047,1087,954,991,1089,1058,1077,1395,1400,956,1042,1408,1397,1399,1331,1322,1215,1068,1410,1600,948,1396,1050,1076,1398,1275,1053,1324,1189,1359,885,1057,1190,1358,888,1058,1066,1355,1066,991,1355,1362,1282,1378
618,910,683,711,614,795,696,929,691,721,636,680,620,922,677,725,632,617,687,920,713,659,613,920,790,639,665,701,928,748,651,648,716,925,725,644,641,710,632,784,728,772,683,669,662,924,693,670,678,924,729,863,685,658,932,732,654,646,934,696,657,941,796,654,647,712,806
are you busy.
which one is cheaper.
801,997,940,1069,1105,1391,1264,1074,1105,1257,920,1108,1399,1557,911,1180,1312,994,1189,1063,1379,1189,966,1063,1324,910,1048,1000,1190,961,812,1441,964,1022,1393
731,664,618,930,697,654,647,930,820,650,703,703,788,676,650,736,617,789,724,928,636,807,633,924,626,685,927,814,726,642,729,651,636,674,785
what is the area code.
898,1192,806,1076,1076,1311,904,1069,1076,1207,967,1074,815,1016,953,801,1062,995,1367,973,973,1389
657,731,728,689,932,640,687,932,694,730,628,929,721,669,615,720,925,774,645,715,647,768
at 3 o'clock in the afternoon.
774,1050,1073,917,1042,1349,1510,966,1329,964,1270,1053,1265,1161,1047,1047,1036,1152,947,1072,771,1028,1022,943,1001,1133,1302,1308,1131,1328
721,695,945,639,904,651,698,803,642,771,711,920,632,806,909,681,681,731,620,925,725,727,673,636,668,812,661,659,805,801
that's it.
i want to buy something.
1040,1160,788,1060,1474,882,1081,1338,1059,1408,1566,1339,1081,904,813,1190,1077,1080,1069,1386,1077,1110,1247,1119,1092,914,1358,1239,977,1095,1158,1284,1161,1105,1359
691,730,730,692,695,687,942,622,687,772,658,615,940,651,727,781,699,943,695,660,938,793,650,717,947,696,640,803,640,707,736,621,783,735,769
what's the exchange rate.
836,1155,735,1002,1472,833,993,988,1179,885,995,882,867,942,1155,769,1147,1044,911,1001,953,726,1017,871,1332
653,713,708,679,684,687,919,674,703,601,910,601,780,816,724,724,798,742,632,927,661,712,684,613,779
please speak more slowly.
1359,1328,888,730,807,883,1012,806,1499,872,713,1293,1003,1231,1346,941,866,1002,811,1357,1345,827,1357,1039,1420
654,735,632,707,689,623,924,695,611,600,701,699,906,814,645,652,595,904,677,735,652,628,725,678,799
sorry to bother you.
813,1273,918,925,1043,1036,1022,1281,1027,1081,1285,1024,1113,907,979,1042,1057,1295,1166,1325
658,609,631,628,669,909,665,634,904,806,620,671,687,615,646,902,675,621,636,888
expiration date.
920,882,1412,1279,982,770,1039,1275,1338,1149,1062,940,790,1059,929,1362
604,770,635,611,655,707,668,623,642,774,917,694,711,677,613,762
certainly.
i need a doctor.
963,962,1004,1068,803,1336,1214,1399,1110,1465,1568,1350,1092,1192,977,967,964,1077,805,1065,973,1363,999,1074,1376,1019,1389
751,633,655,676,703,630,771,723,695,781,685,623,930,804,629,617,679,919,710,914,686,662,768,691,657,667,788
does it often snow in the winter in massachusetts.
973,1452,979,908,1089,1390,1067,1090,1461,1052,1064,959,1259,1094,897,1245,1423,905,1096,1369,1245,1097,1100,1255,984,1096,918,1351,1239,1083,982,1037,1105,1366,1242,1102,1306,830,925,923,844,1026,1235,1303,954,998,1115,1107,1002,1437
678,640,632,684,921,620,676,921,639,698,666,624,772,914,675,774,645,637,921,632,786,925,698,730,623,925,651,637,779,684,623,665,933,626,780,932,806,718,689,688,724,771,742,659,717,636,697,697,622,786
can you speak louder please.
1030,869,1261,1105,1151,1435,1311,1107,953,1489,1016,860,1380,1119,1441,1497,1390,1017,1016,1072,1121,1544,1509,1013,857,935,997,1511
798,731,792,925,712,655,674,945,695,642,633,725,693,939,720,615,635,691,638,676,937,633,714,636,726,701,631,770
is mr. smith an american.
no, thank you.
1387,940,1115,1318,1068,1482,1122,940,1316,1380,1115,1272,1119,854,1266,1117,872,1288,1034,1072,1356,1060,907,1242,1433,1563,1234,1415,1368,1131,1131,1269,882,1379,1038,1122,1165,1445,1326,1453
644,692,929,813,676,807,937,705,823,652,701,737,932,728,830,940,724,849,649,690,685,794,740,838,833,682,839,683,842,945,708,756,733,744,650,939,728,703,718,831
just a little.
1308,1322,945,1106,1105,847,1091,1457,1384,1107,1107,1453,1001,1456
770,678,708,694,937,717,932,738,644,692,694,719,632,818
what did you do last night.
i'll tell him you called.
936,1239,853,1113,1115,1012,1358,1018,1103,1140,1422,1298,1113,1016,1428,1115,1437,858,949,1128,1125,1224,1325,1149,1235,1135,1435,1606,1362,1574,1440,1441,1119,1115,1009,1446,1445,1123,1250,1295,1311,1118,1153,1432,1294,1122,1059,904,1430,1431,1042,1044,1446
654,768,720,696,940,696,670,694,932,711,696,713,939,703,690,946,742,723,716,705,957,820,675,751,767,714,800,712,668,747,760,747,937,699,622,738,733,948,760,694,828,943,719,696,709,945,813,741,738,738,657,721,815
are you working today.
please take me to the airport.
877,1078,1013,1135,1163,1429,1298,1144,978,1415,1107,1352,1356,1252,1184,1145,1162,1419,1055,899,1172,1419,1581,1492,1469,1055,899,970,1038,1152,1137,865,1351,1044,1141,1304,1039,1137,1154,1414,1137,1158,1251,1044,1142,891,1341,1092,1483,1405,1069,1163,1434
736,686,642,944,718,688,698,962,674,677,698,726,651,813,763,968,726,679,737,738,732,796,685,667,740,662,738,734,660,968,719,734,730,659,960,838,656,956,723,685,956,727,765,653,967,742,681,702,679,678,694,729,812
some books.
973,1398,1310,1035,1140,1209,1408,1418,1345,1004,1444
745,689,836,659,961,823,678,673,732,733,820
it's half past 11.
they're waiting for us.
1298,1077,1475,922,1077,1250,825,1407,1056,1077,1451,826,914,1073,1081,870,877,1412,1573,1077,1227,986,1125,1501,994,922,1099,929,846,1362,1112,1367,1230,1151,1112,1081,1398,1075,1112,1293,939,1439
688,689,759,699,927,764,726,752,737,940,690,727,729,694,931,632,639,838,730,694,761,642,704,726,632,706,938,653,725,651,703,650,811,750,959,744,676,691,940,703,722,802
can i try it on.
1022,867,1243,1095,1354,1107,1126,1018,1138,1118,1363,1095,1110,1431,1248,1441
767,740,815,942,653,943,708,668,718,942,652,694,938,666,802,794
see you later.
941,999,1001,1115,1149,1426,1298,1124,1440,862,1138,1007,1074,1451
703,636,641,943,718,676,695,958,731,732,723,656,689,788
i went to the supermarket, and then to the computer store.
which school does he go to.
1361,1121,954,1009,1266,1123,1135,1116,1424,1131,1122,1285,1021,1132,954,1325,1499,1027,1080,1313,873,1082,1374,1022,1139,1376,1140,863,1304,1025,1126,1134,1290,1029,1270,1135,1141,1445,1144,1149,1292,1030,1140,1069,1448,1340,1524,1343,1161,1050,1108,1154,972,1134,1443,1090,1032,1454,1579,976,1285,1388,1069,1301,1149,981,1066,1289,1446,1452,1459,1157,1070,1469,1057,988,1151,1294,1051,1163,1167,1465,1160,1151,1462,1484
652,945,661,642,834,707,954,704,703,955,713,755,651,945,710,716,690,659,690,855,736,687,780,652,713,864,957,728,877,707,950,713,775,643,862,949,713,703,963,719,768,633,957,815,689,828,707,696,725,657,699,961,719,716,729,694,649,841,721,673,789,689,790,784,960,723,846,777,678,683,768,964,734,682,674,735,956,769,664,973,752,703,966,720,705,839
do you need anything else.
1047,1415,1160,1179,1406,1295,1155,1262,1053,1047,1051,1158,892,1257,1199,1136,1269,1363,1261,1183,1166,1064,1410,985,1051,1421
715,714,964,735,717,744,965,853,660,656,718,963,745,859,742,716,779,684,840,756,974,663,760,740,658,826
a few.
how was the trip.
901,1162,1143,1062,996,1448,1614,1291,1470,998,1165,988,904,997,1157,1158,1302,1063,1166,1167,1098,1385,1515,1483
751,963,756,668,674,817,697,769,675,674,976,671,748,740,965,728,761,659,975,730,696,677,688,821
i'm good, and you.
1379,1547,1340,1160,1180,1460,1458,1055,1405,1160,896,1309,1056,1158,1188,1451,1349,1460
678,751,865,965,756,694,693,724,845,964,750,870,721,964,739,717,717,830
when are they coming.
994,1281,1061,1265,1166,908,1114,1044,1163,1201,1281,1068,1218,1174,1082,1440,1331,1366,1276,1195,1463
685,775,665,866,978,752,703,654,967,749,776,667,752,990,797,701,858,690,860,774,847
what's this.
1000,1256,919,1180,1556,1006,1158,1182,1272,1384,1000,1485
680,803,755,734,770,740,971,742,801,683,716,841
do you know how much it costs.
1071,1457,1162,1187,1457,1329,1169,1410,1303,1458,996,1172,1308,1468,998,1167,1339,1326,1116,1277,1167,1379,1186,1186,1100,1451,1021,1175,1016,1460
722,709,971,738,709,736,978,745,858,712,689,978,790,711,687,972,868,736,819,808,981,702,747,993,813,711,760,741,734,839
how long does it take by car.
i'm going to america next year.
1260,1438,1016,1182,1444,1441,1286,1221,1180,1092,1438,1090,1013,1178,1394,1173,1186,1166,911,1388,1069,1178,1217,1235,1180,1098,953,1131,1453,1623,1396,1550,1342,1170,1215,1453,1390,1281,1216,1186,1172,1437,1183,917,1332,1081,1129,1385,1095,932,1168,1295,1072,1005,1185,1190,1229,1063,917,1153,1453
817,708,691,994,783,704,870,789,997,753,709,691,750,988,729,736,984,738,765,790,698,992,861,774,993,859,806,743,857,674,699,774,875,984,802,726,688,861,789,1008,747,732,994,772,880,700,727,718,809,785,982,866,690,731,740,981,771,680,773,726,868
john is going on vacation tomorrow.
1265,1408,1206,1203,1106,1325,917,1097,1115,1399,1332,1219,1112,1109,1396,1219,1108,1089,863,1019,863,1089,1311,1396,1212,1120,1098,1385,1288,1385,1051,1049,1383,913,1402
814,721,811,894,961,721,717,948,743,739,696,855,738,964,731,868,963,860,765,855,780,719,726,724,864,972,721,723,895,733,712,704,736,683,857
he always does that for me.
1220,985,1110,817,1389,927,829,1129,922,1107,994,1393,990,920,1103,1108,1228,849,1115,1125,1066,1390,1073,1115,1296,988,1398
826,656,963,758,791,684,756,734,762,974,748,733,658,752,963,723,810,754,728,994,771,735,714,971,892,655,877
what do you recommend.
please speak english.
925,1215,842,1099,1120,990,1387,1105,1138,1380,1263,1119,1057,990,1010,1392,1288,1285,986,1237,998,1417,1616,1466,1425,994,837,913,977,1103,913,1487,986,839,1364,1107,988,1244,1137,1407,1345,941,1224,1420
685,829,756,723,986,743,745,972,737,753,780,980,705,652,805,736,888,890,681,914,731,879,766,752,810,683,765,760,680,958,754,737,677,767,783,962,670,868,775,801,716,733,808,846
is your husband also from boston.
when will he be back.
1323,926,1117,1144,1402,1273,1062,1125,1219,1255,926,1180,913,1226,1033,1121,876,1379,944,1401,1122,1099,1071,1393,1311,1123,1218,1402,986,1135,1400,1222,1422,1625,967,1254,1030,1229,1141,964,1335,1420,1419,1140,1247,1039,1139,1225,1021,1135,1237,919,1089,1341,1431
741,735,977,746,762,769,711,977,838,757,740,861,782,894,768,992,777,828,771,739,986,788,728,730,887,985,903,690,777,752,689,870,838,692,707,778,680,878,991,700,691,765,760,989,793,680,988,925,689,991,927,786,861,746,820
will you call me a taxi please.
the big one or the small one.
910,1309,1389,1386,1102,1124,1374,1264,1115,1023,873,1386,1383,1114,1264,993,1108,833,1117,1109,826,970,1307,1105,1438,1394,996,844,926,989,1402,1490,1100,1235,983,1112,1202,1346,1144,1106,1415,1232,1003,1114,1400,1065,1123,1129,1225,1001,1127,941,1269,859,1439,1435,1121,1386,1202,1000,1399
690,721,789,780,982,750,723,726,986,840,792,779,783,996,879,677,986,772,998,743,765,853,695,995,713,806,692,772,767,689,865,624,743,779,670,978,870,674,798,996,708,846,688,982,711,723,991,752,775,673,997,751,867,780,693,697,995,699,869,676,842
whose book is that.
can you call back later.
935,1195,1358,935,1000,1114,1148,1375,1371,1317,1103,1313,944,1105,1123,1205,852,1125,1433,1636,1036,887,1209,1106,1140,1378,1253,1120,1037,876,1390,1383,1114,1205,881,1064,1318,1129,1408,868,1132,1006,1064,1403
700,825,717,776,690,981,862,722,726,772,988,716,755,986,755,808,782,753,856,612,857,810,870,980,764,736,748,988,858,803,772,771,983,921,791,857,762,1001,787,788,763,707,729,847
i'm sorry.
i'm very busy. i don't have time now.
1311,1508,1286,1132,944,1383,1054,1047,1151,1405,1605,1351,1533,1287,1127,1095,986,1033,1145,1130,1169,1289,960,1153,1434,1129,1333,1124,1032,1391,1213,1481,1128,1136,1227,871,1129,1020,1121,1134,1342,1277,1016,1137,1217,1390,956,1393
710,754,878,995,754,724,728,718,760,866,750,692,765,867,988,839,693,712,742,977,843,732,757,752,861,980,705,978,775,718,865,788,742,985,793,781,844,697,978,751,714,878,678,983,884,733,704,844
a one way ticket.
857,1134,1415,1227,1021,1139,973,877,1173,1153,1143,1327,1061,1331,1032,1153,1415
787,991,734,872,694,992,713,789,770,1011,752,715,841,808,702,755,860
call the police.
1054,895,1409,1409,1137,1143,1254,1022,1146,1468,1398,1414,1335,1052,1018,1404
844,796,790,791,992,756,803,688,992,724,717,829,708,839,694,847
would you like something to drink.
i have a reservation.
747,1261,1111,1296,835,941,951,1287,1150,965,1288,1212,1216,835,967,781,1280,1177,846,971,1091,1203,1094,994,961,960,1249,975,854,891,1252,1127,1237,1337,1543,1233,973,1136,689,956,837,968,697,962,903,836,781,839,899,950,717,985,960,1228,1293,1126
724,782,759,812,772,993,760,781,785,994,828,741,816,711,1001,779,753,895,716,772,838,739,918,823,1001,763,777,999,779,747,742,916,821,903,659,765,1000,846,809,884,699,999,810,999,754,716,794,726,735,874,822,1050,770,741,772,909
he's in the kitchen.
1136,867,1414,805,983,1236,1114,985,985,1121,865,984,1241,1232,980,895,1109,869,1093,1331
823,723,809,793,1018,740,925,1025,788,839,719,1015,820,744,788,892,847,747,936,896
how much does this cost.
1115,1295,809,1000,1181,1150,896,1114,989,897,1295,871,815,995,981,1134,1233,821,998,906,1300,835,992,1313
851,753,754,1035,927,754,907,831,1036,809,759,753,829,1039,792,837,746,827,1036,901,720,855,790,877
he's a very good student.
1140,888,1511,824,1003,747,997,997,886,925,1031,1008,1035,1294,1290,904,998,836,1000,1166,911,892,1098,1005,1321
833,760,779,825,1046,852,1052,963,785,772,805,1040,883,760,758,839,1036,833,802,751,827,751,916,804,880
where would you like to meet.
829,1123,907,962,904,1025,851,1292,1159,1315,922,1023,1038,1303,1157,1023,1314,1252,1247,918,1023,1032,1317,1034,1206,917,918,1022,1334
792,832,785,795,756,1054,791,733,695,816,826,1063,827,756,737,1063,837,712,812,779,1063,832,772,1061,915,769,775,825,892
certainly.
he always does that for me.
931,911,948,1039,758,1260,1133,1313,1039,1390,1588,1167,914,1036,778,1348,860,776,1056,859,1041,933,1342,929,861,1048,1043,1184,777,1028,1049,1010,1356,1006,1051,1232,929,1348
941,787,793,825,855,741,908,846,829,896,727,831,771,1057,871,830,793,867,831,853,1066,848,777,781,853,1064,833,857,865,826,1066,878,779,823,1067,917,771,899
i'd like to go home.
do you have any children.
1271,1457,930,1034,1351,1286,1283,921,1039,1035,1348,1045,1069,1348,1049,1169,1333,1240,935,1401,1537,937,1371,1043,1067,1409,1295,1052,1195,795,1029,938,1048,786,1199,1074,1065,981,1195,1310,1400,973,987,923,1175,1376
758,806,828,1063,849,750,814,768,1057,827,787,1065,888,787,1068,857,760,933,770,916,770,835,772,1067,838,726,728,1066,872,879,921,779,1066,880,924,847,1069,938,865,753,827,850,808,762,935,893
where would you like to meet.
865,1174,952,999,944,1060,877,1365,1226,1377,951,1060,1077,1358,1235,1056,1362,1297,1301,934,1061,1047,1365,1070,1228,938,938,1054,1389
801,846,784,812,769,1065,800,760,762,846,843,1067,852,770,783,1052,846,747,819,764,1059,831,772,1067,915,769,773,828,905
please speak slower.
1405,1369,943,791,872,938,1064,862,1441,944,783,1302,1065,873,1380,1353,881,950,999,1367
778,835,775,880,860,779,1064,857,760,788,882,823,1067,849,866,774,805,789,816,887
is it cold outside.
1201,665,875,1211,848,891,783,1256,1269,765,894,1262,1132,889,715,1206,775,763,1275
754,753,964,763,731,975,835,752,821,761,983,772,772,748,777,748,790,699,870
do you sell batteries.
769,1323,903,920,1308,1176,901,724,762,1307,1310,897,979,678,918,914,796,835,1263,787,723,1340
744,741,991,764,757,764,996,787,709,801,805,995,910,811,767,766,722,732,647,710,772,894
see you tomorrow.
on the left.
726,776,780,927,938,1299,1171,945,936,1287,1186,1293,853,857,1298,738,1302,1557,1309,1109,940,926,809,926,933,1338,812,889,911,1321
798,706,709,998,777,764,759,1019,779,738,898,738,744,744,752,731,865,677,724,894,1007,774,703,1009,1007,834,715,785,765,903
when are you going to pick up your friend.
745,1133,814,1105,950,670,864,796,947,965,1290,1161,967,967,1299,1227,1120,962,971,965,1279,979,1367,1252,908,1254,966,1192,1377,980,1021,1304,1186,934,986,979,932,1244,873,1120,873,1303
736,842,721,927,1017,819,749,711,1013,796,771,779,1038,822,769,721,897,822,1042,794,783,1038,779,749,903,831,1043,777,760,1039,829,780,781,791,1049,857,788,748,736,907,809,907
do you need anything.
873,1301,990,1007,1300,1178,977,1108,884,872,883,985,717,1118,1001,946,1114,1204,1106,1000,1309
810,773,1050,810,773,782,1040,916,752,739,809,1040,837,926,808,793,869,766,934,845,894
is your husband also from boston.
1264,805,985,1006,1337,1219,926,991,1154,1207,800,1064,748,1115,903,997,745,1311,830,1308,1003,974,941,1317,1205,1005,1054,1316,851,1000,1307,1117,1324
746,805,1038,819,773,786,784,1045,840,750,811,952,850,926,818,1050,849,825,831,734,1050,847,796,773,923,1051,922,751,837,810,759,930,888
he's coming soon.
1145,903,1448,829,1001,932,1298,1205,1231,1141,1055,1008,856,1299,1305,1119,1313
843,758,825,827,1051,932,772,934,760,923,881,1062,834,770,769,933,903
i'm ready.
what time did you wake up.
1261,1471,1215,1018,944,883,739,898,1042,1449,1614,828,1155,750,1032,1009,1017,1267,1216,910,1017,916,918,914,1011,1039,1332,1222,1023,863,769,1293,919,1023,1223,1398,1382
747,808,936,1055,793,746,852,837,829,884,770,771,830,847,829,1061,820,737,919,766,1054,831,824,807,1060,839,783,795,1057,793,865,810,781,1063,781,750,869
how long does it take to get to georgia.
1184,1357,839,1020,1354,1346,1171,1050,1020,928,1322,923,849,1016,1003,1288,1032,1011,759,1294,911,1031,1008,1338,1036,1055,918,1033,1040,1030,1351,1048,1041,926,1352,982,1055,1291,788,1364
834,741,785,1058,827,755,914,870,1059,837,770,779,839,1057,820,776,1067,820,854,827,771,1067,820,804,1068,887,764,831,1067,830,795,1070,865,769,791,810,869,771,873,857
she's pretty.
854,1188,919,1491,842,1035,1447,966,908,1038,1036,1075,1437
828,855,767,806,828,1067,754,806,752,827,818,842,890
i remember.
1295,1036,969,904,1256,907,1251,1101,902,973,1374
767,1065,799,752,932,760,950,940,748,796,918
when are you moving.
866,1188,931,1175,1051,776,963,921,1046,1072,1323,1207,1046,1224,1328,1037,1275,1178,1065,1360
791,851,771,929,1059,866,797,764,1062,842,812,804,1064,939,793,875,762,916,864,902
when do you get off work.
would you like to rent a movie.
880,1210,947,1180,1057,940,1377,1047,1051,1366,1251,1056,1071,941,1038,1062,1399,1034,1039,1056,878,1386,1005,1309,1400,1546,881,1371,1258,1390,961,1058,1067,1372,1254,1057,1378,1310,1314,963,1063,1055,1373,1066,1003,947,1202,1073,1062,804,1066,1241,1354,1066,1295,967,1414
800,858,774,933,1067,834,788,1066,833,800,820,1064,885,768,825,1069,741,850,856,1046,805,788,812,817,893,753,796,757,763,830,838,1064,837,776,791,1060,836,742,814,784,1063,836,780,1064,808,763,923,837,1063,875,1064,931,781,905,772,786,902
i want to contact our embassy.
i'm not busy.
1264,1058,897,802,1166,1067,1067,1053,1388,1065,997,1348,1170,1072,798,979,1009,1071,1352,1233,1014,1075,955,1242,1139,841,911,909,1095,1345,1579,1297,1489,1258,1087,1205,1351,1075,1084,1137,1238,920,1111,1373
760,1057,804,879,933,836,1064,828,735,1057,939,777,928,844,877,947,828,1068,795,806,822,1066,778,934,969,888,856,856,854,924,696,749,816,913,1066,932,775,832,1065,960,772,858,848,913
i'd like to buy something.
1303,1478,986,1086,1370,1301,1298,955,1085,1065,1356,1087,1142,1238,1118,1091,909,1370,1269,976,1081,1181,1305,1176,1099,1375
771,806,843,1068,846,755,838,766,1062,827,810,1061,947,770,864,1063,857,788,940,798,843,870,766,941,869,916
i'm ready.
have you ever had potato soup.
1295,1471,1222,1106,1032,964,815,979,1114,1386,1562,1216,834,1063,980,1095,1111,1389,1275,1103,973,1079,979,1023,1104,1235,832,990,1089,1446,1380,1094,835,1092,1384,1105,930,1385,1261,1456,1419
774,839,959,1071,817,774,881,838,847,940,812,854,883,937,792,1061,845,804,805,1069,785,939,794,808,1067,847,881,867,1065,809,777,838,879,832,790,1066,848,779,784,777,923
the tv is broken.
would you like to have dinner with me.
1087,1210,981,1104,1092,1083,1102,1317,913,1092,1154,1023,1384,1320,980,1190,1379,1566,911,1394,1259,1393,997,1102,1114,1377,1262,1116,1371,1310,1313,986,1099,1074,1378,1102,1218,834,1070,981,1097,994,1327,1209,1211,974,1036,1110,912,1341,1092,1210,1111,1224,987,1386
836,862,773,1073,841,942,1075,768,847,1056,958,815,776,825,782,924,898,771,798,765,774,848,846,1064,838,804,807,1065,849,766,821,786,1054,827,790,1055,854,885,942,787,1058,837,760,891,890,780,808,1060,803,751,830,833,1062,910,768,892
what can i do for you.
909,1195,832,1095,1120,1017,860,1163,1100,1281,1101,988,1349,1098,1069,1345,1038,1102,1101,1344,1236,1358
808,867,883,838,1067,931,897,945,1062,788,1063,834,810,1058,879,799,816,1060,832,806,815,888
there are some books on the table.
917,1208,993,1042,981,1116,832,1032,966,1114,912,1366,1244,976,1111,1177,1363,1367,1306,937,1114,1362,1192,1105,1092,1221,982,1111,1099,821,1165,1398,995,1413
794,851,782,812,767,1066,881,807,762,1063,837,788,932,783,1062,953,792,789,828,838,1065,788,910,1063,825,866,769,1058,827,869,936,829,778,895
i'm good.
is that ok.
1346,1469,1282,1113,1116,1396,1397,1001,1405,1603,1360,924,1118,1105,1258,844,1116,1120,1415,1348,1439
779,849,940,1072,868,808,803,838,923,818,770,819,1066,829,879,867,840,1067,802,842,932
would you like something to drink.
please take me to this address.
932,1387,1262,1412,1014,1114,1118,1385,1264,1113,1389,1325,1369,1006,1114,936,1424,1325,1001,1111,1257,1356,1256,1142,1111,1093,1405,1118,1006,1354,1040,1237,1319,1437,1559,1487,1459,1007,850,932,1002,1118,1114,846,1378,1005,1119,1324,998,1114,1112,1434,1123,1113,1262,1367,941,1128,844,1001,1005,1036,981,924,922,1416
805,791,763,849,846,1066,838,803,814,1065,849,764,865,793,1067,857,787,958,788,846,866,779,948,888,1057,833,800,1067,855,782,823,949,862,927,820,779,876,801,886,865,802,1067,848,884,832,791,1067,930,786,1065,844,784,1068,840,855,761,843,1068,896,878,870,818,786,851,850,913
i don't have enough money.
he's never been to america.
1336,1114,1006,1410,1244,1491,1091,1121,1257,853,1103,1016,1122,1002,1205,1386,1277,1145,1216,1138,1276,1397,1202,1011,1154,1385,1561,1244,1006,1485,942,1134,1232,997,1113,1008,1072,1133,1164,1018,1016,1388,1125,1077,1384,1122,852,1282,1020,1061,1329,1039,872,1405
771,1065,846,788,924,846,830,1066,856,891,928,798,1068,788,921,788,800,884,856,1071,939,789,941,791,860,941,786,849,784,837,857,1067,934,788,938,794,824,1068,914,788,788,848,1062,817,810,1062,887,935,787,821,785,911,894,920
you look like my sister.
1160,1381,1273,1137,1370,1346,1350,1301,1129,1370,1298,1311,1009,1129,1240,1163,1137,961,1302,959,1144,1016,1074,1379
858,792,802,1065,856,798,794,846,1059,864,772,847,789,1063,934,856,1066,851,791,856,848,789,823,913
at what time.
i trust you.
844,1104,1143,954,1207,873,1130,1145,1106,1305,1255,1012,1390,1557,1343,1144,1123,1052,1295,952,1131,1149,1166,1420,1281,1414
886,828,1071,810,881,888,841,1061,825,789,933,777,933,768,770,1064,824,799,783,846,829,1063,847,795,794,906
my house is close to the bank.
1291,1168,1164,1264,1422,1285,957,1032,1155,1356,962,1142,1059,1424,1414,978,1041,1148,1142,1414,1155,1149,1263,1032,1161,1222,928,1233,1336,1438
905,848,1068,867,777,771,846,773,1060,766,838,1061,926,834,776,869,790,1064,829,790,1059,831,847,769,1064,938,882,902,815,884
i'll call back later.
1355,1555,1423,1427,1145,1060,897,1427,1431,1141,1211,906,1077,1365,1122,1434,877,1159,1027,1437,1442
751,793,838,834,1065,904,882,819,820,1062,952,874,933,803,1056,825,879,844,779,885,887
when will he be back.
962,1228,1037,1219,1155,962,1325,1412,1410,1140,1237,1025,1141,1208,1057,1152,1220,923,1085,1325,1415
796,852,774,940,1057,791,770,857,853,1048,869,765,1047,943,775,1059,959,882,933,816,894
can i bring my friend.
do you like it here.
1083,913,1225,1131,1331,1129,1197,1076,1342,1238,1165,1151,1292,1173,1158,1149,1092,1342,1037,1253,1047,1419,1590,1052,1423,1151,1168,1416,1305,1150,1413,1343,1340,1047,1156,1346,1146,1158,1243,1048,1116,1034,1492
928,888,930,1050,786,1048,949,805,771,915,865,1066,926,840,1063,884,808,780,766,933,839,908,833,829,801,1061,836,794,799,1054,855,766,837,770,1055,788,817,1054,872,770,809,765,897
he's faster than me.
1270,1055,1527,986,1158,1141,890,979,1157,1046,1092,1166,1168,885,1286,1253,1139,1323,1038,1457
861,786,836,835,1065,869,870,837,834,783,805,1065,830,858,856,936,1049,954,765,921
it's very important.
can i help you.
1240,884,1393,717,906,895,771,815,931,934,1268,1200,1370,1305,865,939,669,1128,940,1309,1463,880,723,1133,936,1252,946,1155,824,1386,1351,957,983,1341,1180,1332
751,712,805,739,958,858,691,689,717,951,759,919,790,776,714,727,764,902,725,888,766,847,786,930,959,763,960,830,671,749,837,969,750,755,763,882
sorry, i didn't hear clearly.
when are you moving.
783,1320,907,911,997,1218,982,1277,987,878,1277,878,1172,1399,977,990,1178,881,732,946,993,910,1359,872,728,946,1379,1034,1378,1536,831,1191,894,1172,989,737,934,1019,1007,1354,1226,979,1007,1242,1342,1007,1284,1164,1057,1341
742,780,727,725,752,890,984,746,995,790,742,764,900,823,745,996,826,697,787,734,997,846,805,702,787,734,798,769,885,800,724,828,694,908,986,787,718,752,997,773,781,734,997,918,767,871,741,895,826,878
i have a headache.
1285,1007,1229,768,1024,919,1021,777,1021,1221,938,781,938,797,974,1219,949,1388
756,1002,847,806,852,728,1003,808,1011,845,728,799,793,814,904,851,738,881
it's too late.
1350,1067,1511,895,1059,1057,1400,1402,1066,1413,806,1070,947,1423
745,782,810,789,1020,775,775,777,1028,826,813,785,714,880
i don't speak very well.
1323,1075,959,1393,1221,1473,1062,1077,900,1463,968,817,1362,1071,1107,993,1036,1129,1087,930,995,1410,1415,1416
750,1037,803,766,901,825,786,1040,795,774,742,816,807,1038,898,751,767,810,1034,756,737,855,844,933
where did you go.
i have a lot of things to do.
922,1237,999,1057,1004,1103,1007,1331,1008,1094,1129,1400,1273,1102,1135,1397,1419,1647,1357,1099,1265,859,1110,1019,1106,871,1096,1438,1425,1114,1111,1431,1101,1104,1133,1250,1354,1237,1153,969,1111,1131,1449,1114,1024,1437,1434
768,850,748,785,735,1052,827,764,813,1040,817,795,817,1055,868,789,892,751,753,1042,838,843,888,755,1053,842,1047,815,769,811,1047,770,864,1054,828,838,745,909,858,812,1055,827,728,1052,825,800,901
can you please say that again.
1035,890,1276,1122,1161,1424,1302,1136,1491,1455,1048,883,955,1032,1124,963,884,1157,1137,1158,1257,878,1167,1140,887,1186,899,1358,1245,1432
883,861,919,1068,828,798,783,1064,776,851,772,835,853,772,1060,836,856,830,1065,833,866,841,836,1065,848,888,845,770,904,899
how long are you going to stay.
1292,1434,976,1145,1433,1426,1267,1170,1137,897,1054,1053,1140,1193,1414,1295,1142,1211,1406,1349,1247,1205,1151,1149,1443,1156,994,1193,914,1212,1469
887,788,776,1047,847,793,925,872,1069,868,792,761,1071,856,818,830,1073,895,803,772,937,877,1050,823,800,1062,829,846,857,856,906
what are you going to do tonight.
1001,1264,918,1192,1169,918,1104,1060,1166,1210,1425,1295,1172,1212,1404,1345,1249,1216,1172,1119,1416,1170,1060,1422,1166,1166,1422,1244,1338,1207,1254,1174,1428
794,862,865,848,1070,871,807,760,1065,852,806,810,1064,894,790,754,923,880,1050,801,795,1048,823,799,1060,824,787,932,772,870,858,832,907
right here.
1144,1391,1208,1282,1197,1189,1291,1090,1170,1081,1459
815,760,886,851,843,1060,853,774,819,761,903
do you speak english.
995,1409,1104,1131,1407,1291,1114,941,1460,1009,852,1344,1102,998,1210,1158,1388,1320,959,1216,1400
806,788,1021,810,783,801,1039,809,774,758,843,828,1056,748,934,869,838,759,821,857,894
it's over there.
i'm good.
1375,1125,1519,949,1116,1431,1135,1015,1080,1144,1154,1279,1018,1092,1000,1441,1476,1344,1491,1311,1149,1181,1414,1419,1039,1423
755,805,838,818,1041,790,889,751,779,1035,811,838,738,779,727,894,753,748,825,915,1056,863,775,773,828,894
i still have to brush my teeth and take a shower.
1357,1139,979,1151,1357,1438,1433,1158,1261,889,1132,1061,1157,1182,1426,1158,1240,1325,1111,1012,1272,1171,1319,1230,1184,1174,1076,1073,1194,1273,1192,940,1297,1097,1187,1197,926,1392,1083,1181,918,1180,1014,1278,1455,1016,1090,1137,1465
759,1047,830,825,761,847,844,1062,857,857,925,780,1064,842,799,1059,923,747,805,832,843,1063,930,851,1066,826,757,762,830,855,1060,858,906,826,1062,831,852,835,778,1064,859,1064,840,853,766,789,775,808,929
i'll have a cup of tea please.
1390,1528,1444,1447,1183,1305,923,1162,1083,1185,932,1182,1123,1314,1501,1196,1458,1181,1184,1190,1067,931,1200,1509,1455,1084,940,1015,1079,1461
770,830,878,869,1068,865,869,934,781,1068,872,1068,944,761,766,1069,789,871,1067,838,763,869,1071,774,853,776,882,867,789,924
hurry.
i'm sorry, we're sold out.
1295,1308,1144,1144,1231,1479,1622,1429,1599,1356,1192,1042,1446,1137,1136,1239,1371,1217,1042,1106,1567,1149,1094,1213,1052,1481,1480,1115,1209,1481,1360,1199,1478
847,751,822,821,850,930,818,773,846,939,1048,850,803,808,806,842,982,1068,796,769,863,806,764,1059,843,787,872,838,1064,804,807,832,953
i still haven't decided.
i'd like to use the internet
1415,1210,1047,1219,1430,1491,1491,1217,1337,947,1231,1119,1312,1550,1214,1207,1115,1099,1158,1418,1129,1119,1138,1482,1634,1422,1580,1132,1206,1485,1410,1413,1078,1183,1172,1437,1188,1337,1018,1086,1190,1180,1310,1078,1196,1408,1294,1209,1087,1148,1271,1092,1210
770,1065,843,845,766,865,863,1077,854,871,903,787,947,856,834,1052,862,780,961,771,866,800,867,923,823,771,848,856,1057,860,781,844,800,1067,833,747,1062,837,849,790,1065,831,873,771,1066,786,943,854,773,819,951,787,842
who taught you that.
i'd like to call the united states.
812,1193,1362,1001,993,730,1257,1027,1205,1006,1013,1070,1371,1250,1055,1036,1239,776,1052,1406,1606,1330,1522,940,1048,1430,1356,1360,922,1053,1037,1423,1049,962,803,1426,1422,1043,1040,1258,927,1054,1293,1244,1340,1052,928,855,1064,856,1058,778,1066,918,860,1427
801,895,805,1067,832,868,807,894,854,837,1067,856,798,817,1067,840,903,876,845,942,805,789,833,837,1039,860,773,838,771,1055,820,810,1052,921,887,858,848,1057,823,887,760,1050,839,940,789,819,772,824,1060,840,819,862,823,759,830,917
i know.
can you give me an example.
1323,1067,1328,1217,1375,860,1401,1544,954,798,1240,1045,1109,1392,1289,1065,1103,1335,1067,952,1068,1269,942,1062,791,1225,1054,937,910,825,1308,1490,1432,949,1423
791,1061,836,953,808,780,916,809,894,876,929,1040,848,821,822,1050,879,776,913,764,1059,955,755,1048,869,956,1050,766,938,881,939,775,871,772,923
i came with my family.
is there any mail for me.
1339,1082,1000,836,1281,980,1085,917,1334,1092,1239,1099,1295,1133,1103,1118,862,1327,1369,1435,1129,1454,1598,1395,935,1081,1094,1312,985,1047,982,1096,827,1283,1155,1129,1340,850,1366,1464,1102,1102,1452,1068,1109,1321,994,1454
765,1069,920,880,923,793,1076,806,769,839,849,1071,942,854,1070,900,887,961,792,865,852,947,819,774,859,1058,829,865,772,813,767,1058,870,910,836,1067,973,877,787,855,1063,888,806,820,1060,960,769,947
is your house like this one.
1346,917,1104,1125,1420,1302,1049,1112,1247,1421,1300,930,997,1110,1422,1346,1354,989,1111,1106,1233,1334,917,1108,1403,1213,992,1400
780,836,1062,836,817,825,806,1058,878,788,800,831,766,1052,844,760,825,763,1056,823,869,769,826,1060,791,938,765,914
i don't know how to use it.
we're late.
1373,1109,997,1442,1260,1529,1089,1114,1386,1261,1422,925,1111,1258,1434,928,1111,1118,1429,1115,1308,932,1013,1103,1378,1088,1447,1669,932,1006,1557,1053,993,1117,1461,832,1118,989,1463
778,1060,825,787,926,841,818,1058,839,939,796,786,1061,865,782,789,1058,827,785,1060,795,853,778,1053,760,837,894,804,793,770,855,802,752,1058,845,864,825,773,897
that's fine.
1098,1256,836,1114,1464,923,1116,1091,1367,1254,990,1451
823,854,866,825,810,856,1067,848,765,911,765,889
i don't know how to use it.
1377,1110,999,1454,1261,1505,1098,1116,1381,1257,1422,923,1114,1248,1423,927,1111,1107,1423,1119,1300,923,997,1110,1373,1090,1448
765,1058,833,775,910,854,823,1063,827,930,790,789,1059,863,780,790,1059,824,789,1059,806,871,773,1058,758,818,886
i'm not going.
1360,1588,1254,1110,1247,1408,1108,1119,1129,1414,1349,1232,1114,1406
771,809,943,1058,904,777,821,1058,868,791,752,915,859,924
how long are you going to stay.
1220,1387,867,1050,1388,1387,1221,1089,1055,808,993,929,1063,1099,1384,1272,1072,1111,1381,1320,1217,1107,1092,1085,1376,1094,906,1114,834,1143,1379
846,769,783,1048,844,785,924,872,1058,866,789,753,1043,823,797,799,1042,866,790,755,918,854,1059,819,799,1056,837,834,856,843,919
nothing else.
1110,1258,968,1110,1209,1096,994,982,1274,1303,783,848,1302
951,799,823,869,769,951,867,1064,841,854,852,772,929
i hope you and your wife have a nice trip.
1210,968,1128,1293,1434,834,974,980,1334,1217,989,716,1180,859,979,986,1357,1237,916,989,788,1292,937,859,985,1197,704,952,864,987,705,983,1157,1271,890,857,980,985,906,1265,1418,1378
776,1060,865,778,744,767,1049,823,808,818,1064,872,930,818,1062,824,797,809,804,1065,809,771,843,769,1062,865,875,889,771,1065,879,1054,915,775,918,774,1054,829,797,783,780,902
when do you start work.
784,1176,852,1155,985,858,1328,978,999,1335,1214,993,799,1007,719,923,1005,1019,815,1336,1281,934,1350
796,873,767,943,1052,834,813,1049,833,814,832,1063,829,837,870,795,820,1062,788,796,836,799,924
do you think you'll be back by 11 30.
881,1368,1008,1028,1357,1239,1020,1016,1166,1290,1167,1277,1025,1035,1353,1219,1532,1395,1389,1023,1070,920,1029,1092,772,962,1323,1021,1084,1087,880,797,796,1043,941,1414,1391
839,791,1063,834,789,806,1064,825,858,757,918,840,1066,834,788,800,775,876,862,1064,925,772,1066,971,884,953,810,1067,954,839,790,737,736,1033,775,769,883
