follow me.
i have a lot of things to do.
717,1272,1267,1271,1288,544,1066,1258,626,1380,1583,1198,1047,1035,452,785,644,1047,454,1050,1288,1289,791,1058,1296,739,1051,825,1035,1177,1056,856,611,1077,853,1270,1065,711,1295,1319
539,399,512,527,395,450,741,590,458,604,517,420,748,558,561,615,479,774,560,770,522,431,444,758,430,537,756,452,571,431,627,525,523,767,440,434,756,513,443,593
you're right.
1085,1370,1150,1521,753,664,1088,749,1191,864,1053,871,1338
465,397,446,540,424,410,748,448,436,543,556,464,594
i'm going to bed.
1152,1502,1162,1099,822,1283,1167,1104,846,1086,848,1308,1105,905,727,729,1400
465,542,624,769,550,469,463,628,562,779,483,457,755,665,483,577,612
there has been a car accident.
869,1052,708,807,714,1077,1062,518,646,1094,1011,728,720,1099,1108,531,1118,847,566,818,1120,568,828,830,1224,760,702,1119,910,1396
465,568,410,417,409,783,591,596,560,803,712,461,454,683,807,558,808,648,575,445,805,583,647,644,443,569,484,661,471,626
were there any problems.
his family is coming tomorrow.
608,707,776,700,1084,861,1070,736,805,730,1081,549,1087,1003,1084,1377,780,1269,936,1312,717,1146,1348,659,1615,1087,1242,656,1093,808,536,1179,1224,1349,1082,1112,1237,656,1121,810,1328,1189,1218,1121,900,1123,882,1314,1195,1332,792,791,1338,651,1403
480,428,459,424,812,480,622,441,462,430,823,589,673,497,818,501,450,491,650,560,466,658,608,532,562,610,479,550,808,564,579,666,485,577,513,813,506,557,822,636,506,657,502,663,545,815,497,506,677,481,502,503,488,501,646
may i speak to mrs. smith please.
1117,497,1041,1063,1189,1069,609,673,672,459,1197,1077,843,1280,1080,1251,750,609,1309,1092,625,1166,1187,815,1054,1072,1378,1311,692,509,627,675,1350
646,550,470,769,430,761,556,424,431,550,505,763,454,430,749,588,458,526,570,759,543,608,425,439,535,738,439,512,450,544,529,448,615
is this mr. smith.
1178,646,1081,845,1050,1201,650,1080,1256,765,1354,1090,642,1148,1180,837,1045,1316
449,544,754,464,583,449,548,769,627,466,640,757,534,633,457,450,582,599
is anyone else coming.
1174,638,1069,510,1076,1013,1288,702,1087,701,1309,649,683,694,1110,849,1258,1140,1187,1086,900,1374
500,567,800,601,665,513,511,512,814,511,596,576,499,485,811,660,501,681,491,689,557,610
at what time.
489,800,1036,620,1014,514,837,1025,826,1151,1100,706,1303
573,466,790,517,580,577,474,806,506,487,659,469,599
not recently.
do you have a girlfriend.
1082,1346,872,1088,809,744,873,730,1087,892,1321,1059,1356,1561,738,1307,1088,1113,1377,1156,1093,1075,509,848,713,1064,523,1077,882,1163,755,1287,803,766,1144,682,1044,712,1342
711,463,471,846,475,476,700,481,730,474,597,512,647,614,609,481,844,494,435,478,838,628,631,715,524,867,615,863,637,548,539,604,615,521,536,508,756,607,679
can i use your phone.
is mr. smith an american.
787,528,1111,1105,1227,1101,1129,657,710,1083,1075,1354,1122,774,1071,1369,1070,1316,1086,706,1364,1557,1217,652,1099,1166,770,1336,652,1114,1145,1185,818,1045,1069,558,1081,1086,574,1235,709,773,1186,797,552,1078,1346
698,644,678,863,469,834,545,575,504,857,556,478,538,505,862,541,681,509,722,515,642,617,551,584,860,714,522,656,598,834,715,525,507,647,843,586,706,843,604,675,495,520,544,655,612,716,628
be careful.
how does it taste.
978,742,1140,818,601,821,757,1134,1140,1316,1382,1551,1091,1308,634,1086,769,1311,733,655,1086,1176,873,1084,866,557,675,879,745,1401
796,522,818,677,616,505,496,540,543,565,670,660,652,512,518,841,604,512,501,595,843,544,515,838,526,584,585,519,493,635
where is the bathroom.
659,1097,740,811,744,1111,1233,697,1100,884,1092,762,1084,979,617,932,1077,829,1335,1344,1160,1449
536,608,512,531,502,828,527,612,841,530,635,507,852,737,614,552,651,536,528,524,690,624
he studies at boston university.
1071,1070,601,615,892,1122,756,1214,734,667,1074,532,876,1069,976,1271,729,915,767,1079,1076,1110,1082,1162,938,766,841,710,1190,894,1049,1489
635,836,610,618,508,501,634,502,512,630,831,653,556,829,750,518,634,535,530,701,848,561,747,521,760,535,538,620,511,527,563,669
thanks for everything.
856,1009,524,1036,1203,639,1063,832,801,800,1055,740,958,778,834,1046,921,1072,1225,1071,941,1374
537,635,614,702,544,583,843,617,534,531,835,534,737,534,541,581,552,662,521,722,620,668
it's shorter than 3 miles.
do you play basketball.
1102,858,1389,632,1047,635,1023,1310,783,898,766,821,1047,900,1046,574,1070,1068,565,508,1161,1179,1316,723,645,1373,1581,1617,1578,1605,1098,1354,1138,1068,1370,1295,561,1051,1084,972,593,691,1221,747,882,990,624,1308,1321,1451
499,499,553,601,845,613,626,483,528,518,486,515,856,535,637,607,684,862,381,909,690,478,559,510,583,632,1063,1048,1010,1054,567,485,540,839,507,593,633,534,823,750,632,598,596,536,550,740,618,588,594,664
do you have anything cheaper.
760,1205,1024,1039,1298,1088,1025,1021,601,912,752,1032,584,1051,1001,894,1054,1175,1071,913,1084,838,1064,754,570,1348,731,804,1459
570,521,831,576,486,546,867,671,655,747,568,870,643,713,577,565,674,554,725,626,852,733,640,557,637,547,540,565,644
it's very windy.
1203,911,1521,704,1122,957,870,862,1072,1088,722,1182,1096,846,1025,1406
531,544,565,589,810,731,564,563,560,838,557,550,715,627,547,650
i need another key.
1209,1094,1101,783,757,798,1098,603,1112,1319,898,1077,784,843,1114,1225,769,1072,1396
518,807,664,510,493,620,826,631,697,508,540,641,517,540,816,617,519,549,628
as soon as possible.
595,708,1104,711,1280,1294,1113,1096,598,709,1098,1385,1299,709,713,1190,1020,1321,779,1387
618,587,809,589,531,527,694,827,625,587,829,540,519,599,610,541,764,568,545,675
what do people usually do in the summer in los angeles.
724,1097,640,940,1098,843,1315,1094,1386,825,1325,1410,1376,822,1114,1161,774,1161,761,642,1368,1363,1091,844,1338,1102,1212,1114,1091,941,1094,827,1088,785,1170,1289,1297,813,881,1127,1230,1132,1116,1316,1322,774,1116,677,1125,968,813,1325,811,758,1358
553,640,610,561,833,628,526,831,545,543,525,545,653,542,836,599,625,594,615,646,608,628,854,623,539,851,561,732,866,560,661,525,862,635,570,728,722,543,565,831,543,714,842,625,543,616,841,637,711,633,542,619,546,610,688
i'm just looking.
1214,1468,1158,1123,1148,1154,760,939,1115,1313,1299,1311,1255,1210,1128,952,1321
583,594,741,860,694,608,618,580,868,638,562,556,646,578,756,620,711
forget it.
i'd like to buy a bottle of water, please.
912,1308,896,1012,866,990,1103,1204,971,1310,1589,1242,1451,889,1140,1368,1264,1300,858,1144,992,1355,1138,1053,1180,1102,1096,693,1110,1067,1325,1022,1017,1384,866,1135,1333,986,1125,789,707,1006,872,944,1305,1132,1391,1333,856,684,773,836,1378
627,556,548,649,533,564,871,578,573,708,699,566,637,661,849,633,556,639,565,845,580,564,849,755,584,603,873,657,865,773,564,580,579,622,565,855,564,679,851,580,640,582,536,568,794,868,577,671,563,646,617,565,753
what's your favorite movie.
762,1120,663,958,1500,771,1134,1175,1407,1204,904,1116,962,700,1022,1370,935,1257,1027,856,1150,1275,1393,1060,1250,854,1421
565,646,628,573,623,632,843,589,533,581,545,866,662,653,778,547,572,560,577,560,846,701,551,770,573,579,725
can you throw that away for me.
944,684,1203,1210,1205,1475,1265,1169,989,1196,930,1398,777,1175,1014,1167,691,1012,1163,688,778,697,1096,1172,960,1357,920,1183,1396,843,1491
756,682,712,838,580,532,557,878,593,664,584,562,577,882,621,692,654,614,903,659,593,660,560,896,656,551,594,862,683,570,717
how many children do you have.
1184,1421,766,1168,1369,684,1224,1157,1158,941,1174,1290,1401,867,923,857,1178,1156,890,1398,1165,1179,1426,1239,1141,1130,694,1006,836,1373
659,540,579,864,743,657,736,620,887,751,674,581,636,657,591,574,741,903,672,563,886,624,541,600,917,723,687,789,611,763
how long will it take.
1160,1393,752,1160,1359,1378,1177,987,1167,771,1281,1390,1400,1144,1272,955,1148,975,651,1283,816,1397
681,544,569,864,635,547,716,652,868,584,565,626,636,885,581,595,879,614,664,628,578,702
his room is very small.
1152,1258,775,1140,904,1351,1357,1218,1162,1254,789,1161,1046,866,917,1097,1140,796,1326,666,1424,1429,1421
692,568,646,870,598,563,561,715,863,574,664,866,806,588,600,589,882,666,699,683,625,632,766
what do you think.
where were you.
792,1108,697,979,1130,886,1316,1137,1145,1364,1195,1114,976,1134,1255,1175,1270,1411,1685,785,1140,828,907,819,1140,757,824,751,815,1167,1150,1366,1186,1478
602,661,658,601,860,696,551,845,597,520,582,886,596,684,563,758,630,750,705,595,679,550,572,538,890,579,558,571,550,873,617,555,595,756
it's over there.
1242,975,1548,801,1157,1375,1063,871,944,1138,1016,1145,885,941,868,1438
615,604,730,661,889,602,804,601,623,921,627,716,579,615,577,771
that's it.
outside the hotel.
989,1128,682,984,1576,797,1161,1292,990,1434,1635,1136,1406,1237,977,813,888,867,1139,1013,1138,888,1147,1150,1375,1021,886,1402,1441
623,723,684,620,732,676,904,635,632,780,772,921,577,602,595,683,711,621,923,626,721,585,909,727,607,627,580,719,819
i only want a snack.
i'm sick.
1275,1170,1415,1167,1397,1125,1106,796,1190,724,1002,1189,740,1181,830,1193,949,1315,1310,1455,1695,1323,1619,1293,1244,822,1318,955,1334,1429
641,915,630,809,704,636,891,621,777,687,637,909,692,909,695,806,780,685,720,798,750,629,731,797,907,690,646,775,730,802
i still have a lot to do.
1285,1184,820,1000,1295,1423,1422,1210,1177,717,1012,867,1181,709,1199,1386,1405,1008,1213,1009,1409,1204,891,1384,1468
621,920,716,654,625,700,709,913,714,714,798,639,929,714,921,710,614,622,907,655,625,908,706,673,823
the book is in front of the table.
are you hungry.
960,1111,866,1131,1042,1347,1343,1302,1143,1257,813,1131,1257,1144,1144,945,912,1341,1168,991,1168,1360,958,1163,987,1140,857,1168,999,716,1033,1365,857,1401,1726,695,912,836,1206,1202,1399,1234,1161,1165,1217,1182,1001,915,1142,1468
643,680,603,872,803,582,588,662,905,602,702,899,602,782,904,723,650,608,772,657,889,594,729,903,663,711,603,898,663,693,810,700,646,812,720,714,643,604,874,627,574,619,895,732,602,807,731,660,614,820
it's here.
over here.
1251,1601,1537,799,1172,1154,846,910,844,1427,1697,1362,1036,866,921,1184,1173,871,932,867,1416
628,729,1069,716,916,728,622,647,613,807,750,599,829,622,643,901,716,608,637,603,780
that's too expensive.
990,1139,716,988,1593,1544,803,988,1359,1372,1179,874,866,1433,874,1195,816,1296,989,870,1427
656,710,694,662,708,1069,702,665,632,628,932,636,839,656,622,787,712,632,855,674,796
there's a restaurant near here.
989,1182,895,964,894,1593,835,1208,732,1215,958,877,829,1007,709,1254,937,733,1225,1021,1206,1222,882,729,938,1220,1206,864,935,863,1445
647,707,606,644,608,711,698,904,720,903,636,639,712,682,717,613,669,724,827,683,931,830,637,722,658,944,751,618,644,611,850
what do you recommend.
822,1210,730,999,1195,921,1404,1213,1220,1457,1274,1184,971,902,994,1394,1252,1251,907,1196,943,1436
650,717,712,641,891,688,606,884,652,584,628,944,648,616,833,608,809,812,646,838,714,841
the food was delicious.
999,1121,919,1125,986,1363,1362,907,1159,798,727,818,1160,907,890,1367,1265,938,1245,1378,1224,813,1416
604,682,594,875,672,557,556,686,852,618,688,662,872,694,623,703,592,793,605,587,600,699,777
that looks old.
1010,1141,749,991,1167,1370,1378,1385,1315,835,1204,1391,1387,915,1421
593,683,655,612,885,682,577,580,675,666,881,588,691,703,800
if you need my help, please let me know.
1300,990,1192,1199,1446,1259,1178,1212,883,882,903,1212,1312,1129,1213,1199,886,1408,1501,1458,1258,1486,1383,881,744,838,873,1219,1390,893,1034,1209,1404,883,1224,1325,1220,1412,805,1471
577,693,894,584,552,580,896,793,623,623,716,949,811,602,956,752,635,722,580,844,935,621,736,619,705,700,622,913,698,599,632,922,768,615,923,714,838,603,634,818
don't do that.
915,1330,1163,1554,1026,1169,906,1370,1186,1016,1147,729,1012,1416
731,626,824,709,650,923,727,621,906,675,743,707,674,828
i love you.
1207,1137,1370,1352,1054,875,1166,1137,1416,1202,1464
656,943,728,616,831,656,930,661,600,640,808
near the bank.
from here to there.
1174,862,700,928,1177,1009,1144,893,1180,1090,756,1167,1288,1407,1646,980,945,1336,1221,1161,1150,884,947,864,1175,1027,1359,1176,1018,1135,886,959,887,1424
775,652,718,660,921,666,728,626,938,854,722,816,698,791,690,747,680,632,804,933,736,642,661,618,932,671,642,924,667,759,635,665,623,801
where is an atm.
818,1157,873,938,873,1181,1292,841,1180,727,1179,1186,721,1028,1245,1411
656,733,632,649,609,940,637,732,934,741,820,947,734,670,865,813
is that ok.
1242,855,1177,1026,1136,754,1025,1183,1404,1309,1426
666,734,932,685,751,714,678,923,619,717,824
what do you think.
821,1139,751,1012,1187,928,1359,1189,1175,1380,1219,1182,1039,1165,1327,1210,1320,1469
661,754,725,673,930,730,633,925,645,598,623,925,676,772,632,853,742,828
where is my shirt.
847,1166,900,956,889,1220,1337,856,1225,1398,1167,1185,1203,1319,987,1003,1077,1468
667,765,645,657,622,945,622,729,938,814,652,944,774,659,677,667,683,858
have they met her yet.
1145,711,1005,842,1183,986,1153,848,1127,1151,1382,866,1002,1202,1160,859,932,1176,1112,875,999,1394
684,688,779,615,910,642,712,602,598,915,792,629,647,902,715,608,628,903,619,614,628,802
my friend is american.
give me a call.
1353,1148,1192,992,946,1291,872,1194,904,1218,1308,843,1206,735,1344,896,961,1306,981,742,1217,1440,1680,1053,1298,1066,894,1197,1398,894,1229,754,1197,987,757,1405,1423,1451
807,585,917,728,640,631,622,789,724,909,618,713,912,719,817,639,658,600,810,736,828,788,732,747,635,841,658,923,790,651,932,726,901,806,737,702,712,821
it's not suppose to rain today.
1270,997,1555,858,1200,1189,1388,1033,1207,856,1227,1468,1460,1397,855,890,1201,1037,1380,1200,962,756,1281,1194,1194,1035,1380,922,758,1170,1447
645,659,731,734,906,822,641,674,911,748,649,613,626,597,745,654,917,676,618,902,677,716,627,814,919,689,636,731,755,636,767
is mr. smith an american.
1272,863,1208,1364,969,1467,1199,852,1257,1313,1038,1190,1211,778,1208,1220,766,1348,911,977,1303,1010,773,1199,1422
656,740,924,783,675,785,907,724,811,637,681,736,915,734,812,928,745,790,665,689,657,830,771,851,790
can i have the bill please.
985,758,1175,1184,1303,1200,1165,769,1050,913,1035,1177,909,1213,1107,1311,1438,1441,1237,1193,1438,1380,919,758,860,904,1466
829,789,828,945,660,920,759,746,843,686,684,776,647,937,843,660,747,749,944,896,694,752,676,751,762,685,940
do you know her.
948,1357,1198,1197,1423,1258,1162,1332,1205,1385,838,1219,1158,926,976,1426
761,654,938,679,617,668,956,750,880,684,693,984,814,680,699,848
do you want to go with me.
950,1355,1171,1197,1429,1252,1165,841,758,1206,1037,1216,1034,1408,1220,1099,1391,1214,861,1295,1054,1172,1225,1401,930,1542
777,678,990,696,646,689,944,702,758,853,717,959,721,660,942,807,674,961,689,687,716,790,942,834,676,834
how long are you going to stay.
1190,1410,822,1220,1396,1408,1228,1059,1237,776,988,921,1243,1203,1451,1269,1197,1091,1417,1304,1230,1075,1231,1052,1419,1220,898,1089,811,1135,1447
786,657,676,961,778,664,837,775,961,756,713,671,952,699,657,684,968,802,695,692,863,783,960,722,674,958,760,743,754,684,839
who are they.
865,1193,1444,1243,790,1003,929,1213,1069,1186,945,1157,1443
699,787,655,932,764,723,675,938,727,757,674,656,811
i have a question i want to ask you.
i'll pay.
1257,1155,1142,780,1064,904,1177,758,1191,714,900,850,863,1052,1266,1389,1203,1242,1316,1208,860,781,1201,1054,1224,1046,1423,805,886,1321,1226,1207,1421,1399,1219,1496,1644,1302,1601,1454,1455,1227,1512,750,1185,1498
679,963,789,754,867,701,961,765,962,686,678,748,766,732,700,680,856,962,674,951,707,767,868,731,954,734,676,775,774,765,960,711,654,657,684,830,800,685,792,746,743,956,680,762,652,901
have you ever had potato soup.
1154,699,1009,890,1140,1192,1439,1239,1160,868,1065,886,962,1179,1162,760,922,1180,1473,1416,1046,772,1065,1441,1240,901,1437,1257,1514,1488
722,736,836,690,953,708,656,693,955,663,884,670,699,979,801,772,776,976,698,670,713,753,712,681,963,774,673,698,691,892
where is he.
862,1164,926,998,926,1188,1318,899,1201,1190,934,1460
688,774,658,678,641,954,653,756,953,771,674,848
what are you going to have.
868,1205,775,1054,1210,792,1028,953,1216,1217,1498,1297,1209,1132,1451,1342,1258,1129,1242,1083,1488,1251,1217,806,1108,941,1467
684,755,747,700,950,751,699,668,959,703,659,690,970,818,696,677,870,801,977,716,671,951,803,783,904,703,875
here's your order.
1187,951,1039,973,1616,911,1256,1252,1522,1315,1062,1258,1485,1042,1007,978,1048,1536
807,696,699,652,780,758,966,721,698,712,698,977,711,709,776,680,711,856
which school does he go to.
906,1239,1361,1051,1241,1257,923,1047,1246,1549,1566,1532,1295,997,1480,978,930,1307,1257,989,1278,1152,1495,1295,1137,1488,1532
712,807,692,894,807,983,810,885,816,677,686,771,985,810,716,730,824,990,821,722,993,810,713,965,739,718,881
when would you like to meet.
869,1210,918,1270,1248,863,1430,1296,1503,966,1285,1257,1543,1347,1222,1461,1366,1387,952,1237,1112,1479,1250,1435,970,961,1121,1498
723,794,693,862,981,726,687,716,792,814,972,711,677,693,983,796,716,799,732,1004,746,704,973,885,728,715,756,906
it's not too far.
1343,1084,1621,900,1220,1231,1448,1074,1248,1083,1461,1471,1239,1026,789,1025,1515
702,728,795,801,997,904,715,720,991,750,716,715,1000,830,797,752,880
do you have a pencil.
973,1455,1227,1265,1542,1331,1190,1224,804,1072,951,1235,791,1240,1559,944,1260,1014,1352,1473,1524
825,690,1014,706,685,694,977,812,832,935,761,1016,826,1011,702,741,891,902,704,822,913
how does it taste.
i wish i had one.
1211,1468,851,1236,968,1457,903,1256,1229,1321,1047,1214,1047,768,885,1075,928,1460,1719,1327,1229,852,1334,873,1205,1256,1363,1249,1227,776,950,1262,1441,1253,926,1543
792,678,711,963,832,698,813,986,982,660,682,942,695,731,756,696,672,817,790,695,964,704,691,776,810,969,697,972,802,797,771,967,708,882,679,836
what time do you go to work everyday.
572,1035,548,895,1077,887,1151,1218,752,1098,771,1295,1084,1067,1370,1130,1040,927,1302,1073,939,1320,1078,689,1323,846,1243,1120,764,942,781,866,1030,803,635,1028,1375
601,679,633,575,905,622,608,822,636,951,721,637,943,660,619,649,941,742,622,940,646,617,935,623,631,620,714,957,636,834,640,660,626,723,756,626,808
i'm single.
you're smarter than him.
1219,1579,1248,1162,710,1273,1122,929,1396,770,1399,1714,1104,1415,1188,1570,865,764,1133,720,1330,616,845,975,791,860,1149,968,1115,631,1148,1176,1122,1257,1356,1484
608,699,819,928,713,612,803,711,699,634,861,714,657,601,624,767,617,595,932,748,810,748,656,660,608,651,934,663,730,712,831,944,751,610,858,866
if you like it i can buy more.
1232,893,1149,1107,1411,1191,1103,1368,1263,1293,804,1160,1261,969,1143,1276,1165,846,630,1147,1148,1028,1184,1068,1095,1255,1387,869,810,1466
618,734,942,654,595,622,920,721,630,715,641,961,618,640,920,612,946,812,783,831,951,862,638,641,910,833,633,659,620,847
what are you thinking about.
can you recommend a good restaurant.
710,1097,671,958,1169,655,884,822,1154,1128,1448,1223,1110,985,1126,1298,1168,1314,1289,1189,1022,1212,683,1040,1367,1201,1459,1464,1760,960,703,1141,1148,1159,1461,1239,1123,915,863,921,1406,1303,1310,861,1236,876,1158,668,1146,999,1343,1338,872,1178,923,846,806,1017,753,1205,929,710,1179,1008,1454
665,769,718,664,930,733,659,636,924,660,618,651,936,658,771,619,864,729,587,834,724,956,750,849,617,651,797,828,798,833,767,836,955,659,626,645,905,673,640,856,656,848,867,652,868,736,925,735,931,755,640,655,752,951,685,649,753,714,733,639,686,726,857,669,861
when are you coming back.
771,1125,827,1181,1175,709,914,848,1191,1206,1464,1271,1138,906,1416,1277,1334,1224,1053,1236,1059,751,1342,1331,1505
653,750,640,838,950,731,684,637,940,656,618,650,957,834,667,853,633,853,732,960,859,758,747,757,865
may i speak to mrs. smith please.
1329,681,1186,1141,1303,1178,802,1459,843,710,1309,1198,1011,1382,1208,1359,941,815,1463,1222,818,1277,1337,1022,1178,1211,1435,1390,851,702,807,841,1422
911,775,661,959,670,958,747,707,673,751,776,964,674,683,953,851,696,744,871,980,749,867,654,675,789,969,675,751,663,737,732,667,847
they arrived yesterday.
why not.
1004,1166,875,1121,1154,731,936,932,1282,977,867,880,1205,1171,868,821,1022,848,937,900,740,1113,1435,1754,776,1171,1127,1167,1217,1420,1001,1448
677,733,650,620,929,737,671,675,618,829,656,761,959,657,651,747,675,617,656,747,757,653,787,788,639,740,641,943,846,669,640,816
i get off of work at 6.
1310,1189,1028,883,988,1184,1390,944,946,1200,1427,945,1221,784,1410,921,1333,1221,715,1010,1214,1206,1483
644,960,756,652,679,967,654,750,752,941,641,751,928,680,653,664,747,957,737,678,963,476,861
this doesn't work.
993,1157,1323,788,1190,880,1420,847,800,1214,1594,1030,1199,752,1349,904,1300,1448
660,734,615,733,916,749,628,660,722,849,754,657,955,639,669,644,722,823
i ate already.
1287,1160,683,981,847,1161,678,1390,905,828,685,842,1107,1458
632,943,728,663,621,932,736,735,669,639,729,715,621,805
do you know how much it costs.
858,1385,1161,1159,1468,1258,1151,1376,1218,1447,763,1214,1178,1458,768,1233,1377,1237,934,1189,1332,1345,1026,1231,913,1398,828,1040,829,1508
732,641,943,684,632,659,954,736,879,670,659,971,804,660,668,950,860,634,842,979,675,656,652,933,841,683,721,694,754,849
he's very hard working.
1162,836,1570,792,1234,1052,871,944,1147,1209,1179,706,908,860,1162,754,1364,903,1313,1318,1210,1021,1475
767,668,770,755,944,871,659,676,654,951,780,754,679,735,933,675,670,678,755,672,876,756,844
more than 200 miles.
1257,1410,916,843,1210,986,1164,697,1190,1200,616,1373,1381,1173,1354,1278,1369,786,755,1430
884,676,683,654,953,697,797,753,868,977,537,568,579,973,841,660,789,662,752,882
do you want to come with me.
thank you very much.
831,1135,1120,1176,1462,1243,1167,766,719,1199,994,1178,987,1415,1210,885,1395,1257,827,1225,789,1306,1016,1179,1197,1375,847,1491,1198,1009,1144,711,1169,1295,1196,1183,1447,1239,1160,1029,877,940,1122,1165,1387,1245,901,1167,1439
763,951,951,681,639,669,961,691,760,868,684,984,687,657,950,862,678,847,691,960,675,679,682,951,952,864,669,856,921,678,751,750,848,732,963,681,651,673,926,877,663,695,694,958,859,662,839,819,856
do you study english.
825,1401,1172,1160,1471,1257,1142,784,1032,1289,855,1180,1162,866,1223,1067,1423,1346,794,1156,1496
769,691,998,719,675,698,965,773,659,698,748,674,977,674,876,788,789,676,780,805,901
have you ever had potato soup.
1185,706,992,844,1208,1191,1507,1294,1182,855,1026,866,938,1169,1170,725,895,1241,1521,1437,1053,726,1075,1463,1247,824,1444,1263,1530,1511
775,800,901,711,995,711,657,677,1016,726,904,703,721,966,809,809,826,977,681,656,687,729,668,637,948,763,628,651,665,905
that restaurant is not expensive.
1026,1172,714,1036,1201,935,849,798,1071,741,1261,930,718,1224,1057,1230,1332,793,1232,1224,1426,1068,1245,873,869,1502,883,1237,829,1334,1019,871,1483
687,738,734,675,902,641,681,776,703,753,635,679,730,841,672,919,637,771,964,865,672,651,945,663,883,653,622,857,765,647,867,673,867
where is my shirt.
798,1185,888,955,872,1174,1323,794,1203,1429,1191,1180,826,1211,1325,992,1065,1488
639,718,619,637,622,906,611,744,927,825,663,952,747,721,613,617,639,818
are you sick.
who's that man over there.
695,928,852,1196,1217,1476,1310,1180,782,1245,911,1275,1439,1714,765,1132,1405,1625,794,1199,990,1106,679,989,1139,1319,701,1179,1168,1355,985,837,911,1162,1020,1114,885,936,865,1382
752,668,634,946,683,616,642,940,727,658,862,766,880,811,689,790,695,817,794,969,688,804,755,692,968,877,799,896,1012,716,899,715,721,991,673,807,661,683,670,862
the food was delicious.
i'd like to send this to america.
1014,1175,860,1161,955,1369,1374,881,1206,779,722,832,1205,913,889,1393,1299,946,1279,1409,1238,819,1440,1764,1317,1620,881,1221,1466,1356,1379,892,1218,1071,1436,1240,847,891,1234,917,1225,1054,1182,1332,828,1216,1073,1408,1218,729,1407,880,952,1309,942,1526,1530
663,770,658,967,768,689,691,784,945,694,760,755,962,788,675,796,667,889,676,676,691,789,853,794,698,810,785,963,793,677,785,708,979,695,711,976,809,694,878,796,982,702,814,697,772,969,711,712,994,811,833,717,740,702,885,863,909
i don't care.
1298,1204,887,1419,1248,1556,1034,1197,922,712,974,873,1450
659,955,814,716,895,815,691,963,892,812,727,733,916
what did you do yesterday.
797,1206,750,1033,1195,900,1310,883,1177,1218,1466,1258,1180,891,1459,1216,1179,875,802,1079,873,963,907,1157,1485,1506
689,808,775,703,986,815,693,808,963,718,689,713,986,827,704,1002,718,660,780,692,676,698,813,676,875,903
do you study english.
i'm from america.
905,1416,1182,1224,1485,1301,1187,828,1077,1290,931,1182,1220,901,1233,1088,1431,1342,874,1192,1486,1778,1340,1543,1349,1232,981,979,1459,1322,1280,753,1313,895,975,1338,949,741,1484
798,673,961,686,655,682,980,806,681,683,818,690,962,715,902,808,829,690,815,792,891,829,725,776,888,980,819,738,743,897,1007,843,910,757,757,723,908,851,917
it takes 2 hours by car.
1369,1066,1214,1042,741,1346,883,828,1205,745,1186,1207,1430,1280,957,827,1230,1097,1168,1213,952,765,982,1468
735,712,944,719,770,774,718,780,990,613,986,827,700,726,712,789,994,906,732,989,883,816,750,901
it's delicious.
1309,1059,1670,846,1221,921,924,1426,1336,949,1334,1475,1292,1476,1488
753,721,831,802,991,828,751,839,737,906,741,736,746,896,899
i still have to brush my teeth and take a shower.
this is very important.
1316,1198,860,1056,1327,1447,1458,1198,1182,759,1019,900,1236,1098,1443,1263,1140,978,1234,846,1175,1219,1426,1203,1237,1083,924,933,1101,1213,1206,765,1240,945,1233,1088,786,1379,905,1233,764,1231,881,1216,1455,844,911,971,1495,1785,1096,1230,1389,896,1249,1396,894,1254,1123,943,1004,1192,1214,1373,1342,1558,1479,1019,1089,781,1280,1106,1518
750,980,808,738,729,788,797,987,819,819,903,729,994,716,722,967,952,769,731,820,806,979,884,675,1022,743,716,724,733,828,1001,825,885,815,1005,758,793,808,733,1005,809,1007,824,825,711,732,711,735,903,825,752,812,699,788,975,698,803,977,918,719,742,710,989,710,892,694,680,713,715,774,894,725,881
would you ask him to call me back please.
i thought he said something else.
831,1446,1296,1548,964,1264,1287,1541,1356,1244,790,863,1423,1291,1251,1400,1370,1244,1083,1465,1275,1000,798,1491,1491,1242,1419,928,1256,1102,806,991,1393,1276,1537,1478,930,795,879,912,1515,1807,1404,1277,1057,1250,1479,1317,1082,1272,1092,1302,1276,927,1274,894,798,1400,978,1314,910,1508,1370,949,1110,1260,1426,1294,1118,1275,948,1018,1502,912,974
698,622,638,756,794,951,685,655,691,986,808,791,784,1005,822,686,915,976,715,711,981,853,806,817,820,1016,924,718,1014,902,806,867,809,1002,741,823,726,804,776,721,919,776,731,948,716,773,680,673,835,780,730,954,786,728,951,777,805,679,780,944,799,717,877,711,725,819,672,888,797,948,699,750,789,772,736
do you have anything cheaper.
906,1421,1231,1237,1556,1340,1232,1228,745,1029,892,1247,754,1292,1207,1223,1061,1230,1383,1259,1075,971,1159,911,746,1488,903,968,1462
822,685,956,693,653,670,941,769,787,869,719,931,796,819,657,958,680,776,636,851,773,883,803,713,784,729,716,746,899
from here to there.
1017,966,1390,1311,1242,1221,908,964,896,1254,1073,1405,1239,1086,1222,919,987,919,1532
834,766,735,854,953,792,729,735,698,955,718,712,951,732,783,688,704,674,878
please speak slower.
when does the bank open.
1343,1285,613,419,535,604,986,542,1336,592,445,1174,1012,531,1241,1253,482,563,648,1281,1559,496,997,574,1039,1013,609,1236,576,532,996,730,977,602,980,792,482,990,1136,1031,1235,1312,618,1036,1299
441,556,458,550,528,444,828,547,441,412,518,550,812,531,564,455,423,399,421,687,619,466,577,441,672,812,563,464,448,537,823,461,573,428,827,656,575,704,585,850,482,528,432,696,694
i'm going home in four days.
1152,1513,1188,1060,816,1277,1157,1065,845,1013,1005,1275,1244,628,1060,1193,1067,1051,743,1287,1099,732,1047,670,501,968,575,1342
473,578,709,865,581,517,499,687,578,838,634,491,693,489,836,497,703,850,586,494,488,473,831,575,615,507,556,694
i'd like to exchange this for dollars.
1191,1457,693,1089,1295,1203,1224,685,1089,878,1308,1106,699,695,787,1041,565,1070,891,750,1088,904,1066,1228,678,1110,831,1340,817,1124,759,1329,1360,1365,582,808,657,1477
493,594,591,817,592,500,596,486,842,498,496,794,488,676,703,596,620,708,600,504,820,517,629,503,567,823,612,515,532,832,607,511,614,622,601,527,581,695
the book is near the table.
893,1062,738,1130,936,1338,1278,1281,1148,1245,655,1125,1146,727,587,808,1112,911,1105,767,1135,897,598,958,1311,749,1364
512,599,503,847,703,521,588,593,827,525,572,839,693,497,573,505,858,520,618,472,827,521,564,712,589,509,711
i haven't been there.
at what time.
1257,1089,593,559,904,735,1096,1499,929,1106,969,755,754,1107,1101,918,1084,771,864,769,1379,1583,586,900,1084,669,1071,611,900,1106,895,1246,1292,767,1420
522,639,603,597,736,529,767,636,540,888,749,559,559,767,889,561,681,510,538,498,741,687,612,553,866,515,643,581,536,867,539,507,707,493,752
i've worked there for five years.
1208,1482,923,776,1103,672,1326,840,1243,748,793,1111,921,1086,777,852,778,1131,875,1323,844,1162,872,1211,885,769,1080,1072,776,639,885,719,1359
545,638,703,529,874,510,537,516,610,485,576,871,520,638,489,482,467,870,594,544,517,846,600,546,689,506,848,561,497,583,517,573,708
my son.
do you have any money.
1368,1094,1118,709,1333,1150,1422,1580,818,1313,1103,1103,1379,1195,1112,1095,644,936,776,1099,646,1132,1071,1104,1346,1356,1152,779,1056,1396
745,556,910,566,564,769,728,712,638,572,870,565,527,546,918,677,635,709,527,905,619,737,557,896,734,504,731,519,536,717
all day.
how far is it.
655,1330,1347,1131,825,674,1055,1405,1494,1081,1325,712,1115,888,641,864,1146,1242,748,1131,1250,957,1422
623,615,632,869,615,630,542,635,764,677,543,557,853,621,593,538,868,550,592,873,537,556,715
my luggage is missing.
1334,1094,1096,1387,1172,934,934,646,944,794,1107,1227,733,1122,1295,1226,760,752,1211,1123,965,1415
702,539,899,632,539,631,636,620,639,524,881,544,585,865,730,518,608,603,521,755,636,711
please count this for me.
i like italian food.
1443,1362,797,647,747,816,1162,897,1348,1197,1165,971,1180,979,1141,1299,750,1174,902,1383,898,1163,1381,816,1520,1581,1272,1170,1363,1258,1289,786,1175,1280,931,672,1386,1267,671,1160,1172,898,1363,1372,829,1393
521,620,538,620,600,524,900,709,528,546,733,543,872,563,655,527,590,858,621,530,539,903,751,545,777,676,565,865,657,575,647,555,878,562,563,602,649,544,620,728,873,620,563,570,617,739
have you seen this movie.
you're beautiful.
1137,666,953,817,1137,1170,1453,1257,1153,763,797,801,1206,1199,966,1144,1303,751,1196,1345,1390,965,1263,798,1446,1660,1179,1461,1255,1616,881,793,1187,1009,813,668,1210,975,1277,914,1186,1415,1466
655,645,708,560,846,579,530,567,882,628,556,561,729,887,580,665,558,607,848,734,552,727,564,566,723,635,563,506,539,659,553,525,848,740,560,635,556,557,548,655,546,657,750
what's your last name.
697,1110,662,958,1558,738,1142,1147,1475,1246,889,1151,1433,668,737,968,1122,1160,652,1359,778,1507
555,648,627,565,635,629,830,583,526,559,525,883,635,645,601,561,886,753,647,740,558,754
what's the address.
705,1111,667,939,1536,749,1140,955,1157,817,1172,683,840,837,902,790,744,744,1448
537,653,607,565,624,615,875,555,640,520,858,612,635,619,555,529,596,618,747
where did you learn it.
726,1092,819,911,826,1169,820,1256,819,1138,1152,1452,1242,1135,1424,801,685,891,1165,1208,1328,995,1453
522,637,529,537,506,877,625,568,623,906,601,544,572,881,667,546,620,562,806,947,576,561,753
please call me.
1450,1374,794,656,748,805,1139,873,660,1364,1379,1181,1364,818,1493
536,635,550,631,603,538,903,722,651,664,674,886,749,551,764
where is the bus station.
729,1139,795,880,799,1178,1288,758,1175,971,1149,842,1171,1003,1218,768,1194,753,1013,704,991,1214,1351,1151,1456
555,643,520,545,509,871,551,611,877,540,655,506,870,738,568,610,898,606,564,584,563,591,571,826,770
my daughter is here.
1358,1115,1095,812,670,1197,979,1137,1001,839,903,1129,1288,765,1158,1169,843,908,850,1478
731,554,941,615,653,562,637,681,577,518,548,897,574,616,900,654,525,555,512,732
no, this is the first time.
1163,1431,1310,1206,983,1148,1304,771,1179,1302,781,1175,981,1140,842,1183,922,1268,912,774,994,1159,991,1280,1208,840,1431
784,577,773,884,572,692,558,607,861,563,617,878,558,685,535,885,636,545,561,609,573,905,577,535,775,539,734
which one is better.
i made a mistake.
746,1133,1292,881,1121,1162,1438,1193,835,1223,1336,748,1194,1020,848,1029,1010,854,920,1395,1644,1288,1172,1382,673,853,824,1152,672,1152,1372,1317,766,975,697,1310,807,1460
554,681,536,730,660,866,522,735,547,849,545,617,866,751,540,568,569,524,560,754,653,555,865,729,655,653,574,866,651,879,715,506,619,574,618,637,549,750
i give up.
what would you like to drink.
1308,1187,1001,1268,999,836,1120,1172,1458,1454,1710,736,1126,651,936,1164,725,1369,1209,1395,833,1129,1162,1397,1182,1117,1373,1289,1311,828,1140,991,1376,1152,836,906,1254,1168,1310,1427
515,901,658,496,761,583,902,551,524,754,715,581,673,620,596,862,561,539,560,648,620,902,611,575,604,912,676,575,683,578,927,580,594,930,649,602,585,813,699,819
i only want a snack.
1242,1133,1395,1168,1414,1131,1121,730,680,1186,969,1167,649,1166,767,1193,681,902,1280,1445
596,958,584,794,682,619,928,593,659,777,590,927,667,943,656,789,677,750,675,756
how many miles is it to pennsylvania.
where is the airport.
1123,1380,752,1159,1382,702,1184,1161,1169,1396,1310,1406,846,775,1192,1305,792,1184,1295,980,1165,966,1407,1178,1450,818,1182,1194,757,1113,1363,1004,696,1166,1271,690,1406,1682,750,1132,825,888,803,1146,1318,770,1206,1003,1156,850,1159,718,1285,919,1459,1360,925,1034,1396
705,540,565,909,753,665,769,563,942,791,569,713,581,626,925,587,658,909,599,600,918,601,584,907,583,569,779,813,658,567,691,796,687,799,573,688,813,691,611,652,583,579,552,902,543,676,895,594,674,562,884,661,581,597,594,575,584,612,792
where is there a doctor who speaks english.
i can't hear you clearly.
762,1144,838,926,843,1177,1331,795,1212,1022,1172,869,925,852,1200,702,1207,888,1393,931,1052,1394,949,1168,791,1190,1441,1213,821,1493,879,705,1326,815,1189,866,1177,1029,1390,1298,829,1150,1416,1732,1324,1212,931,725,1212,1596,1041,1206,1206,868,728,948,1212,1234,1491,1295,1203,911,1463,884,715,941,1447,1181,1496
611,714,583,598,556,908,579,652,887,604,692,556,582,553,884,653,890,667,583,737,619,580,600,860,584,682,593,922,652,591,566,647,686,651,948,588,812,674,698,617,659,736,808,746,644,942,776,721,807,729,616,945,749,607,673,587,940,642,593,616,928,798,708,619,687,627,700,621,841
on the second floor.
1417,1235,1213,1026,1190,887,1177,804,887,924,1381,1191,900,1212,964,1429,1422,1431,945,1471
647,837,940,621,688,583,896,699,602,806,613,848,698,930,697,711,615,608,597,816
do you have any vacancies.
883,1423,1244,1237,1518,1321,1234,1223,730,1000,886,1240,739,1257,1209,1223,1034,754,953,713,1216,972,1322,885,820,1492
715,579,909,618,563,603,920,742,726,803,632,958,719,825,625,964,846,728,815,716,873,797,617,616,684,819
how long have you lived here.
1170,1402,790,1215,1415,1427,1233,1029,1237,1174,726,1005,880,1224,1224,1511,1320,1224,1440,1337,1037,886,884,1236,1209,869,954,885,1508
748,607,617,924,708,585,791,709,919,728,708,801,636,930,657,587,634,957,710,617,808,620,706,958,748,618,642,595,823
when are you leaving.
799,1199,878,1247,1248,742,966,884,1229,1236,1492,1319,1207,1449,876,727,1064,1312,1216,1077,1468
642,717,611,777,910,691,630,601,912,645,576,613,899,711,621,706,827,634,822,750,785
i'm waiting for you.
1290,1581,1291,1238,814,744,1319,1058,1314,1227,1065,1247,998,1421,964,1204,1235,1468,1303,1514
626,708,774,921,637,699,595,584,606,780,698,903,713,602,640,918,623,572,617,791
do you study english.
how old are you.
921,1380,1223,1223,1483,1309,1222,843,1079,1277,923,1189,1221,906,1231,1105,1464,1344,870,1192,1468,1753,1245,1476,803,1267,1477,1473,952,1292,760,980,908,1248,1256,1485,1311,1553
712,583,905,602,539,567,923,704,606,599,698,605,929,646,799,735,697,578,713,741,816,755,758,632,658,948,606,724,748,927,747,634,626,929,657,592,656,806
