just a little.
1109,1016,470,692,762,390,774,1254,1135,747,753,1257,563,1290
674,482,615,527,950,640,950,668,541,588,588,678,521,891
at 3 o'clock.
i'll be right back.
346,778,803,526,806,1293,1428,714,1266,1241,690,1158,1273,1483,1270,1384,1246,1248,737,831,560,753,644,1156,734,1016,744,778,784,366,688,1194,1332
599,518,953,410,947,455,635,865,648,528,811,630,794,625,419,639,624,625,904,836,501,957,521,433,662,673,537,947,814,594,802,608,826
what are your hobbies.
can you help me.
426,975,314,699,761,318,630,529,768,883,1263,1035,665,774,842,1161,768,768,1092,536,440,1274,1482,622,325,996,709,769,1143,943,759,944,532,1160,1294,749,1084,554,1264
438,609,559,482,884,582,473,409,906,428,394,410,396,914,633,408,788,792,395,421,488,791,558,726,574,787,921,501,439,454,920,613,453,605,434,926,798,459,809
i'm ready.
i like italian food.
1167,1365,1114,734,632,554,313,575,963,1158,1451,1250,748,1180,1095,1120,503,750,1129,715,346,1182,1109,351,1007,758,694,1147,1159,591,1213
396,577,827,896,519,465,564,572,407,864,555,381,922,631,453,629,465,943,416,512,550,621,446,564,768,903,611,460,444,558,804
she's pretty.
454,956,527,1385,429,750,1262,648,557,726,728,902,1182
539,600,462,577,525,923,440,487,443,498,497,467,869
i'd like a room.
1173,1267,506,685,1168,1104,1106,429,690,292,693,592,1205,1204,1104,1259
428,663,568,887,633,477,627,466,914,580,922,539,434,432,827,800
no, thank you.
1004,1221,1197,710,670,925,329,959,1174,735,799,1281,1018,1269
869,413,832,914,515,598,574,794,586,894,483,425,426,804
i'm looking for the post office.
should i wait.
1155,1342,1100,757,1205,1181,1187,1122,1112,1048,691,748,655,1138,623,747,730,927,537,765,1341,1257,472,712,767,1255,666,674,1138,623,544,1228,1483,434,958,1211,1016,1216,542,707,1113,713,457,332,1078,691,1206
409,582,827,941,600,442,444,616,464,746,595,911,626,436,505,920,532,603,473,957,406,391,551,484,956,429,586,590,469,807,483,839,596,573,612,466,465,618,608,950,440,953,522,622,455,525,850
does it often snow in the winter in massachusetts.
557,1191,521,468,730,1116,701,784,1202,686,720,557,976,752,477,985,1178,439,761,1077,991,761,735,940,551,760,494,1109,1002,725,537,645,758,1077,1014,753,1067,342,476,474,353,633,931,998,469,545,698,694,481,1203
608,447,510,603,935,446,537,955,462,643,558,492,788,933,601,776,484,506,956,520,848,937,551,639,496,948,523,504,829,558,491,530,961,531,860,942,844,607,570,566,601,765,644,477,591,525,553,551,580,815
that smells bad.
747,999,369,768,832,533,1110,599,1229,1247,496,826,852,432,661,1318
485,583,558,480,930,558,782,483,609,602,544,923,827,580,601,850
would you like something to eat.
496,1271,1072,1288,625,792,821,1276,1070,827,1273,1169,1182,566,809,534,1276,1166,596,794,1016,1180,1093,788,831,798,1227,837,617,444,805,1320
453,487,462,634,599,942,521,480,457,979,626,507,642,480,950,578,483,805,500,523,639,482,801,621,977,549,484,998,513,621,556,885
yes, really.
try to say it.
1030,582,526,1184,812,700,616,397,1236,1240,983,1315,1475,784,665,936,800,771,1231,807,527,413,853,840,1134,783,1257
450,464,567,867,942,510,467,573,602,606,449,845,556,525,501,464,902,507,463,930,582,576,486,937,481,475,856
i don't understand what your saying.
1293,819,617,1357,1148,1471,763,841,1152,1125,656,614,720,511,778,393,1117,632,841,522,1029,405,786,838,873,1307,1102,718,825,539,423,1071,1244,1075,785,1426
443,877,534,442,800,583,465,917,430,807,584,475,482,531,506,558,811,552,890,472,638,596,509,904,500,459,479,473,901,562,580,506,479,824,588,861
can you show me.
what time did you get up.
655,346,1085,764,870,1257,1046,833,539,1024,1260,505,834,1162,602,1256,1566,461,1077,336,724,812,732,1163,1187,556,814,625,1212,628,819,798,1313,1063,829,823,591,770,829,1115,1353,1336
801,612,813,918,478,443,435,900,565,621,471,463,957,797,472,837,577,466,642,609,523,942,521,482,817,464,923,573,443,582,939,500,473,447,926,639,484,515,938,480,461,843
is your son here.
1206,484,829,1014,1379,1114,690,836,545,1228,1097,828,1108,610,710,604,1340
436,548,949,484,462,458,494,965,575,456,814,955,618,493,528,469,892
what do you want to buy.
491,1050,385,757,841,663,1253,843,1028,1352,1104,843,502,431,1070,769,847,787,1226,956,881,1095,1005,1318
473,635,600,517,954,604,479,960,472,439,455,940,497,595,808,537,933,522,443,896,781,422,418,828
do you like the book.
640,1254,839,982,1318,1094,832,1279,1175,1173,557,830,763,979,579,832,863,1211,1219,1172,1295
583,455,985,463,441,438,918,603,454,593,457,970,541,597,477,975,823,438,435,577,823
i'm full.
for how many nights.
1204,1442,1227,828,724,1134,1334,1337,1319,1531,726,1245,689,824,1081,1310,482,836,1187,418,1104,984,831,1092,1223,800,995,810,503,1300
437,580,826,944,600,463,616,618,829,558,593,465,491,932,626,467,468,945,797,580,790,461,935,811,460,628,600,513,531,828
it's on 7th street.
1216,793,1400,488,837,1278,1106,818,1019,808,1012,838,535,760,628,571,557,722,1276
429,469,615,538,950,445,816,903,297,505,607,943,576,521,476,469,463,500,884
he's in the kitchen.
1062,569,1431,448,841,1221,1069,841,803,1012,606,856,1257,1218,805,709,1026,627,1091,1287
617,463,614,533,934,511,794,911,525,638,458,913,644,545,504,700,649,472,837,859
i don't feel well.
i'd like to eat at 5th street restaurant.
1242,839,631,1340,1084,1506,786,849,765,601,609,1366,845,553,649,1360,1365,1355,1623,1301,1515,653,842,1343,1260,1274,606,848,815,1365,869,670,423,813,862,427,822,868,773,793,1025,838,539,762,715,617,610,769,851,719,625,527,823,426,1095,713,422,1054,820,1314
405,882,561,457,829,585,473,909,601,460,467,625,894,483,478,628,626,810,578,421,594,552,888,601,498,636,469,916,531,470,966,483,567,531,934,598,521,926,315,478,578,920,546,483,463,427,429,476,936,468,423,536,485,545,429,458,546,805,473,868
the cars are american.
744,993,570,975,681,418,665,482,805,388,684,585,816,401,1112,534,651,1210,618,354,1047,1305
502,609,451,908,789,637,506,589,916,621,493,451,945,631,800,418,437,384,743,594,798,813
do you have any vacancies.
556,1295,806,802,1285,1057,798,1038,355,729,520,801,367,1072,858,817,735,331,606,314,1091,608,1157,528,439,1333
567,427,968,498,437,405,941,639,598,828,429,1020,646,759,516,1027,813,632,775,622,782,765,424,441,550,755
we're from california.
394,487,1409,617,525,723,655,621,1355,1231,747,617,376,1285,1167,663,1262,617,1188,1182,324,1293
468,461,576,476,438,916,651,486,425,822,899,779,609,555,423,621,440,487,799,462,567,836
what time do you think you'll arrive.
do you know how much it costs.
410,1074,335,704,749,713,1158,1198,513,751,598,1222,793,804,1249,1039,790,762,1070,1192,1114,1257,779,802,1306,1055,1520,1346,1343,768,350,684,678,1179,750,568,1310,1512,623,1288,798,851,1380,1169,795,1308,1119,1313,478,808,1117,1348,479,819,1214,1133,707,1048,800,1203,772,1053,703,1257,557,773,554,1321
473,599,622,516,943,520,460,821,456,960,614,417,966,504,429,434,966,510,622,433,849,612,916,511,457,445,608,606,594,939,618,508,507,415,848,498,825,541,621,426,985,509,430,417,1009,598,832,423,495,983,639,417,478,968,815,428,837,622,988,449,530,985,808,447,655,560,589,849
sorry, i didn't hear clearly.
496,1344,734,733,1001,1234,805,1303,1064,632,1306,646,1120,1513,782,1065,1160,604,331,666,799,693,1382,613,412,692,1342,1069,1279
561,447,489,498,462,850,939,388,950,590,405,607,891,605,509,986,635,461,577,483,929,780,639,515,614,558,676,451,871
what time is it.
487,1081,382,744,812,753,1288,1246,587,811,1233,517,816,1238,787,1311
502,641,625,540,956,550,502,843,483,945,471,573,931,477,508,881
fill it up, please.
how many children do you have.
692,1235,1355,1362,804,1211,760,837,1113,1413,1250,817,1388,1321,587,382,533,605,1323,1500,1111,1340,496,807,1208,407,1119,1029,824,711,1059,1234,1318,641,691,611,1111,809,660,1279,814,899,1310,1076,845,937,383,829,626,1299
621,495,637,636,904,509,530,936,536,517,863,937,516,655,521,614,613,519,855,612,673,493,502,943,845,600,840,449,956,771,599,453,598,640,532,476,827,965,618,460,963,535,469,469,995,678,645,826,465,884
see you tomorrow.
490,579,576,806,866,1297,1056,838,779,1293,1203,1319,715,715,1318,504,1346
582,498,501,941,489,451,429,980,510,487,877,487,546,548,484,501,882
when are they coming.
473,1060,592,1098,837,370,696,605,851,819,1020,614,942,851,721,1227,1173,1193,1073,812,1320
493,589,499,810,983,622,536,479,981,532,685,468,483,958,781,454,864,440,787,658,849
what do you think of these shoes.
i hope you and your wife have a nice trip.
492,1059,356,777,849,662,1355,866,904,1367,1108,859,791,1085,1262,1145,1249,849,1325,748,848,805,1077,623,561,637,858,563,1103,1352,619,538,1313,1516,1253,851,1096,1399,1510,545,827,876,1388,1112,848,403,1127,666,849,864,1369,1116,729,853,537,1280,742,620,846,1142,411,824,611,838,414,844,1160,1292,751,616,848,803,711,1311,1488,1438
483,626,607,540,985,617,473,987,533,484,508,991,558,670,525,876,651,934,486,627,933,562,645,499,595,498,925,595,662,514,505,603,889,584,467,945,692,476,468,474,927,518,501,489,938,621,807,620,962,507,486,500,491,975,505,511,681,511,961,661,601,796,498,980,601,988,838,501,831,497,966,537,508,505,497,900
where do you work.
i'll take you to the bus stop.
472,1043,567,644,550,808,611,1264,819,807,1272,1012,828,497,1232,670,1133,1264,1471,1217,1490,1305,1312,813,771,404,1207,608,827,855,1325,1072,843,782,1252,827,811,1026,610,841,851,1053,567,826,595,800,1181,1308,1309
408,541,407,434,387,874,555,428,945,496,451,486,979,446,455,475,601,763,578,443,617,627,633,843,522,535,634,449,881,539,502,493,966,522,493,987,539,607,438,954,818,491,551,952,565,516,502,490,811
my name is john smith.
it rained very hard today.
1303,1007,806,1172,355,1269,564,816,1188,526,818,1130,1295,1071,1144,818,539,1229,1127,740,1042,1330,1557,1215,737,846,721,440,1232,1167,615,628,856,836,619,415,718,1038,1061,940,440,766,882,876,1314,696,470,908,1340
886,385,895,843,566,795,464,941,436,548,939,645,462,605,837,915,570,804,421,574,587,853,599,444,506,964,561,614,465,857,489,549,975,817,502,955,539,444,949,679,629,560,977,557,537,621,637,544,915
they charge 26 dollars per day.
sorry, we don't have any vacancies.
764,1046,567,926,807,684,368,356,661,784,558,830,474,840,836,627,1406,1397,1412,396,675,506,817,1495,593,676,858,660,434,1054,1332,1624,555,1301,710,713,1058,1320,858,549,639,861,675,1252,1080,1446,831,888,1083,451,816,632,1034,451,1094,926,1033,797,453,722,462,1114,743,1314,645,580,1410
505,674,472,439,942,849,696,645,531,693,513,1022,380,442,1016,647,521,684,700,666,563,616,958,545,522,553,990,692,668,499,899,582,621,515,594,594,525,887,968,575,567,971,676,557,867,690,571,979,690,655,867,553,965,653,852,583,992,819,683,806,687,846,807,540,571,651,883
do you feel better.
576,1298,764,822,1304,1053,818,737,586,595,1298,826,834,584,812,813,597,685,1353
644,501,957,538,518,484,981,699,519,528,697,976,852,537,588,587,525,542,903
i've heard texas is a beautiful place.
1268,1551,743,553,822,882,628,379,727,609,858,823,632,596,424,554,837,1298,549,821,423,841,826,666,452,1207,822,1314,789,1249,1372,866,1407,1345,438,734,632,1374
492,668,894,572,1060,748,584,697,611,641,1012,626,558,812,696,699,983,587,652,972,691,993,871,573,685,596,618,591,721,611,720,988,626,721,706,849,601,887
would you like a glass of water.
506,1368,1182,1338,650,832,821,1322,1152,841,1320,1241,1237,607,849,442,863,828,1327,432,566,562,860,1324,765,868,580,463,819,646,723,1394
559,583,558,727,693,974,594,579,573,988,712,574,710,581,981,697,992,715,706,678,645,648,995,580,690,1002,582,673,622,564,588,870
at what time.
407,763,862,533,1169,453,851,901,848,1251,1311,609,1518
711,607,1011,575,657,676,609,1002,608,569,827,543,901
do you sell medicine.
594,1271,769,811,1293,961,810,511,603,1294,1325,804,1197,594,622,1271,706,1225,1088,560,1289
632,523,952,543,535,505,929,612,504,672,673,944,837,537,660,549,810,536,868,529,894
this house is very big.
795,1032,1259,527,812,878,1315,1103,573,658,847,1237,579,833,836,669,758,1017,855,880,1258,813,1371
542,653,487,563,900,673,528,508,606,516,923,518,575,900,807,502,543,460,905,814,490,655,838
it's not too far.
1258,821,1458,547,845,1117,1330,800,893,824,1342,1346,895,807,498,766,1359
457,526,674,561,866,776,516,548,913,567,532,534,916,660,598,538,808
i'll call you when i leave.
i don't like it.
1355,1536,1332,1335,851,734,479,1313,1319,850,873,1355,1099,874,556,1047,655,1078,857,1253,863,1387,652,444,755,607,1295,1513,1243,847,715,1316,1124,1476,826,889,1305,1227,1272,606,845,1226,823,1345
441,608,602,607,868,760,593,585,583,920,533,473,462,908,503,597,489,812,898,443,913,613,519,618,780,501,813,588,478,895,640,497,776,618,537,912,626,532,654,505,911,501,547,886
can you give me an example.
623,363,1043,739,936,1326,1047,740,740,1155,769,574,756,1133,598,760,407,1064,760,605,566,402,1168,1327,1341,534,1362
752,583,741,872,488,440,454,862,634,445,827,501,924,813,500,929,585,799,919,512,713,597,793,391,606,499,869
do you want to go to the movies.
577,1276,744,860,1293,999,817,479,377,1106,746,797,748,1255,831,811,848,890,861,1375,915,873,1128,634,895,1248,1375,866,1277,693,587,1361
624,501,883,504,501,475,928,488,609,780,508,944,520,470,971,649,910,938,491,451,939,478,634,418,923,842,441,770,445,448,545,807
let's go.
october 22nd.
1358,604,839,1506,517,878,878,1377,1370,1561,1340,753,823,1332,853,641,748,879,563,560,1107,671,1369
596,434,471,601,522,891,594,441,800,594,403,771,454,421,759,421,448,887,313,326,793,531,777
are you american.
i'll teach you.
386,698,577,837,889,1311,1114,863,407,1192,629,744,1205,739,474,1115,1365,1532,1283,1456,1302,1300,839,782,612,417,708,1073,862,889,1296,1088,1339
573,443,404,877,455,446,446,879,578,766,429,458,446,702,568,789,818,558,439,600,616,615,864,521,448,560,716,617,891,450,445,444,795
i need to go home.
sorry, we don't have any.
1264,867,1146,632,639,688,891,850,1398,934,902,1395,945,1054,1400,1253,658,1404,1588,609,1431,821,822,1070,1321,934,609,699,953,763,1357,1173,1498,876,954,1166,479,875,676,944,478,1159,937,1405
418,875,746,478,473,564,891,503,431,913,614,443,922,617,481,771,468,787,596,541,468,501,506,486,826,891,490,476,911,642,485,785,655,538,924,635,590,780,435,967,594,790,503,825
one way or round trip.
1434,1262,582,859,543,429,994,917,1434,768,909,813,1433,1237,1238,672,918,898,802,1196,1453,1374
372,830,446,973,483,582,499,996,418,493,973,479,452,430,815,536,961,493,462,403,384,905
she's older than me.
the plane departs at 5 30pm.
467,1051,561,1419,462,795,1308,1350,613,595,676,826,763,1013,384,1073,848,1204,577,1292,1462,812,1063,564,865,1415,1361,427,1078,604,846,673,633,1379,419,745,852,549,873,468,828,896,813,913,617,1306,1376,1235,1438
563,550,458,583,551,939,405,556,592,464,473,948,515,580,580,760,944,752,462,848,575,506,583,432,925,425,609,594,745,441,895,581,459,430,588,479,508,543,902,591,503,900,371,960,334,277,393,806,772
where's the mail box.
472,1140,581,672,592,1474,517,830,766,1111,587,833,1223,409,1212,1371,849,866,1351,555,1372
379,573,377,413,364,604,505,904,462,601,417,938,824,541,427,576,941,840,378,820,836
what do your parents do for work.
i don't want that.
448,1120,363,809,847,611,1300,843,924,1323,1063,773,858,1387,421,733,630,1120,822,515,869,681,1312,874,792,1330,773,904,570,1338,786,1257,1334,1467,1303,865,697,1342,1122,1453,822,900,599,483,1149,857,889,852,1081,476,852,1316
416,621,583,500,949,558,452,947,505,473,473,481,928,466,572,502,444,858,517,537,934,563,474,943,601,468,479,976,463,471,493,669,857,600,410,928,592,463,775,618,502,945,474,592,802,521,922,537,632,605,532,830
it's 11 30 pm.
i lost my watch.
1213,721,1406,443,790,330,338,785,530,1304,835,1310,1202,1290,1485,1284,809,1305,1261,497,788,850,1231,1052,844,515,424,814,695,1052,1325
392,482,603,531,938,378,384,938,347,295,949,426,836,856,564,409,921,610,471,599,539,948,818,460,948,525,636,556,748,633,809
forget it.
where are the t shirts.
727,1292,706,797,595,777,863,1203,771,1299,1467,502,1087,621,717,614,842,449,730,666,868,804,1065,602,865,813,882,546,1096,1198,735,835,553,1369
632,449,518,649,486,522,903,449,490,806,577,455,589,453,488,442,928,611,524,474,928,537,597,473,909,494,929,519,601,443,467,505,526,788
i need some tissues.
1149,769,1085,563,560,609,775,523,1264,1211,571,794,776,1193,560,562,1074,607,539,1246
438,856,782,485,481,592,905,575,465,818,485,927,562,491,565,564,481,500,570,817
and you.
what would you like to drink.
396,1091,638,815,894,1341,1060,1315,1484,527,1073,434,806,868,566,1319,1117,1357,685,857,866,1322,1088,857,1295,1218,1238,655,870,848,1286,876,700,758,1224,1129,1242,1346
601,808,604,928,522,435,429,790,557,487,608,609,575,943,515,475,463,617,590,932,526,465,448,945,629,482,620,503,964,579,483,965,620,556,481,842,616,825
i'm going to leave.
what's your address.
1290,1517,1255,857,842,1360,1265,1159,827,869,841,1328,879,1364,686,482,867,666,1391,1584,571,1143,482,828,1458,587,878,904,1371,1177,821,885,496,733,730,778,689,601,605,1358
464,602,847,925,655,493,489,822,636,966,590,496,973,636,540,618,806,516,796,543,522,675,615,594,665,559,945,561,540,499,541,986,631,643,637,577,519,601,604,830
how long are you going to stay.
1108,1368,550,877,1386,1366,1154,826,880,488,763,671,882,939,1378,1137,894,868,1325,1264,1160,864,897,869,1321,902,611,889,509,1067,1268
658,479,508,977,675,491,880,662,987,641,580,520,983,599,530,505,983,696,519,510,848,680,991,592,496,993,618,602,633,519,875
waitress.
i'll call you when i leave.
572,469,1281,822,740,636,537,539,1408,1573,1378,1496,1342,1326,856,734,472,1340,1343,843,1062,1431,1150,847,560,1086,663,1063,864,1258,857,1386,661,471,748,637,1366
536,628,532,558,542,505,579,576,867,593,407,612,603,590,919,786,652,596,585,973,504,464,464,954,559,660,557,819,966,465,957,621,567,666,779,556,816
this is very important.
830,1073,1246,588,870,1226,508,826,798,605,715,1027,851,1205,1149,1403,1300,726,823,457,1112,815,1343
582,638,477,600,984,460,628,956,818,521,549,496,959,486,804,494,475,546,573,620,827,573,818
take it outside.
786,393,1235,621,865,1192,838,895,1326,1133,842,584,1202,710,682,1267
527,620,629,472,939,486,527,943,509,498,532,583,508,609,501,863
i'm full.
i'd like to exchange this for dollars.
1269,1437,1229,842,774,1128,1375,1393,1372,1563,1304,1509,632,832,1345,1229,1239,609,830,802,1319,867,670,652,730,1069,438,1108,831,630,894,853,1066,1208,575,863,798,1278,769,882,710,1352,1387,1393,465,771,569,1406
478,594,836,936,651,466,640,642,828,571,436,603,588,951,627,501,618,507,928,560,478,966,538,756,810,615,653,796,673,540,963,585,656,484,603,948,661,483,566,959,645,490,662,648,657,561,609,796
turn around.
778,1075,705,1092,825,429,708,1227,1030,1057,617,1255
536,479,519,779,932,657,552,479,468,783,562,788
when are you leaving.
513,1074,625,1086,847,470,745,655,862,852,1293,1071,868,1302,670,461,810,1214,1077,866,1299
478,614,466,779,911,632,541,497,938,544,465,449,908,611,494,597,770,445,700,642,752
i'd like to make a reservation.
1254,1468,606,815,1323,1243,1236,590,832,805,1322,855,1173,428,1255,615,833,446,854,746,640,544,649,765,789,446,810,1214,1338,1146,1372
450,596,568,927,599,477,586,486,908,561,474,963,779,616,603,481,894,600,923,556,495,619,532,534,754,635,555,512,471,787,786
we'll have two glasses of water please.
near the bank.
499,589,1489,1357,1350,810,910,456,811,608,829,840,575,1317,866,868,1401,466,578,572,646,567,862,1371,793,878,582,482,858,674,765,901,1432,1372,690,451,597,685,1303,1544,1161,668,449,755,865,856,1087,647,882,884,485,1112,1301,1423
486,471,606,619,611,909,656,617,780,468,928,558,495,479,944,657,600,630,582,584,512,588,933,446,611,955,506,605,559,489,517,944,468,597,470,596,570,480,794,583,787,499,601,520,929,551,603,485,930,808,658,813,617,827
how's work going.
i'll have a glass of water please.
998,1272,528,1464,515,800,522,1269,696,1281,828,826,1338,1233,1151,804,1334,1518,1325,1541,1366,1365,820,1014,445,836,623,827,448,837,858,1347,461,595,584,843,1303,796,861,583,490,840,682,764,875,1418,1389,660,448,613,686,1365
653,454,481,643,563,895,496,495,518,655,914,655,513,490,812,626,848,599,432,585,602,588,916,633,588,808,490,945,599,963,678,628,603,572,569,947,501,652,976,524,613,570,501,524,940,526,581,491,604,602,525,849
how was the movie.
what's the matter.
976,1373,602,878,619,509,629,869,866,1116,667,882,1261,1377,886,1308,690,1363,1536,571,1178,476,846,1471,608,887,862,1146,670,892,1287,512,877,881,696,790,1438
710,504,530,977,543,633,625,952,585,640,516,955,839,504,803,506,529,849,632,500,631,601,569,639,553,957,584,645,501,950,818,604,581,586,498,540,857
what is that.
428,1095,342,720,777,1209,442,790,706,1069,316,702,1289
497,633,618,532,910,512,621,928,571,637,669,558,865
more than 200 miles.
1200,1317,630,496,825,751,1038,309,1078,745,427,1290,1291,763,1196,1114,1281,451,369,1295
859,531,554,513,937,562,642,658,847,922,468,486,476,955,857,524,671,501,601,875
happy birthday.
what do your parents do for work.
781,327,1342,1347,1023,746,768,1164,708,701,955,528,336,785,1234,1464,429,1015,334,695,778,603,1207,827,809,1244,1031,667,795,1322,370,693,574,1047,747,485,814,649,1225,845,745,1229,690,827,516,1223,722,1132,1220
671,666,496,494,501,921,810,507,563,575,653,606,651,560,899,618,524,678,658,583,958,658,564,980,573,578,564,559,975,558,660,563,522,852,565,596,958,654,531,976,680,543,557,967,540,550,560,685,863
when do you start work.
do you want me to come and pick you up.
445,1026,540,1019,790,603,1198,799,754,1205,996,823,535,739,394,677,750,832,533,1152,711,1067,1152,1364,622,1203,827,802,1198,994,844,526,426,949,765,852,1051,590,842,792,1158,847,713,1142,1041,572,838,430,939,651,810,1230,1038,701,1110,814,811,1186,967,838,982,1270,1213
480,589,456,819,854,650,512,919,503,533,531,935,611,561,608,538,563,981,534,559,568,710,903,676,628,541,953,556,568,562,927,535,622,847,592,962,853,518,924,583,557,966,811,572,860,546,1021,624,836,625,927,580,564,831,721,979,621,621,625,977,627,593,902
please count this for me.
1351,1277,596,379,535,592,829,720,1222,1054,1003,788,839,795,972,1123,553,841,778,1183,724,842,1074,619,1241
593,704,532,627,634,543,987,802,601,569,898,602,994,619,705,598,616,977,719,598,588,995,874,543,866
is this pen yours.
1217,543,826,771,1023,1209,534,842,1339,599,1033,827,826,1218,1030,738,543,1257
575,622,985,618,702,583,607,990,583,539,881,982,617,585,587,593,628,866
what's the charge per night.
500,1146,383,760,1471,494,820,768,1087,590,840,708,1076,452,719,824,608,841,1363,624,730,843,1063,1258,793,1002,784,1309
542,664,639,607,641,582,934,600,681,560,982,814,679,657,607,716,547,985,550,548,597,1034,907,556,688,717,615,882
where are you.
who are they.
523,1107,625,729,618,837,403,730,635,843,851,1241,1015,1382,1465,529,1047,1252,836,430,743,632,850,788,1052,621,970,1267
534,677,524,580,524,992,623,580,531,995,590,550,570,803,578,530,666,511,965,621,553,518,964,594,653,533,499,857
do you have this in size 11.
661,1288,844,800,1295,1082,864,878,418,845,619,858,820,1032,1189,577,863,1179,1003,851,600,1148,520,656,852,498,490,1238
655,539,967,568,537,546,950,716,611,867,524,998,614,676,529,598,989,531,861,965,618,557,744,526,935,503,502,842
the plane departs at 5 30pm.
742,1051,575,851,1355,1279,391,1032,603,843,673,625,1317,412,722,781,546,850,422,767,863,765,863,605,1252,1310,1123,1272
560,639,502,935,519,666,609,787,522,941,639,538,519,620,575,593,621,965,634,588,1010,570,1025,485,456,538,862,888
he has a nice car.
1062,603,850,1054,424,566,843,428,859,1068,1251,759,618,845,745,463,734,1284
689,501,963,677,602,565,940,611,976,846,528,794,519,973,800,618,569,826
she's pretty.
564,1107,625,1391,538,843,1359,745,642,813,804,976,1213
583,634,522,654,555,948,516,576,527,597,596,556,852
how far is it to chicago.
1085,1311,533,858,793,455,740,859,1224,608,862,1232,793,865,812,1315,866,755,1098,1194,712,510,839,1247,1272
722,574,525,979,687,621,576,1005,582,619,994,583,603,1011,618,593,1018,825,713,614,873,660,732,607,946
how much are these earrings.
1053,1312,531,848,1204,1127,746,1063,828,464,742,642,848,817,1053,667,588,662,849,692,468,773,775,1169,1069,840,592,1280
712,577,534,1006,906,565,828,700,1002,650,607,550,993,640,721,553,628,549,979,572,626,608,609,590,888,707,627,915
please wait for me.
where is the bathroom.
1423,1355,632,406,556,628,851,564,471,1220,799,863,808,1273,736,853,1198,647,1325,1475,553,1115,674,767,669,855,1244,608,865,818,1091,620,860,911,469,809,1077,738,1276,1279,1194,1352
573,712,533,629,618,552,978,551,638,576,613,1010,695,585,596,1047,877,544,891,649,543,671,549,605,536,1023,572,615,986,613,694,526,1012,861,631,614,713,612,609,604,872,855
do you accept u.s. dollars.
688,1343,854,827,1352,1137,867,434,721,721,644,1428,790,878,1230,1346,585,1356,840,715,1370,1361,1365,453,740,581,1335
637,565,993,599,578,583,1005,651,779,771,549,568,599,1016,561,867,590,867,954,654,596,736,743,637,594,636,906
where's the nearest hospital.
543,1131,657,745,665,1432,553,856,823,1083,625,876,1136,669,463,754,669,584,806,871,1100,1323,587,1419,1185,758,422,1368,1371
549,653,555,588,542,687,619,967,633,682,545,1026,818,556,640,597,555,645,618,985,709,580,612,597,581,595,645,708,912
what is it.
will you call me a taxi please.
545,1128,442,791,868,1255,593,875,1275,805,1375,1520,561,1262,1432,1427,864,868,1392,1120,873,778,510,1358,1351,856,1181,677,865,501,866,828,398,588,1298,856,1412,1355,635,432,568,644,1380
546,691,663,614,977,578,623,978,565,616,920,637,550,566,695,696,980,637,598,599,1007,815,649,714,720,1009,848,567,995,640,987,594,646,795,539,989,595,722,585,676,657,593,870
it's near the supermarket.
1305,785,1451,553,866,1154,644,455,752,873,815,1095,638,881,595,1111,1403,648,727,1203,453,743,1236,628,810,1339
563,617,717,627,1003,863,588,673,634,1002,651,717,572,1001,664,597,583,581,614,906,659,616,716,566,636,921
i lost my watch.
1311,870,1363,1340,584,798,868,1229,1152,860,580,484,821,733,1083,1299
555,976,692,559,657,639,1011,849,562,984,589,678,652,829,699,837
do you have a girlfriend.
what time is check out.
682,1332,877,910,1369,1112,896,846,415,796,599,846,435,896,825,1277,743,1373,752,729,1294,616,1121,652,1312,1528,549,1124,428,800,868,807,1254,1260,600,840,1266,532,845,723,1118,650,718,1280,836,1357,1130,823,1335
675,598,1011,563,567,556,1010,742,688,851,573,1032,695,1014,722,569,601,710,704,597,545,536,861,657,885,636,545,673,684,627,986,623,588,862,543,994,566,620,999,830,690,561,834,733,1022,600,583,603,919
this is the first time i've been here.
760,1108,1291,530,862,1295,543,873,796,1122,604,868,766,1274,740,545,791,867,799,1272,1270,609,861,1247,1451,827,632,857,885,608,608,1152,870,866,623,750,625,1368
625,717,586,627,1006,591,619,980,617,679,546,985,709,572,614,644,635,985,635,579,853,558,972,564,697,853,573,994,866,572,573,873,975,693,549,604,546,887
i love you.
i like italian food.
1351,868,1450,1398,840,630,869,1115,1432,1198,1447,1518,1345,857,1364,1331,1315,613,864,1304,809,443,1420,1305,438,1137,870,803,1338,1344,689,1371
529,955,680,546,852,556,990,586,572,553,844,598,526,971,678,562,694,556,971,598,646,655,732,616,658,885,977,694,609,602,628,876
anything else.
456,1165,1085,810,1057,1326,1131,821,873,664,1362,591,666,1408
663,849,538,632,722,590,868,683,997,576,695,661,588,828
can you recommend a good restaurant.
740,478,1173,849,827,1405,1189,853,734,643,834,1384,1241,1273,628,1168,675,848,456,850,825,1392,1397,677,851,746,662,577,805,470,1227,741,476,1185,794,1329
796,672,821,979,637,582,578,968,600,544,939,549,849,837,583,850,655,962,671,967,716,533,525,644,974,630,579,653,651,666,549,627,670,844,620,829
i'd like some water too, please.
1359,1568,646,860,1469,1312,1352,601,865,583,1428,1292,620,870,559,484,810,650,730,872,817,1390,1393,1307,863,1496,1431,652,485,588,664,1446
539,684,612,971,692,571,693,559,967,659,558,860,567,977,591,679,655,586,616,992,641,560,554,927,977,542,692,577,683,662,593,869
is that ok.
it's very cold today.
1340,580,862,806,1129,478,807,865,1358,1313,1436,1629,1312,797,1478,574,862,841,659,754,1086,860,750,1337,1414,688,854,825,1362,693,481,1098,1344
541,632,965,640,661,690,648,974,561,700,843,634,564,638,706,640,983,849,583,632,556,982,828,576,706,671,999,651,579,693,680,553,881
where is it.
531,1164,644,733,629,840,1295,581,832,1304,797,1363
520,623,530,563,515,934,513,596,920,508,584,883
what are you going to do tonight.
535,1111,472,788,858,461,732,656,857,927,1332,1133,868,835,1298,1250,1136,830,876,849,1308,897,708,1319,894,861,1332,1182,1274,873,1069,855,1310
518,635,628,590,943,618,579,523,938,601,555,544,940,688,571,546,854,665,964,597,558,972,603,552,959,594,549,823,560,660,671,584,839
do you have a boyfriend.
615,1363,732,813,1378,1130,811,1059,400,797,585,813,421,826,866,1374,1065,751,736,1277,614,1133,659,1384
658,480,942,559,511,486,923,644,612,852,473,955,615,978,837,457,421,656,552,486,478,856,598,838
i don't have any money.
1290,781,640,1379,1146,1499,791,847,828,382,819,594,806,424,1219,1103,826,1283,1404,1186,605,1002,1442
420,910,619,438,768,578,519,927,607,564,805,442,925,598,764,429,907,823,420,815,467,435,843
tell me.
i love you.
766,582,1370,1388,819,1221,600,1446,1652,1365,847,1410,1441,900,616,828,881,1404,1167,1368
517,454,610,605,879,780,467,818,562,449,914,637,486,786,478,926,556,499,461,870
thank you.
i think it tastes good.
786,1095,396,1139,1343,829,906,1376,1137,1334,1565,1315,837,810,1075,1302,1128,1317,846,1271,828,877,827,422,585,822,657,576,885,847,1346,1333,675,1349
536,612,589,797,635,890,556,501,463,847,595,428,906,551,637,489,817,620,904,480,537,918,563,591,561,556,467,552,897,635,501,493,576,850
do you have a swimming pool.
i'm 26 years old.
658,1305,856,898,1350,1132,888,889,447,839,609,858,448,857,591,540,1192,1220,1214,1286,1172,820,848,1460,1365,1370,1371,1396,1514,1289,1590,1369,824,502,798,856,866,692,437,787,557,874,1290,1379,708,1384
578,491,947,563,485,463,953,673,600,813,501,987,633,976,606,524,501,812,823,459,828,651,953,429,424,421,621,806,594,460,625,832,917,398,449,915,565,499,594,542,559,910,537,686,603,876
how far is it to chicago.
1130,1387,554,849,798,440,767,860,1313,577,855,1320,858,909,866,1395,897,768,1122,1311,772,485,871,1389,1364
683,495,493,925,665,601,531,936,500,557,938,491,549,959,550,511,937,764,652,512,797,608,674,467,902
do you know where there's a store that sells towels.
715,1342,871,944,1326,1109,885,1239,1132,1347,528,883,596,1131,708,796,715,897,865,1117,718,808,722,1504,597,892,504,901,632,867,1315,785,708,904,856,1107,489,851,923,641,719,1389,1396,622,905,865,1347,616,713,1383,629,1385
636,496,957,548,538,539,971,683,866,508,484,968,511,658,524,559,507,956,575,657,513,545,493,654,567,960,607,960,587,555,522,525,488,961,558,654,594,563,940,588,507,650,642,555,953,566,534,507,514,653,572,821
i can't hear you clearly.
1326,880,801,538,1136,1475,865,904,1126,730,498,828,918,935,1358,1147,929,791,1369,708,499,807,1363,1127,1343
499,926,816,618,805,656,567,953,672,512,583,558,948,565,540,513,934,774,674,524,603,569,650,523,847
do you have a boyfriend.
697,1343,870,891,1350,1146,891,1138,456,840,678,853,476,882,887,1360,1099,829,799,1366,674,1128,708,1390
602,549,946,575,568,531,952,677,608,816,507,948,622,954,798,550,494,661,571,424,466,791,588,830
how much will it cost.
1141,1362,536,862,1254,1199,774,1084,866,593,1259,1403,1410,869,1279,851,898,786,1332,625,852,1373
673,542,467,936,855,511,800,673,945,511,538,668,662,936,550,556,951,781,553,606,571,835
are you allergic to anything.
469,785,692,889,918,1340,1165,906,491,1383,1382,692,790,876,1260,787,870,904,1352,919,507,1120,1020,843,1039,1249,1119,866,1354
594,536,484,957,575,559,540,946,611,663,665,521,561,672,557,775,964,584,550,975,636,810,554,590,692,558,831,651,856
it takes 2 hours by car.
i don't think so.
1283,837,901,871,480,1283,688,605,893,575,899,1102,1333,1130,795,608,885,913,1014,896,804,540,808,1361,1535,1287,856,686,1309,1091,1446,802,874,825,1109,1206,1113,1244,871,622,1313,1339
540,577,981,611,626,706,537,597,945,445,943,716,580,560,550,620,948,847,538,1000,817,654,568,876,618,436,930,616,498,808,639,541,945,562,662,524,845,641,909,607,483,885
behind the bank.
889,618,889,1258,1183,697,858,846,1083,649,866,893,487,1095,1250,1375
830,523,693,538,826,620,983,596,638,528,959,833,651,817,623,800
one way or round trip.
1324,1117,612,840,586,478,1080,850,1279,759,866,778,1312,1122,1114,693,863,860,786,1192,1394,1434
484,815,504,938,522,625,508,943,528,572,965,587,541,508,861,598,962,587,564,513,491,807
it's north of here.
1318,822,1483,586,868,1128,1339,759,833,1109,868,1330,782,865,1098,688,784,697,1334
536,569,683,569,929,847,569,560,585,672,952,574,639,929,682,522,555,507,867
a little.
it's 11 30 pm.
454,877,1374,1277,840,843,1447,652,1382,1551,1295,784,1458,550,863,439,442,851,648,1359,853,1442,1310,1505
600,941,671,541,574,578,660,491,904,696,468,521,680,603,955,406,404,969,405,334,958,504,877,854
how many people do you have in your family.
1154,1379,486,831,1284,390,1163,885,881,1483,666,1377,1480,1426,644,863,719,1378,888,879,1385,1147,918,932,520,865,674,902,1304,1185,900,954,1409,1226,880,899,851,510,1268,1300,1408,938,1403
657,544,483,890,839,608,836,527,947,501,487,496,502,659,472,869,588,506,921,546,520,539,898,670,614,794,485,947,500,793,913,536,526,517,511,929,645,621,795,521,647,493,828
can i make an appointment for next wednesday.
679,411,1129,775,1319,776,1234,422,1255,593,785,430,1135,783,415,1390,1410,1348,1274,1172,758,1245,615,1169,760,806,743,1293,707,801,1160,617,619,722,801,559,650,673,1150,634,559,665,454,1098,1326
760,653,828,949,528,957,859,662,668,578,959,665,829,964,664,544,548,544,538,816,640,844,580,830,642,963,719,569,623,956,833,574,788,608,959,596,590,656,839,579,653,660,658,588,829
over here.
it's on 7th street.
1310,787,616,712,803,853,597,711,607,1389,1556,1328,751,1534,543,803,1402,1167,804,739,800,1114,836,593,781,721,644,646,768,1353
525,815,554,598,918,723,540,603,539,825,653,524,604,682,603,923,543,825,930,575,642,686,951,643,611,592,546,548,604,863
would you like something to drink.
555,1359,1172,1364,677,824,1089,1438,1167,831,1367,1301,1282,642,834,603,1353,1247,643,800,1122,1271,1189,828,839,793,1363,851,697,747,1257,1144,1295,1378
549,547,545,707,606,930,537,506,486,937,673,528,654,538,939,626,528,794,540,612,654,529,791,667,946,602,543,961,662,589,556,817,664,832
why did you do that.
do you go to florida often.
555,1148,1090,831,694,1272,686,841,917,1453,1122,914,748,1433,908,843,1160,458,859,1400,1589,722,1394,911,946,1410,1231,955,926,1401,950,920,1393,957,862,1411,1409,810,1324,742,501,918,1375,827,903,717,1148,1408
534,614,503,912,655,511,640,955,536,519,513,892,611,545,956,562,635,586,565,851,565,564,494,905,546,521,493,938,640,492,963,542,495,970,637,692,542,518,521,580,581,899,506,597,524,467,845,866
can you call back later.
no, i'm american.
738,454,459,878,887,1375,1097,875,755,469,1385,1390,842,901,464,744,1288,843,1390,469,841,689,769,1384,1567,1150,1384,1342,870,1349,1585,1285,863,422,1250,655,748,1195,732,457,1157,1396
746,995,593,885,486,443,430,917,769,581,633,632,900,799,586,768,621,915,623,582,539,477,502,847,590,828,444,819,919,403,611,838,904,576,784,506,544,519,761,585,805,824
are your children with you.
439,714,646,879,925,1363,1149,788,883,745,1141,1298,1430,689,771,690,1166,863,595,1317,851,1128,869,950,1405,1160,1357
584,535,487,934,539,495,467,510,958,816,623,491,638,667,577,519,816,937,526,500,569,640,961,579,528,506,824
she's pretty.
582,1128,656,1525,567,885,1452,792,703,869,866,1039,1364
567,618,489,632,543,938,481,540,485,541,542,464,771
my son studies computers.
would you like to watch tv.
1225,1083,1040,588,1343,1166,884,611,857,1132,720,1260,696,598,890,785,1340,1219,1501,1194,846,649,735,638,1465,1559,580,1458,1238,1412,712,879,936,1400,1166,902,1380,1301,1302,610,867,842,1382,900,595,504,855,773,1152,890,864,822,1392
804,506,931,550,467,828,900,560,546,469,572,468,483,557,907,756,463,825,498,483,544,498,506,582,843,627,483,501,462,653,596,906,553,508,492,909,639,523,652,486,909,569,541,954,518,609,593,755,640,924,563,806,833
excuse me, what did you say.
are you working today.
609,552,669,1218,533,639,843,1254,592,1358,802,535,1130,434,793,850,663,1256,669,874,936,1337,1090,873,578,492,898,1372,1476,431,754,657,862,973,1356,1075,886,591,1288,732,1317,1245,1188,803,862,846,1354,677,477,926,1396
464,725,784,433,626,512,915,784,486,847,906,506,617,632,544,940,588,490,588,936,524,518,479,966,607,599,508,846,543,572,474,430,916,492,450,423,929,465,430,440,599,459,758,558,911,465,399,508,552,462,827
please speak english.
1488,1423,625,403,549,618,847,580,1491,651,476,1349,846,654,1167,819,1391,1296,605,1167,1454
382,565,398,537,499,411,846,544,436,496,586,569,838,485,723,607,565,443,553,535,791
the book is behind the table.
827,1173,640,869,925,1388,1390,1321,867,1311,604,876,919,666,958,1306,1182,706,880,873,1153,699,907,881,520,919,1396,675,1411
508,558,444,871,768,421,413,612,897,425,552,903,761,493,654,481,771,551,896,543,574,479,885,557,578,759,570,473,782
no problem.
1214,1402,870,1500,754,1376,936,1403,665,1308,1408
796,388,890,410,510,425,806,586,474,757,808
