when did you arrive in boston.
581,1088,710,1115,890,703,1250,709,868,1000,1333,1185,894,557,747,740,1236,866,655,848,1202,1101,843,927,1312,593,857,1280,1106,1393
665,749,661,878,970,788,628,799,963,659,628,652,966,757,670,669,665,902,659,958,683,828,968,881,656,737,668,665,851,833
what time are you going to the bus station.
what should i wear.
608,1121,469,771,864,804,1243,1181,632,854,501,740,632,851,941,1328,1198,888,900,1312,1228,1121,899,886,828,1312,897,864,1112,678,873,936,1190,600,866,627,846,517,846,1197,1291,1112,1418,1637,609,1131,502,843,888,635,1102,1378,1232,1370,725,885,1267,891,613,698,493,750,1388
646,729,736,641,905,582,641,858,605,918,706,650,639,917,676,657,674,939,752,654,666,824,772,959,662,663,955,696,751,663,928,855,653,722,932,725,676,709,652,683,685,830,838,636,664,741,731,655,924,748,737,641,635,761,732,931,661,939,640,656,706,641,848
am i pronouncing it correctly.
465,1213,854,1293,848,1404,692,1326,1115,1342,1199,1076,692,1183,1085,813,828,1186,744,839,647,1251,682,676,578,655,766,1285,959,1336
722,869,921,662,922,623,618,656,822,657,598,832,819,685,820,750,942,664,661,942,839,671,643,649,656,878,643,767,654,842
it's is a quarter past nine.
please tell me.
1268,816,1486,572,857,1194,588,837,452,837,442,1091,469,681,774,626,712,845,1377,459,566,787,856,1058,1181,1063,614,1305,1546,1423,1355,639,447,546,614,872,790,573,1312,1313,843,1204,592,1363
631,613,734,723,936,666,724,938,733,942,644,675,770,677,674,657,645,929,650,761,754,686,938,848,695,851,643,858,714,623,738,677,718,748,647,1017,639,646,744,749,966,826,656,851
at 7 o'clock in the morning.
i don't speak english very well.
431,770,859,1220,867,1385,1563,723,1379,1377,715,1257,831,1206,1107,830,839,1077,642,836,1177,1311,716,1093,1182,1082,821,1352,1558,1246,830,660,1314,1102,1505,807,887,606,1422,648,455,1233,848,640,1118,850,1334,1237,590,1084,844,829,626,732,1065,861,569,655,1312,1304,1393
740,655,951,389,985,598,741,869,736,627,884,765,985,722,839,979,676,765,694,969,833,676,666,837,702,885,761,867,734,662,979,769,669,868,757,622,961,769,680,649,736,770,937,679,864,770,775,681,740,787,951,889,650,636,610,967,639,631,714,721,849
i've been here for two days.
1235,1528,888,667,870,931,659,660,1087,878,1055,668,793,656,864,813,1303,770,888,866,548,1291,888,696,509,1040,627,1350
664,741,921,657,944,876,655,657,891,974,787,700,676,673,969,772,709,690,961,683,679,712,955,789,749,674,777,877
do you know what this says.
try to say it.
701,1378,906,1000,1385,1235,917,1310,1140,1360,582,866,607,1122,497,837,911,863,1103,1225,640,894,654,547,1085,658,1335,1571,890,773,1091,915,869,1325,901,660,603,1077,909,1232,867,1364
781,683,992,675,675,675,980,740,902,703,649,955,656,773,750,664,956,687,771,695,761,965,799,756,668,779,873,764,664,675,633,976,670,682,965,757,750,656,981,662,634,878
no problem.
1128,1371,899,1487,747,1409,971,1407,649,1225,1433
919,671,996,664,687,659,924,782,675,895,907
please speak more slowly.
1466,1437,688,446,541,600,834,583,1472,659,466,1302,873,1235,1352,736,636,866,612,1385,1349,557,1387,982,1429
642,779,639,717,756,634,938,772,676,665,738,766,967,853,703,680,676,952,766,770,705,658,760,671,877
where are you going.
do you have any vacancies.
585,1110,670,778,663,885,482,740,621,874,955,1347,1210,924,908,1344,1241,1151,901,1424,1623,695,1415,919,1050,1436,1290,951,1156,533,895,684,886,523,1155,1002,969,889,536,788,523,1155,790,1294,709,631,1478
682,775,680,685,666,927,744,672,673,935,667,644,670,957,767,658,695,851,757,851,720,749,657,980,633,637,643,973,752,759,870,664,951,754,847,682,962,885,752,846,757,847,877,683,644,743,864
behind the bank.
956,667,1167,1320,1169,728,911,922,1190,692,906,998,529,1184,1292,1461
893,659,751,696,867,789,980,668,718,656,981,892,736,873,782,866
what color is that car.
i don't feel well.
658,1160,469,852,925,776,1378,1423,1390,806,881,1279,648,882,851,1069,492,836,920,765,531,767,1378,1658,1299,899,715,1395,1165,1551,861,922,794,685,692,1394,914,640,724,1395,1393,1432
650,741,729,647,928,838,676,773,693,601,930,507,724,918,642,748,724,644,951,863,735,651,861,703,649,952,722,656,834,758,635,959,796,639,658,770,960,650,673,752,754,887
please speak more slowly.
what's up.
1496,1436,710,509,638,683,885,636,1503,687,509,1313,912,1228,1339,781,685,884,648,1374,1345,625,1374,976,1430,1622,593,1103,492,830,1513,613,905,1206,1416,1408
626,751,652,716,786,656,951,734,658,650,744,763,959,857,704,684,685,951,774,783,704,676,800,690,878,743,664,776,762,665,789,743,951,659,653,857
what's your email address.
600,1144,531,828,1542,626,901,1063,1425,1284,783,917,667,1265,516,1292,1395,887,514,702,703,768,673,628,625,1402
657,740,767,670,746,756,949,653,619,634,646,953,654,817,746,630,752,954,738,741,752,672,662,764,750,829
do you have a problem.
she's older than me.
699,1409,902,1058,1421,1257,937,1117,522,881,679,888,479,885,1436,716,1363,984,1395,684,1234,1432,1642,639,1179,691,1572,638,901,1421,1443,727,716,790,921,896,1184,524,1211,905,1308,686,1490
706,618,949,644,593,595,972,760,754,863,646,965,746,962,644,645,637,904,753,670,859,851,703,765,727,658,719,762,977,617,760,780,671,674,980,692,744,753,847,968,838,688,853
i only want a snack.
i'd like a room.
1294,911,1428,1192,1479,1030,1003,607,479,1111,834,910,485,889,615,1133,495,753,1244,1342,1567,1290,1526,693,882,1359,1277,1295,683,869,533,869,769,1309,1303,1203,1370
632,979,625,868,771,659,960,639,739,881,675,956,746,955,756,867,776,869,804,904,793,664,776,767,967,768,702,801,693,968,768,969,677,674,693,874,884
i'd like to buy a phone card please.
1357,1599,726,873,1419,1339,1364,690,890,881,1383,925,1001,1253,1016,1011,527,937,1447,1051,1363,1158,722,929,803,555,801,750,900,1447,1364,724,546,660,713,1392
615,748,794,983,730,655,769,675,963,674,659,968,888,633,689,974,733,970,647,772,646,816,660,979,894,771,680,788,995,665,732,686,760,772,674,846
it's not too far.
1346,912,1570,692,931,1190,1386,906,977,888,1415,1420,950,859,584,815,1413
638,669,754,786,983,853,677,709,992,702,684,677,982,790,780,702,877
please write it down.
1511,1438,714,539,655,677,903,619,786,1267,906,697,932,1260,865,962,768,1408,642,1205,1533
687,778,700,771,804,690,967,692,704,742,709,696,976,709,678,989,799,693,692,904,911
i think it's very good.
1320,947,896,1167,1295,1197,1355,919,1322,912,1595,646,923,905,737,820,1134,935,965,1398,1397,771,1446
627,991,661,748,657,836,747,991,638,690,740,752,992,898,678,675,603,986,798,630,631,759,852
my luggage is missing.
1292,1054,986,1498,1282,958,958,579,945,712,969,1363,688,953,1292,1315,693,709,1306,1214,946,1487
841,629,938,718,587,735,735,722,754,614,961,614,729,964,836,635,734,745,657,797,775,832
i'd like to speak to mr. smith please.
i was about to leave the restaurant when my friends arrived.
1360,1612,791,952,1476,1375,1393,763,959,943,1444,971,709,1520,775,559,1355,963,932,1433,986,1298,854,1461,979,712,1349,951,1178,995,971,1479,1436,766,550,701,748,1438,1694,1361,963,659,532,687,937,576,1000,1403,1279,903,987,911,1383,971,1424,782,595,937,769,960,943,1177,765,971,855,771,712,937,618,1231,841,579,1173,912,971,675,1143,746,1175,958,1290,1062,930,905,870,1306,762,1172,813,745,984,608,845,853,1312,935,765,785,1436
606,750,759,970,714,630,752,673,958,648,596,965,719,627,638,714,717,949,660,616,967,834,691,824,975,755,652,690,751,972,978,644,734,678,741,802,676,863,737,652,968,698,757,779,978,769,895,664,668,698,987,700,671,990,762,703,772,906,697,984,703,762,694,995,711,714,810,726,780,678,695,770,855,719,967,695,772,693,852,987,861,692,987,797,687,667,672,869,825,811,1009,784,699,713,692,911,685,805,895
where did you put it.
684,1177,753,866,734,951,789,1326,789,941,1055,1403,1272,971,1498,1254,979,975,1334,929,1462
703,760,687,703,674,959,779,685,784,974,692,674,677,988,677,651,681,987,649,655,898
can you carry this for me.
845,564,1225,919,1040,1457,1313,958,829,582,850,841,1190,963,936,1160,1290,691,943,869,1399,853,961,1296,740,1454
919,787,877,1006,699,656,662,999,893,781,697,709,654,983,684,748,674,774,986,808,666,698,969,840,706,891
who's calling.
665,1190,1471,1551,701,954,830,595,1428,1435,1308,1204,945,1451
706,761,636,775,802,1007,913,799,773,783,697,875,796,891
do you sell batteries.
i have a lot of things to do.
771,1436,964,1045,1433,1299,975,709,770,1442,1431,976,995,580,918,918,731,831,1332,722,677,1409,1650,1295,906,1128,560,916,720,914,549,911,1386,1345,880,956,1359,826,926,905,1137,1254,1164,906,683,927,879,1386,941,764,1377,1399
789,678,1020,731,678,665,1010,797,706,783,795,1022,906,782,721,734,711,702,676,683,767,864,729,650,980,816,792,887,703,1000,791,997,780,735,721,999,731,819,1005,728,793,723,844,813,796,1001,740,708,999,813,716,889
where does it hurt.
what time do you think you'll arrive.
659,1165,737,828,720,919,750,1370,728,685,915,1305,884,960,1159,1234,812,891,1370,1580,676,1153,565,867,956,892,1284,1258,716,925,767,1355,935,1020,1376,1265,963,903,1152,1259,1156,1272,964,1000,1387,1264,1502,1469,1455,938,640,828,840,1264,922,724,1436
709,786,734,735,712,991,820,668,729,821,1004,696,761,1023,781,694,772,768,885,758,766,793,828,760,1015,769,731,858,732,1007,846,732,1032,756,701,697,1041,756,790,712,891,813,1040,749,661,671,798,840,859,1040,820,737,760,721,927,725,894
i don't have time right now.
1309,944,765,1378,1170,1561,915,975,1152,617,937,753,933,1287,1229,1227,747,949,861,1281,979,1134,938,970,1151,1351,664,1442
677,1044,815,693,903,798,740,1020,793,824,943,751,746,730,900,883,732,1023,787,704,904,801,741,1054,885,710,736,893
can it be cheaper.
807,588,1194,923,1335,877,968,998,718,946,839,1178,753,572,1495,716,811,1482
958,815,887,1031,647,743,1021,943,703,1035,952,787,714,790,656,716,706,896
which road should i take.
620,1152,1276,817,1167,926,811,1401,576,744,913,676,1170,1415,1275,1526,755,916,1314,937,904,601,1290,744,1372
725,779,683,917,786,1039,735,675,813,836,1000,810,780,687,671,836,813,1015,692,1031,770,792,790,766,867
if you like it i can buy more.
1310,806,924,974,1352,1198,986,1355,1254,1274,751,962,1243,898,971,1251,943,841,598,1115,935,988,1188,965,960,1192,1310,831,754,1348
705,782,988,736,696,728,988,748,705,782,718,962,712,735,982,712,975,884,764,876,975,909,703,738,977,847,706,721,694,808
why did you say that.
what's the date.
694,1122,962,985,788,1254,791,963,1034,1331,1186,990,766,655,1155,960,946,1114,607,925,1343,1645,692,1142,605,931,1460,721,976,908,1073,765,983,791,576,927,747,1344
718,833,747,995,817,741,822,1002,748,718,741,1014,804,878,715,990,764,828,797,746,879,726,709,795,792,740,810,789,984,719,811,727,994,829,787,760,714,925
i haven't finished eating.
1295,944,1089,623,955,756,1103,1447,901,981,866,1215,1098,1211,726,1093,772,790,971,771,584,904,1199,1094,927,1400
568,983,796,783,909,728,915,772,724,1000,844,738,905,740,822,827,739,849,1014,725,780,750,755,906,827,906
i'm from america.
is it suppose to rain tomorrow.
1290,1547,1308,977,874,857,1313,1218,952,622,1212,760,843,1240,839,606,1376,1612,1287,717,956,1277,906,980,732,1152,1405,1400,1338,733,782,961,909,1320,977,843,624,1210,1130,962,911,1305,1206,1301,833,834,1301,704,1377
696,783,871,1009,841,731,732,871,995,795,867,753,739,736,913,794,856,743,703,788,984,703,736,989,784,711,690,702,705,796,730,969,744,700,990,738,773,733,884,983,734,732,928,751,746,759,752,733,942
can we have a menu please.
847,604,1175,960,677,760,946,1153,656,941,786,963,633,949,1217,746,1154,1204,951,1407,1339,770,600,708,761,1370
913,786,921,1007,724,726,995,812,806,918,750,1003,813,998,901,691,933,750,1002,744,821,729,793,820,733,921
i was about to leave the restaurant when my friends arrived.
which one.
1306,958,688,573,697,942,583,997,1368,1243,913,973,913,1361,980,1379,767,609,931,780,968,955,1151,791,981,856,775,728,921,624,1153,858,629,1102,941,976,723,1066,791,1103,967,1186,1016,993,914,880,1199,784,1102,823,745,980,673,879,878,1202,976,780,805,1330,1575,715,1122,1230,1126,1117,978,1315,1147,782,1393
718,996,738,787,806,984,804,925,715,742,755,1006,749,722,1005,819,748,792,903,742,1005,761,825,733,1000,743,722,824,742,813,773,760,813,937,779,1020,756,856,766,921,1019,907,771,1008,854,746,750,733,939,827,815,1008,823,751,751,773,920,721,863,919,744,730,815,727,817,818,1009,722,925,745,935
i'm not busy.
1341,1625,1376,963,1190,1393,948,986,1032,1230,727,1099,1479
672,759,912,996,920,753,759,1005,939,714,800,716,888
would you like to have dinner with me.
i'm a size 8.
711,1460,1317,1451,800,972,1050,1395,1253,998,1435,1345,1348,797,992,976,1403,990,1147,676,988,823,995,849,1244,1169,1172,819,904,1001,751,1257,979,1107,1004,1222,809,1400,1693,1305,1505,1300,985,655,979,765,1286,713,816,988,1306,1496
707,682,645,771,824,1004,760,676,702,1008,776,694,796,736,1002,732,673,1008,778,789,930,732,1003,875,716,867,876,764,754,1008,714,712,756,809,1005,881,731,861,762,656,768,893,988,800,990,812,704,888,718,1000,426,844
that's it.
which is the best.
944,1185,615,934,1543,748,991,1323,937,1457,1675,695,1190,1300,878,1199,971,1304,747,967,961,1175,808,997,1104,799,735,937,1434
731,810,780,736,777,802,995,720,746,875,734,715,792,696,905,783,1010,695,824,999,757,780,747,988,893,724,823,748,863
how much would you like.
let's share.
1168,1398,715,978,1296,1257,863,1116,956,662,1368,1217,1355,779,952,1000,1325,1203,941,1338,1257,1263,753,1370,1545,1380,758,929,1490,723,971,727,1159,643,866,765,1390
824,717,741,977,943,652,906,825,989,702,616,668,788,799,993,750,716,737,986,786,729,821,722,906,772,780,740,738,783,801,994,803,813,818,746,750,929
it's less than 5 dollars.
1301,922,1492,722,972,1358,772,720,733,966,934,1112,646,1127,994,883,980,794,1344,1356,1348,643,852,717,1436
702,735,770,810,990,798,722,819,798,991,750,809,813,899,1011,646,1009,808,725,812,831,818,732,809,906
i need to practice my english.
1298,960,1172,758,758,770,967,917,1356,965,1430,854,628,835,938,1276,860,761,949,1250,1014,1007,760,1155,995,1377,1275,737,1115,1400
723,990,908,723,728,814,998,736,724,988,725,736,799,895,760,753,929,714,980,884,718,983,721,894,817,786,722,797,827,914
i don't have enough money.
1315,965,798,1333,1170,1566,907,967,1141,639,952,784,962,770,1152,1338,1189,943,1109,956,1242,1334,1153,785,1095,1350
709,990,817,744,903,705,751,991,829,797,917,758,1004,746,904,728,748,818,855,1002,895,746,904,757,716,874
see you later.
you're very nice.
734,776,783,973,1001,1372,1235,955,1414,646,955,775,858,1420,1613,1080,1381,1258,1498,902,801,1009,962,800,897,1124,987,1152,1239,872,788,1392
822,735,743,1001,755,712,740,992,788,814,767,753,741,894,777,732,694,735,811,742,734,996,938,745,720,699,1001,913,741,915,729,906
that's not right.
971,1204,634,961,1566,754,1009,1205,1393,966,1024,876,1306,1005,1179,973,1450
732,784,793,732,776,802,997,873,709,740,996,732,711,848,801,744,880
please speak english.
1516,1452,802,610,743,802,1000,763,1471,816,663,1334,985,779,1193,994,1419,1295,740,1160,1451
690,794,732,772,835,716,988,808,711,724,789,698,992,724,910,827,789,723,804,829,925
the book is on the table.
937,1202,783,979,1033,1423,1422,1340,994,1345,761,982,1418,1208,985,977,1185,816,1006,975,663,1063,1384,822,1452
729,805,729,968,911,705,704,769,1003,694,794,979,699,876,980,749,797,730,985,754,800,914,798,716,944
is john here.
1325,774,992,1226,1353,1047,1162,1008,1145,821,915,811,1369
700,790,986,792,709,825,911,1009,807,747,746,746,913
okay.
that way.
1445,1339,691,1059,1435,1624,981,1170,654,971,1023,771,652,1133,1375
676,816,767,749,913,780,750,799,811,752,1005,728,784,685,890
is your house like this one.
1325,791,1016,1046,1386,1261,873,1028,1091,1369,1229,783,850,1025,1379,1287,1306,823,1016,1001,1128,1243,791,1021,1319,1165,830,1380
764,801,985,764,746,774,703,995,844,732,758,820,728,984,791,771,842,739,979,756,837,766,825,995,762,920,737,941
where are you.
754,1191,820,924,824,1019,687,911,827,1021,1061,1378,1462,1363
736,829,752,752,756,983,818,747,746,985,764,718,903,866
is it close.
they're waiting for us.
1333,790,1037,1333,982,1036,911,1423,1403,795,849,1488,1556,976,1135,831,1172,1491,899,797,1019,757,648,1270,963,1237,1144,994,1020,909,1359,891,1013,1220,791,1424
722,810,995,729,763,994,923,817,742,848,757,964,796,758,820,757,726,801,731,735,1017,735,814,746,752,759,904,825,1011,808,731,740,997,716,813,910
is it possible.
1332,779,1026,1345,977,1033,1472,1395,785,782,1338,1085,1415,812,1437
727,805,994,731,753,990,701,712,820,813,720,919,800,734,934
what time do you think you'll arrive.
734,1159,663,960,979,956,1282,1272,800,994,838,1378,996,1067,1370,1239,1003,976,1163,1277,1168,1286,1002,1101,1366,1235,1508,1418,1423,1024,707,904,914,1302,1007,815,1412
731,791,816,758,985,754,731,918,750,991,839,724,993,752,714,736,994,737,814,734,886,832,985,743,703,733,806,827,823,1001,823,729,731,757,915,733,942
sorry to bother you.
how long is the flight.
784,1429,912,907,1186,1007,988,1391,1023,1080,1373,979,1179,811,907,1026,1073,1392,1245,1411,1687,1165,1435,747,1021,1413,1418,1182,1030,1030,1305,819,1027,1017,1165,864,1031,971,1383,1290,1045,1157,1018,1431
812,736,742,745,704,995,742,719,992,924,719,742,823,736,736,994,749,695,717,871,739,827,695,737,987,829,682,898,823,1018,709,822,1009,770,799,756,990,831,764,701,846,797,753,917
we're late.
732,806,1467,898,801,1002,1371,692,972,806,1422
718,748,807,750,741,995,809,825,760,742,946
did you take your medicine.
840,1343,848,1001,1053,1404,1278,1015,972,699,1310,835,1017,1055,1389,1271,924,1039,1225,810,849,1284,891,1293,1237,815,1445
838,730,838,1005,776,716,739,997,757,826,808,756,998,777,719,746,748,1002,874,720,844,759,932,749,891,718,950
he needs some new clothes.
who taught you.
1240,827,1010,1239,826,828,852,786,1010,792,1356,1270,849,996,1244,847,779,1012,916,1378,1379,1001,1179,847,801,1391,1569,771,1175,1376,1024,999,702,1232,1024,1181,1002,1033,1120,1408,1243,1440
821,747,1002,902,742,741,831,827,1010,819,756,905,762,995,885,757,741,1001,908,805,737,767,843,760,836,904,763,738,830,749,1008,767,808,748,849,837,762,1016,756,712,741,917
chicago is very different from boston.
he's faster than me.
925,1162,1288,929,708,1017,1384,1013,1308,811,1004,987,828,925,1167,1003,876,1295,958,962,837,934,837,1177,989,1031,957,935,1346,1012,1021,1074,1385,817,1022,1372,1218,1417,1625,1208,851,1478,806,1018,942,715,798,1003,846,926,1026,1027,1207,713,1226,1026,1303,857,1438
899,862,759,929,825,843,745,1020,751,849,1014,951,766,771,729,1023,866,746,853,860,772,769,761,895,770,1029,895,770,766,1009,1032,955,744,843,790,753,940,944,795,837,761,841,838,1014,851,817,840,785,762,759,1000,783,839,821,928,1001,926,755,937
be quiet.
i don't care.
1084,826,1029,667,1302,1380,839,971,1441,1626,1369,1013,880,1369,1231,1518,999,1044,939,728,950,844,1448
928,734,1010,762,753,734,751,759,908,783,731,1034,845,778,941,845,778,1025,935,819,771,759,949
i can't hear you clearly.
here's my number.
1346,1021,918,707,1235,1571,973,1021,1230,838,696,917,1017,1069,1407,1292,1015,925,1400,854,721,934,1402,1125,1420,1636,1208,847,945,847,1516,796,1031,1297,1116,1070,1214,1227,1272,1091,858,931,1446
747,1020,933,823,936,837,779,1024,844,763,808,770,1016,784,745,771,1021,952,846,761,819,774,833,778,953,834,835,779,789,766,848,828,1017,906,774,1008,929,751,927,941,768,759,951
can i try it on.
930,720,1225,1023,1344,1029,1023,926,1196,1033,1335,1010,1041,1477,1259,1511
926,810,927,1017,731,1017,781,786,733,1017,726,782,1018,723,990,968
how do i get to the american embassy.
1136,1365,764,1014,866,1335,1021,1282,1014,1033,846,996,1014,984,1351,1021,997,1160,862,1020,748,1236,861,943,1278,931,726,1165,1017,862,1234,1077,731,804,801,1145,1384
844,735,729,982,828,753,1002,756,1000,855,734,756,996,754,746,1000,757,849,756,997,819,897,748,759,767,908,825,913,997,745,909,916,830,818,849,715,888
can i try it on.
942,719,1234,1020,1338,1019,1012,953,1210,1019,1318,1002,1036,1402,1221,1445
913,809,924,999,729,1006,765,783,749,990,744,768,1006,753,920,931
would you like a glass of water.
802,1461,1311,1444,891,1039,1121,1434,1294,1067,1448,1356,1367,871,1043,743,1040,1043,1455,748,832,835,1041,1449,987,1039,811,727,1028,870,954,1453
743,714,733,818,818,1018,762,705,734,1015,801,728,823,749,987,817,996,829,822,819,819,810,1003,740,835,1011,737,825,767,756,751,941
what would you like to drink.
good afternoon.
789,1237,728,993,1050,773,1423,1305,1438,880,1045,1093,1428,1300,1058,1453,1360,1365,875,1048,1028,1424,1037,874,928,1324,1235,1322,1431,1649,1028,1422,1417,888,1032,725,956,1016,854,932,1216,1420,1395,1201,1441
736,848,829,762,1004,734,709,727,793,825,1005,767,726,744,1006,806,732,839,767,1002,760,727,1005,817,753,754,973,849,905,798,823,734,739,827,1008,815,816,771,782,747,914,732,752,932,914
fill it up, please.
934,1318,1405,1405,1028,1316,978,1044,1227,1449,1382,1026,1490,1412,852,699,791,851,1440
800,715,772,776,1000,736,762,996,731,686,857,987,687,788,732,808,822,739,923
excuse me, what did you say.
the whole day.
842,825,934,1266,809,859,1024,1260,863,1334,1027,796,1190,725,1005,1035,876,1308,882,1033,1100,1386,1271,1042,799,715,1155,1457,1637,989,1197,840,1023,755,1171,1355,1371,827,1018,859,678,1111,1386
742,916,899,715,809,739,998,875,761,924,1002,753,822,827,776,1004,846,756,826,1000,770,728,743,1001,828,837,635,901,785,769,820,777,1012,730,821,730,825,760,998,857,808,705,892
i'm not afraid.
1320,1657,1380,1011,1270,1423,978,1013,712,941,919,711,1337,864,1491
711,773,913,1010,876,733,766,1012,818,839,759,820,730,846,892
who sent this letter.
771,1209,1431,1021,786,849,1218,993,1028,999,1197,1306,804,1027,1432,853,988,993,855,936,1453
751,844,737,1003,844,775,921,786,1009,770,818,742,839,1015,820,767,774,773,775,762,916
i'd like to rent a car.
1355,1560,867,1028,1497,1440,1399,849,1011,978,1404,1032,924,843,1209,996,1037,735,1024,918,723,929,1415
729,807,825,1015,769,660,786,757,997,771,683,1016,771,759,874,786,1024,833,1016,930,837,760,897
i'll take you to the bus stop.
1390,1550,1450,1447,1021,988,729,1352,857,1024,1074,1415,1296,1022,1008,1395,1037,1014,1187,876,1041,1109,1246,832,1049,852,1046,1369,1447,1480
666,761,774,771,1006,776,850,781,776,1011,782,673,690,1001,777,683,1007,783,793,775,1015,969,693,856,1027,843,774,686,693,880
they're the same.
1002,1231,881,1223,1556,949,873,1004,1019,1181,871,1031,830,730,1273,860,1453
781,815,777,703,779,762,785,1000,789,792,770,1018,874,841,923,770,920
is your husband also from boston.
1343,836,1020,1056,1393,1280,930,1049,1197,1271,811,1066,697,1212,873,1019,701,1404,790,1417,1023,950,907,1364,1284,1004,1073,1380,793,992,1373,1218,1468
708,845,1024,788,738,764,766,1029,822,743,851,914,804,889,829,1023,832,827,839,728,1017,847,761,773,918,1019,954,762,842,775,768,961,945
we'll have two glasses of water please.
were you at the library last night.
788,849,1531,1475,1476,1021,1229,748,1012,862,1023,1009,809,1408,1028,1051,1420,724,826,823,880,836,1040,1418,975,1038,815,704,1001,860,937,1037,1501,1432,861,725,802,861,1454,1631,784,855,939,859,1034,1060,1379,1268,1036,742,1006,1034,1016,1190,888,1040,1402,1303,1111,960,734,947,1179,1047,1408,760,836,1023,1048,1208,1293,1047,1189,1008,1422
770,748,816,810,809,1021,845,844,943,781,1029,793,780,773,1029,886,849,837,853,874,773,866,1035,760,879,1035,774,833,796,783,790,1026,760,834,778,837,878,779,939,809,758,780,787,779,1023,805,750,783,1010,844,806,1039,815,862,803,1025,845,762,978,781,829,788,762,1030,828,872,872,810,1043,950,786,891,855,803,933
i'm just looking.
1335,1532,1339,1039,1279,1257,825,1004,1048,1394,1372,1370,1305,1295,1190,1031,1418
737,805,921,1025,821,717,862,796,1031,812,720,754,834,750,911,864,904
take a chance.
1001,734,1318,867,1027,731,1027,942,1210,738,1213,925,856,1448
791,839,823,775,1017,841,1017,937,813,855,924,911,779,936
i don't think so.
1349,1034,899,1382,1226,1505,990,1039,994,1211,1324,1226,1330,1024,818,1415,1442
770,1016,873,774,929,843,807,1022,798,864,792,933,867,1019,842,768,929
what happened.
about 300 kilometers.
808,1226,731,987,1035,1220,728,1501,1502,842,1225,846,861,1435,1627,732,1085,1402,1291,976,1055,765,1469,1462,1037,1333,1311,1429,1430,1265,863,1012,859,947,798,1442
777,853,847,790,1010,836,865,755,761,775,927,763,860,895,813,850,935,742,754,791,1024,678,616,629,1017,838,724,832,707,915,781,799,783,779,846,969
it's less than 5 dollars.
1354,1006,1540,813,1050,1423,869,819,821,1041,995,1204,738,1212,1024,975,1046,902,1369,1376,1371,750,958,828,1397
762,791,832,857,1030,812,770,863,856,1024,791,865,865,974,1019,727,1033,860,775,867,876,865,780,862,959
can you speak louder please.
945,739,1221,1015,1056,1394,1281,1034,832,1459,880,752,1298,1025,1399,1408,1271,894,883,937,1040,1469,1393,880,739,814,875,1437
920,836,935,1017,770,724,760,1021,852,742,767,863,856,1015,857,729,753,857,770,767,1020,747,830,775,843,867,783,944
who's that man over there.
776,1176,1370,1474,803,1021,994,1186,728,982,1028,1278,727,1207,1021,1366,1005,852,937,1028,1014,1172,856,948,847,1396
761,834,744,843,850,1015,791,848,853,788,1016,909,853,928,1016,756,942,781,775,1026,802,855,780,789,781,934
take this medicine.
do you have enough money.
1005,724,1322,877,1024,1007,1201,1305,817,1034,1293,854,879,1319,941,1313,1208,865,1476,1658,888,1452,1029,1081,1447,1297,1030,1194,743,1027,877,1020,866,1198,1408,1255,1025,1167,1022,1312,1382,1187,868,1161,1402
797,843,853,785,1023,789,842,766,848,1023,922,776,872,758,960,775,909,779,921,788,862,750,1033,771,733,764,1012,841,844,939,787,1020,771,942,723,752,854,865,1027,919,770,938,785,729,915
i don't have enough money.
1329,1031,881,1396,1210,1565,977,1036,1196,716,1024,864,1028,856,1167,1390,1242,1017,1152,1025,1272,1367,1179,861,1131,1439
743,1036,857,753,923,866,781,1022,839,844,938,790,1029,787,934,741,759,865,872,1060,904,755,924,791,758,910
when do you get off work.
760,1164,830,1163,1016,854,1356,1009,1071,1340,1202,1014,1025,845,1017,1038,1318,959,956,1022,784,1325,936,1290,1411
772,840,779,930,1036,864,753,1042,775,745,768,1038,895,773,786,1027,751,856,848,1034,757,766,778,864,989
how long does it take to get to georgia.
1190,1429,784,1027,1452,1431,1213,1054,1040,876,1431,886,813,1024,1355,1019,1055,1028,739,1346,885,1038,1022,1427,1037,1071,883,1057,1050,1039,1441,1051,1062,875,1424,958,1039,1366,723,1473
860,774,759,1021,880,763,946,877,1044,883,782,767,849,1047,770,773,1036,788,856,866,775,1028,760,769,1030,880,789,799,1032,793,756,1033,881,778,774,772,849,705,825,986
i'm not afraid.
1357,1537,1310,1039,1214,1415,1009,1061,752,980,966,735,1326,881,1468
704,797,946,994,923,764,757,999,812,826,735,796,769,835,905
i have a headache.
1402,1060,1240,742,1044,869,1042,741,1039,1255,873,737,884,730,948,1238,874,1450
771,993,865,816,925,734,1006,815,1006,853,741,818,845,815,920,868,763,963
not yet.
i can swim.
1242,1456,1025,1061,1137,865,1033,1505,1724,1416,1048,965,740,1280,1037,847,821,1385,1340,1508
953,787,758,999,785,726,729,949,857,734,1024,909,796,925,1003,824,721,778,904,920
the food was delicious.
1008,1169,860,1028,965,1348,1350,894,1023,816,723,821,1030,893,880,1375,1291,953,1298,1393,1243,840,1402
736,847,732,1015,830,769,776,833,1002,749,809,831,1015,835,764,872,777,933,786,739,755,843,961
i'll pay for the tickets.
1388,1536,1442,1443,1043,1493,757,1092,1077,989,1443,969,1063,1061,1242,894,1069,1062,1377,967,1367,917,1076,851,1438
750,866,868,863,1003,766,822,771,1023,885,774,772,1014,792,844,769,1020,779,777,940,859,758,777,824,971
there's a book under the table.
1028,1216,866,970,865,1519,816,1052,729,1036,1089,1404,1407,1331,1036,1266,1233,885,875,941,1035,1026,1185,869,1049,1032,726,1117,1392,860,1425
800,881,782,778,768,875,837,1026,816,1013,948,793,805,859,1025,740,921,844,752,760,1002,773,847,747,1009,776,810,956,843,741,978
i'd like a room with two beds please.
1370,1533,881,1047,1414,1351,1343,855,1041,736,1044,936,1386,1385,1284,1042,816,1322,1024,1161,1048,1032,801,1375,1045,1079,862,883,819,1038,1464,1395,877,726,825,868,1453
751,861,837,1023,831,769,862,746,1015,816,1006,743,761,768,937,1015,754,771,776,851,1025,786,769,771,1023,953,749,866,837,1042,766,842,740,805,845,754,920
i don't have time right now.
1387,1046,882,1395,1242,1525,1009,1057,1231,751,1051,897,1038,1056,1336,1315,889,1037,969,1369,1069,1242,1026,1061,1254,1454,837,1484
753,1029,851,788,914,854,779,1019,863,846,949,780,1045,800,801,897,774,1017,780,791,891,863,783,1043,911,773,781,920
his family is coming tomorrow.
1224,1362,871,1055,994,769,1334,1370,1470,1122,1106,1384,880,1061,971,1439,1344,1358,1268,1092,1074,1058,1439,1352,1438,994,990,1437,852,1485
868,777,850,1028,868,847,903,753,862,789,1030,794,837,1024,962,801,904,784,906,863,1038,783,787,934,794,777,781,789,794,958
how was the movie.
1272,1488,847,1067,866,733,866,1061,1074,1263,929,1076,1333,1446,1063,1369,934,1472
846,771,763,1010,761,828,840,1024,798,855,791,1021,923,789,939,779,780,961
is there a nightclub in town.
1425,880,1061,1071,1275,921,1017,921,1067,789,1062,1259,1342,1070,1221,1047,994,1416,1276,1141,1077,1314,1224,1069,1057,1398,838,1229,1461
788,838,1017,805,867,788,799,780,1028,838,1037,936,806,873,873,780,959,841,803,962,1038,811,928,1039,805,788,767,939,933
why are you laughing.
857,1208,1124,1112,773,998,907,1102,1168,1404,1288,1092,1436,801,1285,1096,1189,1314,1215,1090,1453
757,888,803,1028,840,783,780,1018,804,790,812,1021,886,842,786,866,888,812,933,865,980
the tv is broken.
1053,1236,921,1081,1064,1069,1093,1363,897,1076,1122,984,1430,1363,914,1256,1454
770,873,772,1020,779,942,1057,793,847,1025,968,760,810,869,767,945,954
it's really hot.
1386,1063,1566,862,1087,947,863,718,1417,1418,1091,1089,1197,1413,1010,1456
781,775,875,842,1033,757,747,801,809,825,772,1021,850,772,759,928
i need to go now.
1383,1047,1232,831,829,868,1047,1002,1364,1057,1079,1376,1058,1219,1401,798,1456
776,1001,931,726,734,835,1004,747,786,1006,868,797,1017,926,785,747,935
do you hear that.
when is your birthday.
890,1419,1055,1102,1416,1296,1060,1210,881,741,959,1057,1053,1212,768,1052,1431,1604,798,1199,883,1216,1060,1337,860,1059,1137,1414,1298,982,1091,1139,1347,988,1069,1207,937,788,1178,1412
848,773,1007,759,757,781,995,844,752,816,755,978,773,850,828,767,897,811,733,853,749,936,1001,770,844,990,775,750,772,743,988,924,763,737,742,847,840,816,767,971
i don't have a girlfriend.
1443,1117,947,1488,1327,1634,1078,1122,1348,841,1122,964,1115,832,1113,1151,1398,1054,1513,1078,1053,1421,967,1310,978,1538
750,987,797,768,911,844,732,975,834,811,899,748,999,821,988,854,766,739,829,842,742,764,731,925,823,917
do you know her.
it's too late.
1002,1574,1147,1205,1517,1403,1169,1454,1338,1522,930,1160,1320,1005,1085,1552,1709,1464,1154,1637,956,1164,1142,1540,1539,1160,1543,891,1154,1015,1570
813,738,1001,774,773,799,1002,857,947,785,752,1000,864,774,770,919,830,776,773,852,844,1007,776,788,788,1002,847,816,781,761,925
there has been a car accident.
what time are they arriving.
1147,1351,1001,1090,1002,1168,1347,872,954,1154,1218,1001,994,1327,1149,883,1158,1077,893,1106,1158,1089,1094,1085,1432,1051,1035,1412,1181,1586,1784,963,1372,909,1167,1199,1165,1461,1417,1048,1199,926,1116,1032,1199,1196,1308,1038,1327,1191,923,1105,1105,1424,1169,1437,1327,1190,1548
773,876,771,771,760,1002,872,843,824,1009,937,750,757,944,1017,837,1011,915,833,771,1017,904,905,921,805,848,765,952,771,953,816,763,866,841,781,1015,779,814,927,774,1016,852,777,777,1012,784,861,770,793,1013,855,766,770,793,924,786,951,849,901
i'll take that one also.
1420,1601,1512,1509,1153,1144,884,1421,1005,1154,1152,1281,898,1146,1163,1454,1295,1000,1157,889,1468,961,1461,1501
774,849,841,844,1022,789,855,868,780,1020,795,866,864,796,1036,795,946,785,1029,861,866,859,781,945
how far is it to chicago.
you have a very nice car.
1300,1499,927,1149,1092,873,1060,1150,1422,957,1156,1457,1126,1160,1131,1524,1163,1075,1333,1451,1081,892,1180,1528,1539,1696,1229,1511,1397,1198,1310,912,1190,1047,1180,923,1167,1175,1030,1108,1294,1165,1313,1397,1095,1037,1167,1092,918,1117,1517
875,767,762,1007,854,863,771,1025,787,846,1032,801,803,1036,793,780,1041,923,871,794,943,871,870,778,912,818,754,743,760,1028,838,844,943,786,1032,847,1036,959,783,758,735,1016,923,768,939,772,1023,957,842,772,930
stop.
you're very smart.
977,1172,1529,1577,1559,1746,1234,1526,1404,1626,1118,1026,1197,1164,1039,1114,1360,1204,994,1394,915,1125,1203,1574
840,792,747,783,964,813,793,759,774,835,772,774,1039,941,789,773,770,1041,858,900,862,778,797,927
have you arrived.
1317,931,1205,1056,1196,1276,1502,1386,1211,919,1131,1125,1405,1192,1039,1053,1513
833,851,951,795,1036,780,741,769,1039,857,769,770,786,928,756,866,931
i'd like to go to the store.
1483,1659,1078,1205,1549,1465,1478,1060,1200,1210,1517,1214,1241,1229,1233,1223,1580,1252,1223,1404,1100,1256,1055,1272,1585,1183,1101,1606
770,867,855,1036,833,806,875,760,1026,788,788,1024,868,1023,1031,788,811,1036,802,813,768,1029,858,803,787,781,784,993
why not.
i'll have a cup of tea please.
989,1402,1251,1223,1378,1561,1152,1561,1715,1467,1612,1543,1536,1182,1323,926,1175,1039,1177,922,1179,1114,1369,1561,1175,1495,1141,1178,1204,1058,922,1199,1568,1490,1045,890,984,1033,1576
754,866,788,1034,951,808,772,960,853,781,878,871,878,1020,883,840,952,786,1035,855,1046,961,812,794,1046,792,870,1040,818,784,836,1040,791,869,769,822,852,758,978
i still haven't decided.
1508,1184,994,1184,1497,1602,1599,1202,1370,910,1210,1038,1349,1679,1184,1212,1073,1032,1128,1462,1132,1050,1070,1643
725,1027,866,792,790,835,839,1035,846,843,933,786,953,840,793,1039,868,773,958,796,945,791,889,963
when i went to the store, they didn't have any apples.
1007,1362,1054,1353,1197,1490,1210,989,1054,1338,1205,1194,1205,1536,1214,1218,1352,1054,1206,1022,1240,1517,1129,1064,1460,1222,1205,1307,1054,1301,1203,1075,1429,1069,1329,1641,1209,1231,1310,926,1236,1051,1210,935,1326,1280,1217,928,1549,1549,1477,1053,1002,1527
807,873,809,983,1037,780,1037,789,788,927,780,1028,779,775,1034,790,866,769,1038,840,798,773,783,772,945,1043,793,868,775,761,1038,873,797,864,959,866,773,1044,876,846,964,770,1037,868,958,801,1047,852,795,801,872,775,860,996
the book is near the table.
i can swim.
1191,1348,1051,1219,1271,1528,1521,1459,1195,1457,1009,1212,1352,1068,944,1147,1212,1236,1331,1077,1219,1215,954,1301,1523,1080,1551,1757,1473,1213,1149,943,1364,1206,1010,998,1468,1434,1610
779,878,779,1036,985,796,818,878,1039,768,857,1039,950,780,870,794,1025,814,863,788,1036,809,869,961,843,779,996,831,771,1035,936,849,955,1028,860,765,814,953,963
is there air conditioning in the room.
1461,1019,1200,1196,1356,1074,1158,1070,1215,942,1481,1147,1214,1124,1524,1366,1092,1443,1233,1436,1512,1346,1436,1349,1240,1229,1423,1350,1230,1225,1321,1080,1221,1247,1588,1604,1496,1658
809,856,1048,797,870,799,799,789,1022,862,805,790,1042,967,808,950,866,813,792,818,825,947,808,944,869,1044,810,945,1052,792,868,784,1061,1033,808,822,1006,1034
let's go.
did you come with your family.
1554,1009,1167,1649,969,1198,1191,1514,1528,1691,1053,1465,1056,1189,1210,1525,1414,1207,1108,1515,1435,1047,1192,956,1467,1165,1345,1187,1251,1525,1409,1123,1211,1155,925,1429,1441,1549,1246,1551
829,784,766,858,845,1019,865,796,950,835,861,808,861,1033,794,781,811,1040,945,808,922,791,1028,777,797,795,904,1039,818,782,807,790,1042,884,862,952,780,877,800,963
i need some tissues.
i'll tell him you called.
1510,1197,1374,1021,1018,1052,1191,1001,1518,1434,1040,1195,1186,1438,996,991,1385,1040,988,1560,1723,1463,1619,1558,1554,1182,1172,1032,1538,1535,1188,1274,1423,1391,1188,1251,1488,1396,1188,1115,928,1493,1490,1035,1061,1502
768,1038,967,771,768,862,1030,874,838,951,772,1025,794,789,874,860,783,761,866,943,844,788,864,871,876,1021,804,784,867,865,1018,885,824,952,1017,795,778,808,1017,931,855,882,890,753,849,971
really.
are you sick.
1108,1040,912,1573,1574,1235,1557,1738,887,1118,1022,1203,1265,1502,1406,1207,1002,1447,1129,1461,1559
771,789,847,895,872,792,988,864,853,790,785,1038,785,777,804,1016,853,796,940,908,967
are there any concerts.
when would you like to meet.
901,1120,1024,1220,1194,1343,1037,1130,1039,1218,917,1323,1274,1252,1112,1461,1325,1129,1069,1137,1226,1026,1520,1662,1009,1345,1070,1349,1225,1006,1518,1406,1519,1085,1220,1285,1512,1400,1230,1581,1510,1515,1073,1231,1202,1566,1227,1454,1067,1095,1227,1579
835,787,796,1025,789,896,781,788,783,1017,857,947,801,1045,947,825,954,935,804,781,790,863,943,844,769,876,790,957,1021,766,786,818,875,849,1036,807,792,828,1009,861,798,916,781,1015,774,785,1009,936,779,774,781,929
that's alright.
1110,1322,873,1136,1533,969,1172,873,1502,1074,1430,1180,1322,1152,1523
748,845,831,756,833,826,1002,826,889,776,784,877,877,772,941
they haven't met her yet.
1146,1357,1007,1373,1178,1348,891,1175,1019,1355,1656,1159,1177,1430,1035,1171,1193,1359,1036,1114,1190,1257,1054,1179,1552
771,866,742,726,1010,842,841,933,767,953,864,777,1026,941,778,784,1021,861,777,773,1006,801,767,753,948
how do you spell the word seattle.
1390,1550,983,1207,1068,1544,1196,1255,1555,1450,1201,1010,1629,1062,1607,1596,1212,1206,1381,1067,1214,997,1532,1146,1091,1215,1024,1075,941,1212,1210,1548,1074,1567
871,781,771,1004,863,785,1015,783,767,780,1016,848,766,774,806,838,1021,798,872,782,1022,775,809,773,860,1024,873,790,851,793,798,887,788,987
from time to time.
that smells bad.
1135,1136,1560,1485,1203,1205,1507,1481,1059,1207,1184,1598,1218,1205,1519,1467,1067,1594,1759,1193,1381,929,1191,1229,1027,1445,1066,1570,1566,1008,1216,1272,947,1089,1585
867,776,822,943,1011,787,823,948,781,1021,785,812,1034,793,823,940,769,935,858,793,878,856,791,1045,864,944,780,863,868,857,1040,956,834,863,944
he doesn't look like a nurse.
1387,1059,1219,1086,1552,1073,1025,1396,1667,1184,1229,1560,1558,1551,1493,1209,1600,1512,1504,1044,1197,930,1189,1360,1435,1111,984,1040,1541
871,759,1016,882,796,762,858,947,878,773,1027,885,750,782,874,1017,865,777,923,765,1030,845,1039,973,770,772,849,768,998
i like italian food.
there's a book under the table.
1478,1189,1531,1439,1452,1004,1123,1446,1161,888,1519,1446,896,1357,1168,1118,1494,1498,1028,1509,1666,1159,1325,1011,1113,1008,1581,963,1167,889,1169,1229,1488,1490,1424,1165,1347,1326,1038,1018,1095,1175,1177,1308,1034,1184,1175,922,1294,1493,1028,1519
800,1013,842,787,882,777,1002,791,788,841,846,793,847,942,1015,866,795,801,866,938,838,794,864,789,790,781,855,841,1016,857,996,941,799,803,872,1019,802,946,856,774,781,1015,804,862,781,1021,792,849,935,851,781,915
do you have a girlfriend.
547,1169,898,971,1204,1010,905,919,383,622,515,924,383,887,615,1069,580,1145,603,589,1054,498,954,546,1223
609,482,755,491,485,479,767,591,629,716,550,803,635,818,607,449,521,581,614,527,491,505,675,612,717
what do you think of these shoes.
425,930,390,640,919,520,1137,904,932,1155,959,888,614,892,1030,904,1056,911,1132,565,897,632,895,477,444,483,893,446,899,1105,479,440,1199
517,589,589,509,784,595,508,740,415,406,385,745,478,541,436,610,531,768,470,557,770,498,566,484,580,482,770,575,575,467,482,567,705
who won.
i'm not going.
421,919,1124,915,420,1115,913,1212,1478,1064,1373,1074,944,945,1134,632,947,657,1237,1126,1007,655,1311
489,574,473,737,486,491,618,738,554,483,615,660,734,601,447,478,750,548,410,410,537,539,688
it's a quarter to 7.
1069,663,1352,455,962,384,972,391,1004,394,599,673,526,617,951,670,1181,940,915,1270
459,487,592,568,756,570,744,492,464,568,483,479,473,477,762,478,480,759,326,661
i have a lot of things to do.
1073,933,943,413,636,537,943,420,947,1116,1129,663,936,1162,673,930,678,921,1064,944,719,495,935,697,1161,927,595,1151,1244
484,737,517,575,647,483,719,579,719,534,440,479,744,471,577,757,499,559,454,652,593,581,766,501,473,763,586,483,751
i like italian food.
1086,947,1211,1076,1131,517,984,1114,671,437,1181,1097,422,980,954,639,1168,1164,575,1240
454,736,585,453,583,517,795,477,517,587,597,484,588,704,826,590,507,522,595,772
i want to buy something.
1071,956,490,441,962,693,955,695,1175,948,766,1005,866,972,493,1146,1005,535,691,952,1089,964,731,1263
501,759,507,595,656,507,791,514,498,761,686,502,479,795,581,442,623,504,496,555,447,638,568,689
do you want to go with me.
599,1195,978,974,1228,1024,955,496,444,976,707,946,652,1168,931,732,1192,940,482,1096,703,933,926,1032,542,1259
598,490,725,464,474,453,748,524,599,673,510,769,492,445,761,598,436,744,499,453,500,566,764,637,496,741
where would you like to go.
where are you going.
453,926,516,609,520,923,449,1128,984,1142,572,917,923,1173,961,905,1133,1020,1063,523,945,658,1176,932,703,1184,1250,1561,414,944,473,547,461,929,390,586,503,928,946,1199,994,906,663,1159,1064,932,667,1238
506,618,496,491,483,771,496,504,469,615,563,781,479,469,454,762,587,472,588,508,730,481,432,721,569,428,735,568,442,542,458,445,438,753,558,448,446,732,442,450,440,762,576,464,441,607,551,703
how much does this cost.
901,1109,378,933,1005,914,531,865,873,479,1116,445,406,934,599,904,1039,422,917,540,1116,407,608,1220
589,476,502,798,662,481,676,606,790,613,491,518,623,803,522,583,480,595,811,679,506,595,525,814
does anyone here speak english.
490,1128,458,418,922,344,954,882,1136,920,448,927,947,430,508,442,922,441,1197,483,361,1054,926,465,918,664,1118,1037,431,880,1272
614,510,540,626,801,626,707,491,506,681,532,797,547,492,506,491,800,599,493,505,594,587,827,502,667,567,581,502,580,603,764
the book is in front of the table.
614,906,447,902,677,1090,1091,988,889,1012,407,887,1021,884,879,579,553,1058,906,637,898,1072,586,896,622,873,476,905,625,367,680,1107,479,1231
474,591,463,782,658,506,504,580,797,502,569,801,496,649,801,581,511,511,644,492,788,503,568,772,500,589,492,800,503,575,664,572,494,818
this is mrs. smith.
i wish i had one.
631,894,1024,440,887,1038,424,919,981,552,474,425,961,444,1034,1096,647,926,1267,1551,1027,903,376,1043,372,847,881,1038,873,857,319,451,887,1073,873,423,1155
491,579,478,540,773,481,560,776,640,505,504,559,796,570,649,472,508,576,701,614,503,762,458,435,528,561,723,426,744,560,550,542,760,466,613,481,747
how are you paying.
910,1131,391,916,342,531,915,924,919,1164,965,885,1191,362,815,1034,901,628,1226
599,471,498,766,562,497,760,820,453,418,404,747,457,567,438,418,617,554,704
is there air conditioning in the room.
1045,435,908,593,911,459,541,458,896,358,1052,525,447,900,539,1114,905,508,1024,611,1023,1107,881,1006,884,648,911,1020,896,640,892,491,881,574,1100,1109,941,1213
423,574,696,498,521,495,499,483,712,568,432,496,477,719,630,446,572,573,443,486,442,439,588,444,586,545,742,447,588,465,545,455,751,473,462,455,615,796
i'm going to go have dinner.
1036,1298,1062,962,659,1115,1031,919,668,932,628,1113,920,658,1115,911,977,395,628,506,953,548,1089,947,964,497,575,1267
467,583,695,785,560,505,500,629,565,795,492,506,777,580,509,775,523,561,635,502,763,571,461,628,637,509,482,763
why not.
do you want to come with me.
445,942,908,942,969,1176,694,1259,1486,531,1142,924,949,1173,995,910,434,388,937,655,931,649,1190,935,593,1154,985,512,890,422,1045,620,881,881,987,471,1205
514,576,477,765,657,481,489,740,632,563,505,740,476,455,458,746,494,552,664,478,781,478,471,772,638,478,622,506,754,463,445,469,540,737,614,465,705
will you pass me the salt please.
401,1067,1187,1172,946,973,1205,983,903,1283,353,429,438,952,1024,467,954,614,940,474,950,438,374,1185,621,949,1243,1162,481,389,465,498,1278
469,424,524,532,726,405,392,386,706,431,571,560,568,713,605,503,726,481,518,471,733,552,576,520,469,749,448,552,498,578,595,485,704
they arrived yesterday.
644,934,499,887,881,398,574,571,1081,666,499,531,946,914,510,471,670,511,599,571,418,870,1305
496,553,483,466,739,577,501,502,471,653,500,570,769,469,506,573,501,495,501,563,583,435,729
i think i need to see a doctor.
1080,935,673,942,1094,963,1096,971,1095,949,967,509,511,539,963,677,1168,941,502,560,563,945,438,952,578,1177,617,707,1173,632,1317
473,771,501,555,438,620,540,780,454,773,655,505,504,571,786,511,474,762,583,515,521,784,587,787,578,481,673,504,483,526,751
it's 8 45.
i made this cake.
1089,676,1361,489,978,1031,938,602,703,1280,1544,1138,975,1042,394,526,495,976,632,936,1062,452,949,583,409,1088,499,1307
482,492,606,572,765,315,771,376,366,868,612,371,744,647,563,553,485,764,480,549,450,541,758,629,590,541,479,702
i'm very busy.
1116,1392,1098,1037,688,541,589,912,902,743,1002,476,844,1272
397,482,595,737,618,522,490,439,719,649,425,559,414,593
who are they.
never mind.
447,943,1167,954,404,595,516,964,649,957,506,894,1267,1566,946,504,658,517,605,957,1053,1124,991,566,1301
464,548,430,724,526,463,448,726,462,548,454,426,645,616,631,479,604,480,456,782,632,448,622,528,681
you look tired.
tell him that i need to talk to him.
1000,1216,1013,936,1212,1213,1213,1097,971,713,1100,641,547,589,1282,1533,691,549,1205,1210,999,994,1137,1063,1011,676,994,466,693,994,1136,995,993,545,542,566,1006,688,1211,985,692,453,1221,1118,992,707,1228,973,978,1129,1074,1293
427,415,401,713,554,433,427,551,759,444,430,445,437,521,735,618,461,453,559,562,742,545,441,619,761,475,564,530,471,757,463,759,637,464,464,525,769,462,461,751,465,517,556,569,772,466,474,757,561,448,635,708
this is very important.
683,974,1106,498,975,1103,494,999,695,537,621,910,894,1131,1063,1267,1174,624,687,447,1019,690,1344
466,540,443,521,727,416,531,751,627,479,465,442,705,428,577,450,455,473,466,527,641,463,685
when does he arrive.
maybe.
461,940,534,951,962,567,1187,526,499,978,949,547,966,437,619,619,1096,730,530,1318,1650,1114,427,960,770,540,1373
463,562,454,630,772,537,467,466,533,767,567,448,769,541,474,469,467,624,462,690,588,628,538,428,665,483,721
he's coming soon.
1001,508,1432,465,1005,622,1189,1031,1114,997,723,1003,487,1193,1192,982,1303
579,460,555,532,775,621,463,604,463,603,541,782,548,467,464,618,775
does he like the school.
577,1199,543,495,1016,990,545,994,1205,1117,1141,529,969,673,964,533,958,484,621,957,1170,1167,1233,1293
545,475,480,543,775,569,477,769,534,468,540,446,735,468,522,444,743,534,606,527,410,424,552,785
what's your name.
those men are speaking english.
478,978,451,694,1362,495,977,996,1217,1039,617,967,969,422,1052,533,1290,1616,683,983,1186,498,541,986,1084,528,1001,986,437,620,547,992,500,1256,543,436,1109,1113,991,700,982,547,978,721,1163,1083,506,937,1312
468,547,528,467,580,526,732,455,432,428,479,737,601,537,633,464,719,579,479,548,447,528,469,741,603,465,658,771,533,477,457,751,525,422,465,535,550,466,630,524,784,444,639,504,555,449,520,562,733
what's the exchange rate for dollars.
472,995,433,684,1416,490,1000,674,965,529,958,555,559,623,976,454,972,728,560,967,623,440,695,542,969,663,1166,635,974,569,1170,1171,1169,439,621,498,1262
474,558,524,465,564,538,732,458,517,445,745,473,608,588,514,561,612,540,474,756,481,536,482,460,762,550,450,486,774,536,461,562,564,563,471,552,751
one ticket to new york please.
1167,983,518,963,674,1099,625,1082,527,670,965,679,1180,958,961,531,482,954,967,1165,653,1108,965,1229,1171,544,444,526,557,1474
467,621,482,775,481,463,621,537,479,469,769,476,479,765,654,473,481,785,485,454,480,556,786,486,556,487,573,569,486,829
there are some apples in the refrigerator.
688,1001,542,619,545,987,443,625,556,997,488,1118,978,523,967,430,1252,1249,1220,516,488,1024,1145,1010,1012,670,987,511,1001,595,515,642,610,1136,718,534,618,433,686,1212,627,1338
489,599,486,490,476,783,555,484,468,796,533,444,609,470,771,557,443,436,556,469,544,773,459,608,777,474,558,472,778,481,469,552,485,459,546,470,474,547,478,454,466,770
it's less than 5 dollars.
not yet.
1104,675,1379,493,1005,1216,531,496,503,1001,684,990,450,1004,985,687,966,592,1152,1156,1147,446,627,513,1280,1593,976,1157,696,972,925,538,690,1377
453,485,593,557,756,548,481,568,573,770,488,563,550,663,788,340,764,553,464,532,555,569,477,567,771,596,673,486,478,772,466,466,454,753
will you put this in the car for me.
i'd like a room with two beds please.
465,1086,1170,1157,949,978,1192,1008,943,1247,1008,680,947,678,955,1102,495,961,1110,979,942,674,970,969,610,605,422,608,958,660,1155,623,954,1100,504,1345,1632,1154,1432,594,1047,1226,1131,1156,543,1025,458,1036,621,1229,1229,1151,1073,498,1153,709,980,982,709,502,1212,999,767,543,588,507,1005,1295,1212,556,448,546,574,1384
479,474,539,553,751,473,441,432,748,482,465,468,747,468,552,442,541,750,445,601,747,460,520,749,590,640,563,463,738,553,426,475,765,666,442,764,618,458,585,543,750,550,454,565,469,774,550,764,473,468,471,727,827,452,440,447,553,743,448,450,448,738,618,462,535,535,789,445,560,464,545,582,462,772
have you ever had potato soup.
how much is this.
1031,444,692,563,1018,1049,1299,1103,994,557,700,552,637,1012,1001,429,564,993,1262,1163,670,435,676,1212,1028,498,1183,1024,1278,1337,1557,987,1204,479,1019,1078,1032,638,984,973,1135,498,995,672,982,1121,497,1311
552,534,620,466,735,462,444,431,732,476,609,487,485,734,557,550,532,747,452,455,477,538,474,449,770,531,402,397,417,752,602,575,454,477,772,623,463,620,601,770,468,538,773,475,548,441,532,724
he's coming soon.
1008,535,1419,489,1040,625,1234,1076,1149,1035,727,1030,527,1212,1211,1043,1359
591,491,612,554,771,633,485,633,482,657,557,794,564,487,483,665,792
are you free tonight.
455,646,567,1042,1070,1299,1107,1016,680,637,566,569,1053,707,1218,1010,1124,753,987,730,1328
561,483,473,741,493,476,466,752,575,502,500,498,755,465,459,638,463,537,559,474,715
is your husband also from boston.
1134,516,1008,991,1187,1015,620,986,968,1003,502,752,453,967,576,977,451,1212,517,1235,1023,649,626,1189,1046,1007,783,1186,515,695,1187,1005,1311
468,557,760,449,435,439,469,769,546,452,565,648,589,635,554,775,567,553,551,441,766,578,510,446,626,801,674,462,580,499,457,646,733
they're waiting for us.
624,896,454,843,1332,527,448,925,400,363,1033,611,1024,904,670,944,576,1119,548,934,918,434,1238
477,580,473,478,592,483,473,777,488,558,479,470,480,645,561,794,546,419,452,733,438,541,707
good luck.
where is my shirt.
663,1128,1138,512,932,1116,982,603,1086,1270,1560,442,995,513,587,509,980,1131,475,1002,1093,936,990,465,956,1085,587,658,1312
544,475,472,526,765,558,457,634,549,767,603,492,577,492,469,462,759,459,545,767,617,439,765,552,560,440,477,462,776
i thought he said something else.
1063,926,654,909,1131,965,727,900,679,914,904,550,934,520,452,1050,597,957,518,1127,1001,550,717,922,1046,952,751,971,573,1147,547,579,1291
443,817,531,588,482,477,619,595,519,802,601,503,799,615,606,468,568,830,595,487,671,520,496,601,464,663,579,816,501,572,591,498,769
i'd like some water too, please.
1109,1422,581,1004,1182,1082,1116,569,987,543,1184,1039,574,996,520,491,739,586,661,984,746,1152,1144,1205,1008,1274,1205,604,494,578,612,1388
449,583,577,753,549,469,576,510,779,588,465,624,504,797,506,588,505,500,496,822,502,500,500,724,833,499,593,489,585,596,480,755
nonsense.
i'll tell him you called.
998,1165,980,527,578,1007,541,586,1276,1559,1090,1438,1240,1236,1027,711,576,1235,1226,1016,998,1139,1092,1043,1004,1228,1033,969,667,480,1210,1203,591,616,1409
650,475,664,579,497,694,577,500,743,640,513,625,612,617,782,505,510,595,607,783,589,486,679,811,519,503,501,787,639,595,570,582,496,571,770
this room is a mess.
728,1032,1163,554,1044,665,1238,1233,1108,1051,1179,578,1045,505,1058,1150,598,562,577,1404
512,579,483,581,774,516,495,500,670,808,486,585,787,594,812,653,505,585,587,769
is there air conditioning in the room.
i'll have a cup of tea please.
1161,572,1033,715,961,550,628,554,954,462,1084,640,1005,628,1170,969,581,1099,700,1088,1169,952,1071,949,744,990,1099,996,1015,747,958,590,967,655,1231,1229,1122,1389,1648,1144,1436,1231,1209,1048,1036,493,736,604,1042,506,1040,675,1075,1350,1022,1246,728,1033,752,614,504,1051,1309,1239,611,512,608,640,1392
492,587,764,450,562,445,449,433,773,540,469,437,771,592,444,601,515,444,440,457,438,615,450,600,506,781,433,633,775,440,543,428,774,423,397,389,622,716,559,441,559,596,618,766,566,531,607,454,791,541,798,599,503,467,790,476,534,779,443,453,528,789,473,586,460,533,572,457,761
i'm just kidding.
1210,1465,1214,1119,1140,1141,589,779,1100,1179,1152,633,625,1160,1065,791,1327
444,552,663,772,563,471,553,461,766,561,450,549,558,426,644,535,715
i'm a size 8.
can we have some more bread please.
1176,1467,1190,1107,506,1094,572,1208,564,612,1083,1114,1414,1669,711,538,1119,1101,585,655,1102,1070,530,779,639,1097,606,1268,1179,642,1119,1178,1303,717,648,1115,844,731,666,541,678,1118,1357,1306,655,547,621,666,1453
458,571,693,810,561,806,555,473,655,517,786,311,657,599,618,566,647,770,501,481,770,578,550,639,466,783,533,458,662,474,807,663,461,463,465,792,621,481,473,563,559,791,477,563,472,576,570,482,726
what do people usually do in the summer in los angeles.
582,1095,536,791,1083,685,1284,1074,1353,627,1325,1415,1342,615,1106,1099,544,1105,506,1298,1283,1013,1042,637,1256,1048,1189,1066,1048,748,1024,613,1049,578,1062,1178,1181,611,681,1096,1229,1095,1084,1284,1287,595,1084,517,1070,775,609,1251,611,572,1347
485,560,549,472,775,536,491,762,491,459,419,427,545,451,760,415,539,404,533,555,564,443,762,534,458,744,443,657,780,452,563,447,772,532,456,622,642,470,453,780,448,673,791,563,482,519,777,536,599,530,469,538,464,524,731
i'm tired.
john is going on vacation tomorrow.
1200,1449,1217,1129,735,1206,663,596,626,1348,1601,1120,1275,772,1058,1051,1189,558,1059,752,1247,1161,1048,766,1062,1249,1048,1055,758,497,663,502,733,1155,1247,1048,1067,732,1267,1103,1247,674,668,1247,512,1389
444,538,678,799,460,467,469,472,540,742,602,572,482,525,579,806,443,541,782,544,466,461,655,541,801,481,669,810,633,544,612,563,470,442,417,635,785,478,448,616,459,481,478,459,476,723
which road should i take.
that looks great.
539,1075,1229,685,1062,1062,665,1288,496,631,1075,561,1074,1282,1135,1342,639,1106,1215,1072,746,512,1240,613,1408,1675,753,1024,505,754,1048,1288,1292,1288,1218,571,1095,775,686,610,510,770,1372
482,550,441,615,588,754,482,455,552,542,752,539,548,450,432,576,529,769,450,767,471,544,544,468,713,603,477,555,539,475,763,556,468,455,580,558,791,557,488,490,559,489,689
that's not fair.
i've worked there for five years.
749,1084,506,750,1483,562,1082,1092,1271,751,1083,689,503,1211,683,1373,1627,1230,1501,758,612,1102,551,1286,704,1209,619,657,1088,785,1069,640,721,643,1073,770,1290,721,1097,743,1152,771,604,1045,996,615,502,696,557,1389
474,554,534,469,579,539,770,645,468,480,788,541,555,451,478,698,612,469,581,637,490,774,497,471,488,571,468,541,782,486,573,482,485,473,786,563,463,480,808,547,435,652,485,752,419,486,563,482,548,732
i'm here on business.
i have two sisters.
1149,1427,1202,1114,1042,594,676,595,1034,1241,1054,1039,822,1090,566,1140,1031,610,587,603,1319,1667,1138,1030,1022,499,753,615,1041,772,561,1247,1034,585,1141,584,762,608,673,581,1346
428,527,662,790,550,484,479,465,757,458,665,801,642,457,549,443,649,480,545,555,714,620,479,757,581,553,620,482,765,481,483,473,772,548,481,547,483,481,482,541,742
i'm good, and you.
1162,1435,1190,1093,760,1270,1265,639,1250,1089,489,1047,626,1046,1043,1258,1080,1416
449,541,652,783,539,468,474,548,679,776,545,654,522,800,445,418,418,699
what time are you going to the bus station.
525,1065,507,749,1067,743,1195,1122,601,1088,480,659,593,1037,1050,1282,1077,1021,776,1250,1154,1028,768,1040,742,1220,1019,730,1004,594,1030,809,1045,575,1059,574,730,509,738,1175,1262,1062,1350
480,596,531,466,793,468,480,656,463,737,525,459,448,745,454,425,430,741,545,445,425,617,522,767,461,446,742,460,556,454,771,637,390,534,751,544,484,551,471,453,429,672,794
how long are you going to stay in california.
1052,1258,557,1061,1242,1258,1052,776,1064,528,698,635,1062,1050,1297,1056,1009,779,1239,1150,1017,788,1056,740,1227,1009,567,759,505,941,1024,1179,1035,1049,704,533,1217,1122,732,1208,706,1031,1143,527,1313
564,449,481,792,560,457,667,542,815,563,481,464,791,444,453,449,757,562,460,440,637,545,780,469,449,780,551,482,545,463,773,445,643,782,629,563,560,472,556,470,481,667,469,554,726
do you need anything else.
666,1257,1042,1090,1325,1112,1012,1066,610,619,646,1055,544,1083,1020,777,1040,1185,1062,805,1082,641,1261,615,652,1422
554,463,750,455,450,446,781,638,480,483,546,806,560,649,442,479,561,443,641,534,810,473,557,556,469,741
i came with my family.
1221,1118,712,555,1180,657,1116,572,1174,771,1037,1054,1146,1031,1059,714,478,1118,1182,1267,957,1406
444,747,619,577,635,475,782,449,412,440,543,774,636,429,775,516,525,643,443,549,427,717
i'll call you when i leave.
1175,1481,1262,1253,1091,696,521,1297,1275,1089,1097,1341,1114,1024,548,1080,605,1118,1108,1263,1092,1308,628,521,773,627,1466
425,521,569,583,755,571,533,531,555,734,433,447,436,737,452,517,443,633,767,419,747,541,449,522,608,457,737
this doesn't work.
772,1120,1273,596,1111,675,1315,627,587,1132,1510,810,1123,581,1301,745,1272,1417
450,550,451,531,753,548,463,474,538,658,601,462,780,469,474,463,578,794
are you going to help her.
540,727,648,1183,1399,1197,1090,1105,779,1286,1185,1066,782,1089,768,1282,1059,1033,632,1300,1342,1058,1060,635,708,1398
560,462,468,473,474,457,758,761,524,426,410,599,518,750,450,422,725,524,459,549,430,739,544,456,448,697
have you finished studying.
have you arrived.
1058,521,752,622,1071,1118,1360,1160,1052,752,1231,1083,1205,594,1061,645,665,1084,611,789,1087,678,1073,1227,1102,798,1386,1656,1107,539,766,667,1099,1125,1350,1142,1052,542,729,726,1236,798,652,675,1475
569,543,618,480,736,464,455,450,754,543,441,633,467,558,551,473,540,770,558,468,468,558,469,445,639,534,668,596,579,560,617,493,765,468,450,443,741,575,487,481,432,622,477,547,711
tell me.
sorry, we don't have any vacancies.
788,657,1347,1343,1119,1253,644,1425,1662,615,1356,760,749,1070,1356,1118,581,655,1098,706,1325,1120,1488,837,1137,1121,575,815,716,1108,579,1133,1071,1070,787,558,717,567,1098,735,1204,678,630,1398
481,489,563,563,789,636,479,790,653,560,491,488,487,462,672,827,495,481,785,552,466,633,609,476,786,576,545,621,489,793,553,667,442,788,625,557,620,568,631,623,460,482,550,670
how many people.
1072,1275,578,1091,1173,543,1093,1039,1024,1378,622,1291,1422,1362,618,1434
551,448,484,764,591,532,621,416,764,415,458,411,423,516,449,754
what are you two talking about.
587,1146,563,806,1137,572,745,676,1113,1187,1409,1199,1090,812,617,1363,1112,823,574,1344,1253,1262,1152,858,1125,577,888,1344,1160,863,1458
472,548,539,460,752,535,466,463,740,463,443,443,741,465,467,457,727,471,534,547,560,452,616,524,762,545,602,450,445,463,735
how long have you lived here.
1121,1346,610,1104,1334,1323,1124,860,1130,1113,592,823,659,1103,1194,1424,1231,1110,1345,1263,816,677,706,1141,1143,690,765,697,1438
564,460,484,765,574,464,645,546,776,571,546,622,466,742,450,424,419,741,534,434,626,487,543,771,549,494,474,481,718
where did you put it.
562,1098,648,715,650,1069,694,1223,694,1062,1147,1364,1155,1052,1421,1156,829,1077,1257,841,1490
484,580,478,476,471,778,544,479,551,777,501,483,479,784,505,505,476,783,459,468,715
what's up.
if you need my help, please let me know.
578,1137,561,810,1517,594,1118,1203,1430,1416,1623,1245,779,1095,1165,1389,1190,1089,1122,671,669,695,1121,1240,1099,1086,1116,648,1376,1443,1396,1159,1430,1389,672,552,628,687,1109,1328,665,812,1114,1202,670,1138,1296,1169,1355,598,1447
482,560,562,462,590,547,792,460,429,738,613,449,553,737,466,449,430,752,637,472,470,534,767,618,425,748,560,449,543,424,742,817,477,569,460,533,533,465,785,545,460,449,778,636,447,792,527,656,478,460,781
great.
please tell her john called.
752,675,599,503,744,1341,1631,1362,1301,603,493,577,620,1062,757,608,1288,1275,1060,1071,597,670,1067,1129,1282,787,1102,1055,694,504,1285,1278,609,642,1383
569,492,512,575,478,789,645,483,617,486,567,568,487,815,480,482,596,618,806,596,486,475,796,568,465,551,694,818,616,569,555,566,484,551,773
on the second floor.
have you eaten yet.
1306,1121,1088,731,1120,597,1089,549,582,700,1227,1051,624,1065,724,1288,1311,1304,685,1357,1630,1117,486,740,609,1104,1132,1370,1183,1073,595,499,743,587,1097,1066,1072,570,751,1404
473,668,798,448,553,443,756,543,469,611,464,673,544,792,546,544,441,447,476,693,583,585,546,599,486,758,454,466,446,749,484,541,471,469,668,802,464,473,468,706
i want to give you a gift.
1225,1086,524,493,1114,754,1105,743,1332,1090,757,1231,766,600,1077,1143,1354,1154,1049,512,1078,772,1246,768,735,1336
435,744,488,552,664,479,798,481,486,775,550,482,627,497,774,488,484,468,774,568,784,543,459,561,473,697
i'm hungry.
it costs 20 dollars per hour.
1210,1475,1243,1166,1101,1207,1162,773,685,1000,1411,1651,1216,775,1104,700,1293,594,771,595,1104,534,1467,1131,663,1334,1368,1349,524,708,586,1116,1403,638,705,1114,1114,1334,1153,733,1410
468,524,664,772,549,447,668,548,484,446,738,593,461,468,765,608,463,575,484,553,762,421,301,732,566,484,587,610,572,488,556,790,494,487,468,781,569,484,476,473,770
no, thank you.
good luck.
1092,1305,1323,1109,773,1090,535,1125,1288,1099,1166,1371,1194,1411,1681,823,1333,1330,660,1119,1339,1167,734,1301,1446
674,473,811,888,477,561,546,685,575,797,488,479,443,741,601,551,486,489,559,767,572,461,631,561,742
happy birthday.
1077,535,1373,1383,1020,1035,861,1212,744,833,1055,690,556,983,1399
576,560,476,478,469,776,663,461,497,485,593,538,551,390,676
excuse me, what did you say.
666,677,750,1058,612,674,1052,1188,648,1306,1085,600,1062,564,815,1064,707,1194,699,1053,1128,1356,1144,1044,606,550,1032,1393
480,637,621,450,561,496,782,648,483,720,872,478,589,545,483,798,552,400,544,711,421,418,407,730,534,561,391,694
i'm waiting for you.
i'd like a non smoking room.
1216,1485,1226,1137,599,550,1257,810,1260,1122,837,1119,786,1321,745,1124,1169,1393,1179,1418,1670,1260,1518,720,1128,1326,1236,1267,658,1122,567,1129,1136,1339,1133,1121,625,1235,1335,1276,1274,1160,858,1131,746,1312,1319,1247,1476
435,551,673,810,480,544,466,471,456,637,538,786,552,459,489,781,465,471,425,735,588,452,575,541,759,545,448,561,466,800,556,797,662,473,655,818,540,675,501,594,488,654,544,775,471,470,466,675,790
is it possible.
1202,625,1081,1232,774,1068,1354,1268,623,628,1218,900,1276,675,1446
488,559,751,448,467,766,471,458,556,561,461,651,530,487,757
is it hot.
what are you thinking about.
1196,622,1067,1223,806,1073,1070,1306,823,1387,1640,585,1107,554,806,1099,557,732,670,1091,1174,1414,1183,1081,807,1115,1259,1121,1276,1272,1135,851,1128,574,906,1329,1146,844,1423
452,564,748,438,484,762,593,461,488,742,620,503,587,562,488,774,554,486,479,772,472,467,448,771,497,569,450,631,556,454,637,549,777,567,627,472,451,487,686
when would you like to meet.
617,1117,693,1111,1103,622,1313,1164,1322,727,1110,1151,1373,1174,1085,1349,1235,1265,680,1110,832,1328,1095,1200,682,684,841,1391
490,570,482,643,792,485,492,479,573,538,753,477,464,439,746,550,455,537,483,776,484,478,762,633,481,489,481,745
i like italian food.
1213,1076,1276,1176,1192,629,1067,1192,785,552,1266,1184,550,1068,1067,783,1295,1295,703,1397
460,742,524,429,529,478,761,451,483,551,535,446,550,670,808,540,466,462,543,737
i don't want it.
do you have enough money.
1101,1011,637,1234,1006,1383,789,1051,553,517,1047,778,1034,1193,791,1317,1646,666,1284,1048,1099,1324,1113,1032,1055,527,805,663,1064,639,1093,1294,1155,809,1041,1036,1155,1302,1095,660,1056,1405
427,710,561,437,618,588,484,768,496,576,643,491,778,453,484,807,642,575,500,751,497,486,466,767,590,577,658,507,772,480,652,489,459,541,578,846,613,446,647,490,450,771
did your wife like california.
700,1184,696,1057,1116,1331,1139,745,1079,576,1260,752,648,1069,1304,1191,1238,653,1099,737,554,1311,1219,776,1300,751,1120,1233,558,1397
568,468,575,745,473,459,440,491,765,501,461,579,486,769,555,481,584,489,816,656,594,574,474,580,482,502,680,483,575,778
excellent.
where is there a doctor who speaks english.
673,677,755,683,1309,1300,683,1134,849,1381,1665,592,1100,681,754,684,1101,1247,642,1086,818,1098,675,755,673,1089,580,1102,727,1322,767,857,1340,783,1110,613,1120,1341,1089,658,1415,722,608,1274,666,1122,725,1130,880,1329,1258,684,1105,1442
486,637,627,500,579,601,510,672,496,766,553,505,578,493,488,473,770,476,560,772,489,583,479,486,464,778,560,784,543,484,635,499,480,498,809,498,597,483,788,562,495,498,559,577,566,806,489,663,558,579,481,570,601,777
do you know where she is.
702,1257,1023,1113,1348,1152,1041,1207,1104,1304,574,1084,584,1075,645,721,639,1061,615,1061,649,1062,1193,597,1382
598,459,804,454,452,429,774,551,659,489,511,799,509,598,491,479,469,823,570,602,487,823,492,566,767
what do people usually do in the summer in los angeles.
586,1073,540,790,1066,716,1296,1043,1363,644,1273,1398,1337,651,1057,1067,607,1084,532,1276,1260,1020,1007,680,1257,1047,1185,1047,1048,779,1027,646,1042,615,1069,1160,1168,660,736,1099,1240,1098,1080,1301,1312,632,1084,568,1095,836,681,1293,675,638,1420
500,579,567,485,790,556,485,775,489,504,471,472,559,493,803,430,570,410,569,538,543,436,757,559,455,754,442,619,782,479,563,490,786,559,454,610,640,498,479,784,447,637,786,579,480,549,796,574,659,558,504,561,497,563,768
i think you have too many clothes.
1191,1066,806,1084,1241,1113,1279,1107,1143,1386,1175,1080,1101,575,831,683,1112,839,1331,1332,1098,1195,602,1141,1091,1087,771,1333,1333,839,1098,685,663,1440
444,737,486,561,445,639,576,772,471,468,443,764,586,563,621,501,769,501,471,464,767,656,559,680,445,796,633,546,437,497,566,486,552,750
the car is fixed.
that's too many.
836,1113,703,1103,798,612,841,1101,1247,670,1093,805,1263,723,717,747,1419,1670,829,1122,602,844,1529,671,1132,854,1355,1346,1138,1247,620,1184,1120,1459
500,583,503,795,643,596,497,785,476,564,800,559,471,628,488,554,774,555,506,578,558,496,603,561,788,486,480,472,785,632,539,685,441,780
has your brother been to california.
do you have any children.
1121,608,665,1106,1148,1369,1173,796,1121,907,796,1352,874,1129,714,808,1109,944,733,732,1130,1115,875,1333,1084,797,614,1302,1222,844,1288,813,1125,1235,628,1378,1632,751,1361,1112,1188,1410,1223,1096,1134,610,865,732,1128,617,1128,1092,1072,796,1095,1220,1317,756,793,716,1167,1434
589,562,545,761,501,489,473,497,775,669,501,486,507,581,497,495,797,659,502,512,684,816,504,496,786,629,582,601,503,580,516,506,701,502,572,738,585,561,480,780,485,474,451,786,529,563,635,496,786,564,645,443,793,640,583,476,543,567,500,514,703,753
the roads are slippery.
i think i need to see a doctor.
843,1109,723,1108,786,1348,610,746,670,1111,605,778,714,1108,689,1332,1248,1390,1377,713,778,1065,1387,1630,1244,1103,880,1107,1252,1120,1270,1125,1281,1109,1126,714,710,747,1117,869,1341,1097,694,739,740,1114,637,1115,723,1268,756,826,1275,768,1381
498,594,484,797,502,504,583,570,575,813,597,507,502,813,581,580,500,513,524,512,495,471,782,626,477,791,500,588,469,661,597,830,477,810,666,508,505,578,824,508,504,800,582,517,519,819,585,822,589,476,648,500,462,490,760
are you sure.
sorry, i didn't hear clearly.
574,734,688,1086,1175,1409,1149,1061,637,1162,731,665,1395,1666,628,1349,750,744,1054,1308,1108,1230,1077,700,1235,700,1102,1481,829,1116,1078,690,577,750,1080,696,1221,606,500,676,1275,999,1318
598,511,516,766,496,485,473,780,578,478,516,519,832,591,580,502,503,503,466,700,858,483,831,566,483,578,654,627,490,803,609,497,569,501,811,645,529,519,590,504,566,429,704
are you going to help her.
sorry, we don't accept credit cards.
408,565,503,975,1023,1257,1036,959,663,1216,1112,976,669,1003,659,1213,965,1009,515,1238,1311,1002,987,521,594,1263,1616,491,1229,589,581,945,1247,1005,443,521,994,575,1205,1000,1363,699,1011,454,613,614,575,1280,717,1020,623,620,555,592,1118,713,1004,618,460,643,599,510,1312
661,553,549,808,548,539,527,832,625,546,524,712,608,844,542,524,835,595,524,600,486,814,597,536,500,770,606,590,486,513,519,463,707,848,504,489,791,577,484,642,632,486,794,594,631,646,511,486,491,806,657,501,494,573,475,492,823,633,602,503,598,598,791
how much is it to go to miami.
919,1134,399,948,1026,933,539,904,916,1080,435,955,1105,617,961,632,1190,953,680,1203,957,652,1195,956,1046,1097,413,1056,1098,1287
633,492,531,836,686,486,666,603,796,477,619,789,461,521,808,519,488,794,610,488,793,512,490,791,649,486,596,678,479,778
where are you going.
446,915,486,544,477,915,367,555,469,934,1004,1224,1015,943,660,1196,1095,963,654,1297
506,588,508,484,473,793,597,474,477,787,479,489,470,792,573,472,450,657,560,739
are you here alone.
414,560,511,968,1012,1256,1028,946,941,485,556,484,968,392,1178,1190,967,498,1332
582,483,486,812,470,475,434,757,579,504,491,491,796,581,573,452,652,492,804
i'll pay.
would you like coffee or tea.
1126,1408,1228,1202,1009,1314,420,966,1273,1623,459,1218,1032,1241,539,1006,1036,1274,1050,984,1259,1121,1152,530,1013,617,1248,640,642,537,547,1023,1248,622,1011,684,550,444,1399
447,559,553,582,764,498,573,449,734,573,484,480,449,567,538,757,445,443,418,772,577,448,562,485,790,640,449,564,572,503,509,768,456,492,771,481,486,567,753
my birthday is august 27th.
i don't want that.
1117,1006,986,738,1110,629,711,962,575,448,926,993,1165,499,994,443,1047,693,1059,509,674,988,444,1111,751,1016,1348,1620,1151,1031,611,1259,1025,1397,734,1040,517,467,1039,732,1021,737,1016,492,733,1386
669,440,779,672,445,505,484,563,552,569,410,747,427,553,763,580,450,557,443,572,472,779,404,308,448,550,683,544,460,747,545,459,597,590,464,772,475,537,627,463,791,468,564,529,464,757
how do you know.
1007,1227,504,1005,616,1232,982,1060,1303,1090,997,1165,1055,1255,504,1369
579,474,485,790,539,479,726,406,390,362,741,517,618,426,479,741
more than 200 miles.
1048,1222,629,573,1014,697,1005,476,1000,1002,479,1321,1324,1058,1089,1144,1250,560,542,1357
678,499,509,503,818,500,606,574,702,863,416,369,365,766,637,475,549,495,561,764
of course.
i agree.
1244,704,1007,684,1256,1072,675,574,596,1319,1630,1148,1022,488,730,664,593,594,1389
466,566,761,623,477,468,482,568,483,731,587,476,760,576,557,486,486,492,809
they're planning to come next year.
733,1047,575,933,1378,641,568,998,1272,1216,473,1005,1007,1125,1009,760,992,731,1193,985,679,1189,1063,593,1014,1041,593,613,760,1022,973,610,497,687,1282
479,606,489,459,597,476,478,799,460,572,580,670,690,464,675,548,802,471,481,783,627,464,647,483,829,680,471,681,485,809,473,493,588,486,738
can we have some more bread please.
646,473,1014,992,511,593,1003,978,477,729,595,1000,563,1196,1071,587,1034,1071,1220,661,598,1046,790,700,623,499,655,1041,1304,1247,624,512,592,631,1402
665,607,729,834,531,529,833,599,597,667,526,840,601,507,692,520,870,681,499,518,522,852,670,512,544,626,594,846,511,602,529,617,609,516,792
i'd like to use the internet
take this medicine.
1173,1443,649,1085,1280,1185,1211,607,1074,758,1266,1046,1096,574,630,1053,749,1032,599,1043,1155,1025,753,605,683,1035,600,759,1624,750,507,1186,611,1051,752,1040,1167,581,1045,1143,643,652,1189,722,1186,1053,637,1426
463,577,581,780,567,481,576,525,827,506,520,787,502,589,523,812,489,584,494,793,485,659,497,499,497,702,501,488,607,503,584,568,503,806,501,595,497,576,813,694,493,550,481,628,478,638,500,760
excellent.
can you repeat that please.
654,630,678,621,1233,1233,611,1046,761,1309,1654,656,494,1067,1027,1062,1310,1065,986,657,594,1318,602,509,743,1040,734,1038,502,739,1029,1308,1242,595,508,578,616,1372
470,642,618,500,534,530,506,655,480,734,563,649,589,674,804,417,419,402,772,483,498,428,492,578,474,777,478,553,562,478,780,456,568,480,568,562,481,788
can you call me back later.
655,506,1051,1027,1092,1322,1070,1001,667,502,1263,1244,1021,1122,610,1051,819,500,666,1168,1024,1272,522,760,610,670,1345
624,590,646,781,438,448,429,762,637,587,542,560,784,637,502,812,676,570,632,550,838,560,592,495,505,481,809
do you smoke.
how do you know.
632,1277,1018,1094,1335,1107,1009,570,1136,1286,1187,610,1412,1667,1049,1268,522,1049,628,1297,1025,1110,1356,1127,1016,1215,1084,1310,548,1446
600,464,764,467,479,448,767,582,620,455,572,503,794,557,556,468,504,766,565,465,755,453,455,434,770,538,658,454,498,772
what's the name of the company you work for.
555,1072,523,762,1446,582,1052,751,1045,613,1062,1064,516,1167,620,1077,1249,719,1054,759,1052,623,1052,715,1240,1110,1340,526,1077,1005,1047,1084,1327,1122,1007,564,1300,712,1192,1069,756,1287,726,1404
502,552,571,480,588,563,771,484,558,485,787,673,570,682,488,819,432,591,775,501,572,505,815,647,463,637,516,595,637,447,787,444,436,416,769,519,445,504,532,815,577,451,505,774
where does it hurt.
i lost my watch.
582,1084,625,702,637,1058,693,1279,646,610,1069,1211,771,1059,1074,1182,721,805,1397,1613,1212,1081,1310,1298,602,777,1097,1187,1081,1077,569,529,798,693,1094,1470
503,565,505,482,488,785,577,465,508,584,794,463,498,800,588,452,502,484,796,608,477,788,581,483,608,498,802,664,458,810,513,591,496,645,549,763
my daughter is here.
1227,1110,1117,659,536,1048,809,1110,802,638,719,1067,1205,598,1064,1063,630,705,634,1393
676,450,807,573,607,445,579,581,496,512,485,820,501,582,823,608,513,486,506,786
there's a book under the table.
745,1069,607,674,607,1458,569,1071,504,1090,880,1274,1272,1179,1077,1115,1067,663,642,708,1052,768,1023,625,1042,774,516,858,1248,647,1420
508,594,522,509,514,611,580,801,597,819,687,452,445,539,813,467,669,588,539,501,816,499,587,503,809,500,587,654,532,516,806
let's meet in front of the hotel.
what are you going to have.
1252,624,768,1437,599,1076,1144,634,641,791,1079,1228,1107,1083,752,732,1293,1086,812,1090,1295,779,1087,806,1071,655,1082,1062,1286,803,664,1319,1371,1603,594,1090,550,798,1087,546,719,649,1072,1144,1378,1152,1065,822,1323,1229,1077,817,1099,817,1309,1062,1043,555,821,693,1463
566,536,501,614,577,812,673,517,526,503,809,462,674,836,578,528,468,681,506,827,488,578,792,508,587,509,805,583,464,506,507,591,786,604,519,597,590,503,806,586,505,511,793,465,460,457,800,580,483,458,652,563,810,496,472,794,595,581,643,510,721
is it suppose to rain tomorrow.
1168,635,1073,1195,791,1077,616,1131,1371,1369,1269,635,673,1088,815,1312,1072,758,584,1209,1094,1097,816,1318,1162,1309,776,770,1299,609,1438
419,572,755,415,486,765,572,447,451,452,444,576,487,812,487,473,798,492,563,486,665,822,486,469,683,484,487,487,487,517,747
try it.
i'd like a single room.
804,734,1034,1075,1235,812,1409,1596,1187,1468,711,1087,1278,1188,1210,659,1086,565,1094,642,1224,1102,840,1311,664,1097,749,1300,1302,1194,1471
490,502,465,769,448,489,781,599,487,592,578,784,577,482,567,513,812,594,818,600,470,647,572,561,510,820,479,447,438,655,771
it's more than 5 dollars.
1227,799,1486,626,1117,1199,1327,727,656,1127,796,1110,573,1121,1107,821,1084,683,1296,1294,1289,542,743,617,1440
480,498,603,583,790,646,492,504,505,786,499,579,579,682,834,398,819,553,492,579,604,586,479,571,762
i'd like to buy something.
1183,1472,685,1082,1295,1193,1237,629,1090,791,1310,1056,858,1122,989,1053,605,1256,1138,663,797,1077,1223,1109,830,1435
455,577,553,798,558,473,556,493,818,474,500,799,619,483,449,785,565,471,626,510,483,591,467,671,532,744
he'll be back in 20 minutes.
1067,631,1434,1267,1257,1070,875,657,1081,887,557,739,1208,1079,1235,1109,1098,585,1473,1116,1188,1240,1132,1141,809,652,622,1512
589,496,601,594,608,783,632,493,789,646,569,635,556,790,443,665,815,449,341,800,655,481,678,490,477,485,560,751
i'm self employed.
1204,1463,1248,1131,601,650,1326,773,1117,663,1179,1387,1311,1347,1083,642,681,1449
482,587,680,838,575,505,589,559,801,491,639,473,608,500,483,482,538,738
i have to go to the post office.
1193,1066,1070,538,787,656,1078,792,1295,1069,824,1303,1063,813,1294,1061,802,1077,656,1076,1379,1283,617,805,1096,1326,779,772,1243,741,666,1575
484,767,592,579,619,506,774,497,488,772,571,484,785,498,499,784,490,580,492,778,492,478,586,482,784,480,556,556,470,637,510,716
tell me.
where did you go.
788,648,1343,1326,1123,1208,638,1421,1636,572,1111,618,693,614,1125,700,1208,696,1096,1166,1390,1171,1074,821,1369,1465
469,490,551,563,790,656,494,810,583,461,552,459,442,440,755,528,428,529,754,432,402,401,722,523,404,771
take this medicine.
770,563,1253,648,1128,799,1129,1275,627,1132,1211,671,695,1293,835,1285,1159,677,1471
463,562,525,477,770,462,553,453,542,789,620,463,543,450,599,442,638,472,718
do you have any coffee.
what's the matter.
718,1293,1060,1121,1346,1134,1039,1052,570,836,692,1080,560,1102,1055,1065,743,1292,748,751,643,650,1393,1620,585,1087,557,807,1470,634,1081,801,1077,648,1087,1142,572,808,809,660,736,1460
549,453,750,463,446,431,780,577,561,621,488,790,560,622,386,781,626,450,543,551,493,493,737,558,492,555,564,478,575,560,780,483,553,483,802,628,569,478,478,490,477,834
you're smarter than him.
1128,1348,1135,1449,720,645,1086,608,1169,544,722,791,644,726,1094,788,1085,555,1080,1084,1090,1219,1223,1489
460,435,423,572,482,494,761,572,633,583,484,476,488,472,788,479,586,561,671,814,580,472,663,731
i'm just looking.
1181,1447,1179,1093,1147,1135,586,774,1086,1317,1316,1319,1239,1242,1118,820,1485
424,540,602,784,530,434,575,479,771,526,444,429,550,427,636,523,726
take me downtown.
783,565,1205,653,1112,1171,663,1106,709,1294,602,1102,794,1311,592,1113,1441
488,569,524,491,785,641,477,801,546,462,497,650,482,460,493,676,709
who is it.
do you know what this means.
569,1085,1294,1073,1217,601,1101,1259,806,1385,1633,714,1310,1075,1144,1369,1145,1080,1237,1120,1325,593,1102,597,1107,561,798,1128,809,1111,1262,628,1119,1192,676,577,1164,657,1453
468,578,452,785,441,547,795,423,464,711,576,520,481,754,467,472,467,782,541,648,477,483,779,478,567,544,467,773,462,579,466,543,775,622,481,548,654,550,729
i only have 5 dollars.
1238,1109,1373,1155,1375,1109,1101,1079,582,836,704,1092,845,1094,734,1299,1316,1308,590,787,671,1433
459,755,457,637,588,447,757,544,548,609,493,765,396,783,561,463,544,563,574,480,566,775
have you eaten yet.
1138,576,823,707,1101,1205,1434,1227,1112,704,607,845,707,1149,1127,1131,713,883,1502
541,552,606,497,748,424,429,409,766,493,564,470,485,664,808,453,484,461,737
