i made this cake.
i thought the clothes were cheaper.
1114,1039,1066,397,605,578,1059,770,904,1078,556,1016,663,459,1113,606,1240,1534,1150,1039,721,888,1198,995,795,927,806,993,784,941,628,993,696,1167,1173,604,979,613,567,1025,546,635,696,621,1019,694,962,633,462,1338,605,691,1182
473,741,668,575,609,485,733,563,574,470,576,760,695,583,597,492,684,538,461,708,504,554,404,416,602,555,510,716,507,548,476,717,655,564,453,453,523,451,522,700,467,462,491,457,709,657,548,470,540,381,456,488,633
i'm full.
i'm thirsty.
1079,1414,1126,976,725,1045,1186,1187,1275,1545,1098,1311,1104,1042,771,958,1109,653,564,780,887,1247
497,579,668,750,569,458,543,575,663,512,439,570,677,697,495,563,443,481,534,512,446,656
i think so.
when did this happen.
1093,1031,754,995,1117,993,1109,1025,521,1141,1135,1439,510,1007,617,1001,1013,623,1112,630,1017,767,958,1080,545,1020,958,458,1241,1221,598,975,1221
463,721,494,521,425,623,513,707,568,462,662,472,453,513,464,620,716,544,440,566,722,505,548,436,524,722,548,558,447,460,460,627,646
over here.
i'm self employed.
1222,812,688,737,1053,995,627,682,623,1191,1413,1108,1318,1083,994,537,611,1147,715,1032,615,1055,1265,1198,1171,960,602,613,1140
447,694,515,543,724,546,468,500,468,641,497,430,582,669,723,541,475,549,566,738,471,663,444,598,480,508,480,573,683
i'd like to go to the store.
1055,1310,623,1023,1230,1102,1106,597,1011,771,1215,1028,811,1211,1004,783,1226,995,766,947,626,1021,535,769,1173,640,570,1210
499,639,603,749,559,460,593,495,760,523,456,753,620,452,762,527,445,771,546,573,506,723,564,525,454,504,486,691
my father is a lawyer.
1092,951,963,678,412,774,973,580,668,1018,1154,535,1035,462,1020,1223,441,517,933,605,695,1237
656,451,706,582,576,500,541,476,497,751,444,567,729,594,727,570,610,482,463,484,517,646
i'm not going.
the book is on the table.
1131,1416,1130,1049,999,1208,758,1012,807,1195,1089,1025,810,1261,1488,768,979,614,1010,939,1210,1218,1112,1032,1119,568,1031,1215,1021,1041,771,964,635,999,784,459,911,1169,636,1229
427,627,693,742,657,481,511,762,615,473,467,647,613,675,494,515,540,484,736,625,463,456,582,752,459,570,735,460,635,727,526,556,485,744,532,574,665,531,487,658
i haven't had lunch yet.
1107,1038,1021,471,788,649,982,1389,805,1067,1038,486,688,1076,1283,1109,1128,748,1002,1034,1006,670,849,1300
459,718,511,570,698,512,641,539,522,717,520,579,578,714,533,407,611,664,518,711,426,453,502,678
where are you from.
612,1022,698,763,688,1070,517,750,671,1053,1001,1244,1077,1003,791,737,1211,1097,1340
495,596,482,517,479,754,546,501,460,752,497,454,458,758,621,489,470,675,702
i'll pay.
i'll be right back.
1133,1434,1316,1311,1034,1311,473,961,1252,1504,1112,1326,1370,1373,1091,992,642,1033,722,1061,827,964,834,1006,892,520,745,1085,1174
479,617,500,523,745,442,551,450,671,548,454,629,506,510,718,633,469,742,489,473,594,561,505,764,661,561,688,517,671
i'm a teacher.
1131,1383,1179,1063,503,1104,804,657,491,685,955,632,717,1197
416,634,695,688,561,694,486,422,544,659,537,445,483,637
call me.
i haven't finished eating.
694,464,1205,1218,1037,1089,628,1310,1517,1057,1035,974,472,788,618,955,1344,806,1053,767,1120,999,1166,594,995,632,657,1050,638,478,806,1114,1024,821,1305
654,562,531,534,745,646,453,622,462,435,736,520,553,673,481,654,573,497,730,592,391,626,378,568,510,463,554,718,458,563,481,446,634,606,673
waitress.
how much money do you make.
553,502,1124,789,715,653,593,587,1225,1514,1001,1234,572,1070,1146,1061,737,998,1017,1139,1272,1063,666,995,994,695,1259,1024,970,1255,1043,996,1111,498,1154,675,1268
476,592,450,502,483,452,529,548,639,484,542,431,473,701,637,428,664,550,739,649,467,605,471,419,718,551,437,710,464,412,429,711,625,567,543,485,649
i made this cake.
1138,1053,1140,503,702,672,1088,849,1029,1187,618,1062,766,557,1166,698,1309
430,737,645,575,585,466,737,509,552,445,568,761,678,582,556,485,676
everyday i get up at 6am.
how long will you be staying.
701,869,720,786,1015,738,528,995,1011,1226,1089,880,677,853,1071,1095,1391,1114,503,840,1099,734,512,1132,1326,1456,1042,1281,594,1039,1296,1297,1069,888,1068,635,1185,1273,1271,1064,998,1252,1077,1049,1000,706,1047,546,775,419,1008,1132,1057,826,1361
468,715,498,524,463,569,579,469,735,431,728,613,468,518,703,440,414,698,564,513,726,265,579,660,716,568,550,456,486,759,573,457,639,610,741,482,463,546,558,762,470,435,444,695,624,471,741,538,545,565,483,489,684,598,637
where's the post office.
509,998,615,682,593,1515,529,1091,784,1027,632,1037,1355,1210,550,789,1056,1291,716,719,1146,689,605,1250
469,535,463,495,446,574,535,704,486,510,463,736,443,443,519,500,726,420,561,563,436,644,468,664
do you understand.
650,1257,1032,1040,1292,1124,1034,1098,1073,649,625,711,574,810,462,1062,679,1309
572,432,718,461,424,425,705,431,633,548,453,462,539,506,561,673,546,700
who is that.
what's the name of the company you work for.
576,1020,1252,1063,1169,591,1081,812,1032,479,821,1338,1459,568,1047,503,825,1503,597,1136,828,1048,656,1075,1084,493,1191,649,1098,1335,788,1117,847,1060,706,1078,761,1275,1168,1363,503,1106,1044,1075,1032,1290,1116,1045,605,1311,768,1210,1110,816,1284,768,1278
486,577,462,746,431,540,739,503,548,544,509,664,514,472,561,563,521,522,532,728,509,549,458,774,657,565,672,469,767,409,605,743,508,555,468,772,699,465,661,470,577,671,455,766,483,436,446,720,481,444,503,584,744,610,448,490,679
what's this.
572,1057,498,858,1551,615,1179,859,1068,1193,617,1389
442,563,555,520,538,532,721,491,536,444,545,690
can you swim.
716,467,1092,1021,1028,1280,1117,1072,602,575,1135,1122,1322
698,578,639,733,455,407,421,746,586,478,448,671,650
i'll tell him you called.
1182,1416,1359,1359,1127,797,647,1300,1306,1098,1047,1182,1165,1109,1032,1266,1114,1056,727,493,1276,1278,650,674,1193
404,588,480,479,702,512,441,499,525,705,492,383,617,712,439,406,406,683,670,568,506,515,455,577,654
i'm not going.
1229,1434,1215,1114,1088,1271,830,1092,883,1293,1174,1098,895,1262
392,584,638,708,611,435,474,731,592,429,425,634,592,644
does it often snow in the winter in massachusetts.
703,1266,669,608,1101,1183,826,1111,1276,752,824,671,1086,1096,598,1066,1244,586,1092,1179,1092,1107,823,1023,679,1065,572,1199,1086,829,673,751,1094,1184,1075,1097,1184,494,643,626,496,770,1056,1137,639,721,885,875,649,1326
560,437,434,512,711,433,491,705,442,547,490,454,587,743,541,607,437,459,708,438,607,718,506,523,464,723,455,439,632,504,447,488,722,431,634,725,555,545,531,541,544,653,467,323,531,448,489,498,534,677
when do we leave.
610,1085,719,1092,1098,737,1309,1097,610,716,1109,1309,706,530,862,718,1303
492,513,501,660,764,595,473,741,494,481,762,563,465,599,725,511,725
sorry, we don't accept credit cards.
645,1300,764,771,1017,1389,1128,619,724,1115,708,1280,1061,1474,865,1101,525,794,792,687,1376,890,1144,775,782,726,741,1192,914,1143,828,587,819,760,674,1296
536,439,485,494,429,644,697,465,466,713,543,422,636,511,500,690,558,676,679,466,378,484,691,653,453,444,568,432,474,724,671,591,482,566,576,673
be careful driving.
did your wife like california.
969,686,1101,768,515,768,692,804,1088,1255,1104,724,779,1172,898,1174,1084,938,1310,1461,708,1151,695,1051,982,1227,1076,753,1037,578,1148,785,692,1064,1257,1131,1150,706,1073,768,534,1259,1140,795,1252,760,1073,1183,543,1089
659,446,745,665,589,465,447,564,415,519,717,543,462,425,691,446,643,616,691,536,561,430,575,697,460,416,421,496,707,454,421,593,468,697,523,442,585,498,735,677,560,540,459,593,445,503,633,435,553,655
when are you moving.
523,1039,633,1022,1064,442,686,624,1053,1023,1221,1080,1002,1087,1212,824,1106,1008,856,1312
501,575,516,653,743,545,508,463,725,472,438,443,751,642,473,704,469,669,635,678
do you have any money.
do you like it here.
653,1237,1030,1033,1246,1098,1012,1033,532,832,697,1071,520,1043,996,1012,1124,1276,1093,678,992,1270,1489,701,1276,1054,1059,1283,1129,1054,1295,1172,1183,677,1082,1186,819,1072,1036,666,736,655,1297
588,435,718,480,470,452,719,549,590,718,503,765,578,592,409,734,630,451,641,498,417,652,483,603,439,711,465,445,433,705,541,432,563,495,740,431,521,738,550,469,512,461,655
have you eaten at that restaurant.
1063,510,830,693,1061,1038,1296,1129,1042,661,489,856,670,1084,1092,496,855,1096,866,1054,512,871,1082,713,630,576,820,479,726,811,474,998,829,1254
528,564,708,503,716,476,445,426,697,469,561,535,474,637,760,559,527,740,524,544,559,528,765,506,478,567,542,588,517,536,569,658,526,701
it's 11 30 pm.
1071,792,1430,578,1057,422,443,1051,767,1265,1060,1243,1090,1301
478,544,612,586,751,329,347,741,300,272,729,436,653,676
are you sick.
497,737,680,1005,982,1245,1069,976,603,1141,754,1108,1303
579,495,468,747,482,444,443,729,534,435,680,576,670
who's calling.
558,982,1197,1455,625,1089,740,512,1260,1268,1153,1050,881,1310
430,540,445,602,543,719,677,556,480,484,367,565,596,598
is there anything cheaper.
1169,619,1092,865,1048,700,785,707,1086,541,1077,1005,865,1030,1167,1058,906,1086,768,1015,709,536,1349,711,790,1325
407,551,702,487,546,456,503,459,705,543,621,398,466,550,406,593,581,693,652,500,427,517,413,430,462,618
i have a lot of things to do.
1151,1057,1037,504,790,688,1069,538,1073,1296,1272,923,1104,1280,824,1093,887,1085,1227,1084,899,682,1088,884,1295,1090,739,1239,1246
444,725,495,562,650,473,750,551,748,537,421,495,719,443,577,734,487,521,444,646,602,535,735,508,419,716,540,432,611
it's really hot.
how old are you.
1210,890,1510,649,1133,773,711,551,1328,1314,1047,1045,1068,1297,905,1404,1553,1075,1385,623,1131,1347,1359,744,1153,554,803,731,1112,1096,1358,1136,1476
416,499,575,566,721,472,446,563,541,550,446,684,555,447,470,626,503,531,377,457,685,377,566,537,710,540,471,433,696,455,406,436,635
from time to time.
842,768,1283,1196,1145,900,1213,1199,749,1122,921,1337,1125,919,1218,1174,754,1378
606,447,436,620,704,467,421,625,452,700,489,410,688,479,426,616,450,661
that's fair.
917,1076,589,928,1554,677,1138,836,567,1223,807,1416
484,544,538,502,577,541,707,574,552,420,461,617
thank you very much.
where are you from.
883,1057,550,1110,1255,1069,1053,1296,1118,1064,887,751,823,1047,1046,1224,1127,818,1049,1287,1553,641,1080,766,837,755,1117,564,783,705,1069,1071,1322,1155,1059,823,785,1255,1159,1301
484,550,543,601,509,698,446,425,420,690,654,462,480,407,722,610,415,651,535,609,466,417,481,454,486,444,709,525,471,431,689,437,416,407,687,572,447,414,627,651
at 7 o'clock at night.
i feel good.
537,877,1124,516,1128,1294,1454,819,1381,1300,806,1250,1105,520,884,1115,1101,1234,916,1085,904,1295,1481,1215,1107,822,748,751,1293,1097,900,1305,1306,762,1270
529,475,696,250,711,393,613,660,538,404,655,531,682,503,443,696,581,380,560,493,444,622,433,338,637,539,437,443,485,650,552,376,376,511,592
it's really hot.
1163,858,1464,625,1105,760,703,515,1279,1274,1025,1013,1046,1246,907,1349
403,470,570,534,678,450,423,537,517,532,409,676,553,396,465,606
i usually drink coffee at breakfast.
is john here.
1175,1064,1128,607,1116,493,1256,1252,1008,1016,701,754,1165,1058,1190,1077,759,1253,808,799,691,696,1100,549,888,1098,1006,775,722,553,1187,823,553,662,882,1321,1513,1206,641,1093,1107,1298,1060,1100,1080,1052,684,776,693,1189
399,679,376,532,390,552,457,495,361,681,538,437,389,575,474,659,626,368,546,541,445,462,678,516,457,684,574,459,424,526,526,564,533,522,465,636,484,391,513,668,502,396,505,628,693,494,421,466,416,631
open the window.
1261,1378,676,1077,1098,865,1041,693,1057,614,1195,1073,740,1268,642,1277
385,391,413,599,693,468,478,423,697,420,415,620,529,417,423,631
this room is a mess.
884,1026,1191,641,1077,775,1263,1257,1175,1121,1197,631,1110,554,1207,694,640,639,1357,1299
471,541,423,523,709,448,418,438,610,709,409,514,703,532,590,423,514,531,616,777
help.
i like to watch tv.
919,573,1160,1250,1262,1424,1114,1018,1243,1148,1144,619,1049,811,1214,1059,549,464,814,702,984,1009,818,737,1346
571,468,561,449,666,549,443,712,486,385,515,468,683,479,398,664,456,544,474,648,483,703,474,688,655
why not.
she's an expert.
535,1009,978,995,1045,1242,847,1333,1590,597,1033,681,1513,618,1121,501,1092,1087,681,687,1401,729,788,901,1354
431,527,395,694,586,407,482,616,465,532,505,450,500,539,697,543,602,708,455,652,356,448,463,451,621
there are some apples in the refrigerator.
822,1020,677,755,683,1024,455,738,674,1044,591,1217,1141,685,1088,497,1382,1374,1259,676,613,1101,1161,1059,1078,841,1029,707,1057,757,687,890,769,1185,878,707,795,490,885,1283,765,1290
495,512,456,487,451,695,546,481,447,690,539,392,599,441,704,519,356,367,511,444,526,673,380,569,681,472,488,441,685,450,428,574,434,388,559,430,449,506,472,411,456,613
which road should i take.
604,1004,1199,763,1004,1050,761,1294,515,719,1094,645,1027,1260,1079,1288,718,1079,1194,1078,850,531,1175,713,1269
437,519,391,617,516,660,450,375,521,514,656,513,503,372,422,517,508,675,357,670,443,500,500,425,583
no, this is the first time.
1108,1323,1261,1494,866,1046,1178,644,1076,1180,657,1087,878,1048,718,1067,821,1169,768,664,894,1061,873,1172,1144,729,1287
582,370,645,537,449,506,401,524,702,406,521,695,460,504,420,694,545,411,443,496,463,684,463,417,587,447,612
do you play basketball.
that's too bad.
754,1291,1096,1080,1317,1134,1069,1409,1314,561,1047,1060,1001,584,705,1223,738,937,1022,1273,1266,1310,1321,1500,887,1065,561,904,1492,669,1117,887,1272,1256,1081,996,559,749,1278
524,382,661,426,402,396,676,399,513,528,380,669,616,546,557,503,440,485,617,527,527,501,621,489,431,474,490,443,485,504,678,439,341,356,662,580,519,502,616
where were you.
621,1036,730,801,733,1079,663,763,819,746,1093,1046,1261,1089,1330
416,507,424,458,412,705,417,423,448,412,675,416,390,410,577
maybe.
i want to send this package to the united states.
1193,555,1008,1021,725,1343,1605,1198,1078,587,495,1076,842,1091,849,1280,1114,631,697,1092,717,1088,880,1070,1210,640,1077,1372,551,770,1205,523,907,725,1097,880,1306,1101,881,1055,724,1073,1141,1115,1248,894,747,771,1099,680,919,565,905,766,690,1284
603,520,381,592,426,647,511,407,685,481,562,587,502,737,507,447,721,561,459,655,582,740,502,539,443,560,747,453,579,688,541,546,600,472,745,498,433,716,488,545,461,732,441,659,411,486,434,567,735,501,487,531,486,442,527,688
a few.
pick up your clothes.
568,1112,828,744,647,1360,1466,1436,1212,792,1237,1082,1120,1390,1083,1008,1293,1113,803,1047,705,1177,1175,783,970,632,575,1262
537,740,556,447,440,657,532,405,387,654,491,670,410,385,651,413,406,403,465,695,727,559,430,520,551,493,588,697
i have a cold.
i'm married.
1106,1020,1002,466,790,641,1027,453,1037,710,1204,1209,665,1258,1420,1113,1443,1200,1073,1116,467,702,714,1152,647,670,1300
438,721,533,586,704,488,743,597,751,701,426,607,581,689,519,413,603,660,758,622,578,506,510,399,484,593,696
where is she from.
546,1019,657,729,660,1060,1148,583,1075,597,1015,670,1053,765,719,1219,1121,1334
489,562,481,511,480,738,426,563,725,597,558,497,740,619,478,441,680,678
i like her.
there's a restaurant near here.
1172,1065,1284,1171,1168,666,1076,1038,660,752,1295,1481,828,1024,680,763,686,1491,590,1131,497,1110,727,669,582,840,473,725,806,489,1047,819,1062,1039,657,479,739,1043,1026,651,737,653,1296
413,722,522,440,582,493,733,541,478,506,660,550,515,526,478,512,485,488,563,708,596,720,492,480,561,507,584,489,491,562,620,501,740,656,488,577,505,748,525,472,509,474,663
i have to go to the post office.
what time does it start.
1187,1095,1051,505,826,695,1083,859,1273,1084,888,1274,1105,878,1281,1090,864,1019,692,1064,1417,1302,608,848,1072,1305,785,783,1198,771,692,1297,1488,610,1040,530,851,1074,847,1168,1148,728,1099,748,1286,739,664,1090,1172,869,1092,648,871,542,784,888,1280
414,699,530,593,683,503,727,521,425,731,602,430,735,496,417,721,513,552,481,728,398,422,575,545,742,425,601,599,462,698,506,658,511,477,561,563,523,742,517,448,644,484,746,583,433,487,564,735,452,530,740,559,544,567,529,508,674
what time do you go to work everyday.
622,1039,507,849,1075,856,1190,1143,714,1094,733,1267,1074,1031,1253,1096,1029,892,1257,1053,879,1298,1058,614,1238,779,1155,1065,707,867,715,798,1056,719,513,940,1234
526,580,588,551,745,548,455,640,500,762,583,471,739,496,464,474,733,652,476,736,524,433,726,512,460,542,575,739,522,724,523,531,426,589,608,433,649
what size.
do you know where she is.
580,1006,513,842,1043,638,1132,572,742,1259,1452,720,1257,1030,1024,1248,1095,1022,1169,1063,1224,627,1060,641,1036,735,795,730,1075,650,1050,732,1062,1170,678,1292
495,580,597,548,785,597,465,693,499,702,525,595,439,723,476,450,452,717,536,653,470,508,739,518,560,507,531,499,744,597,561,493,742,441,588,678
one way or round trip.
1275,1073,723,1088,631,513,995,1079,1297,782,1089,784,1252,1087,1074,748,1086,867,759,1185,1392,1433
451,637,504,733,500,566,447,734,377,512,692,522,417,447,582,582,716,538,499,417,408,688
i still have a lot to do.
1157,1093,648,871,1185,1269,1261,1076,1039,547,871,738,1065,543,1069,1292,1263,900,1077,898,1279,1090,735,1270,1311
448,725,563,533,446,561,565,763,540,596,694,504,766,563,755,532,429,521,744,521,444,722,569,440,640
it's not very expensive.
1088,761,1370,590,1062,1047,1249,810,1069,844,694,775,976,1066,710,686,1348,705,1102,639,1193,851,716,1235
479,522,579,579,746,636,491,544,760,708,521,540,482,758,529,711,468,505,657,599,462,715,531,705
it's near the supermarket.
1152,836,1439,629,1108,1070,676,501,761,1074,833,1002,693,1052,610,1100,1371,690,770,1150,509,753,1214,688,865,1234
479,554,601,597,745,630,487,569,522,755,527,550,508,759,570,408,390,487,505,641,582,525,525,498,529,698
when i went to the store, they didn't have any apples.
565,1031,672,1057,1076,1189,1090,574,681,1069,843,1070,848,1232,1081,843,1008,712,1028,603,826,1201,739,670,1199,1055,818,1017,670,958,983,696,1144,700,1033,1327,881,1046,1011,499,822,697,1042,510,1075,974,1029,519,1325,1322,1243,665,612,1279
528,574,551,677,766,428,728,512,517,659,546,791,545,475,754,553,601,519,778,587,562,502,548,516,714,785,546,602,511,475,764,608,472,618,687,552,541,750,565,604,715,539,783,586,667,455,779,603,476,476,604,512,612,692
do you know where there's a store that sells towels.
behind the bank.
726,1292,1057,1089,1295,1111,1074,1220,1106,1293,625,1094,614,1068,721,795,724,1077,844,1057,714,796,732,1481,635,1135,540,1074,633,873,1281,764,701,1101,846,1051,531,854,1072,663,714,1274,1265,642,1096,858,1336,617,730,1262,643,1401,1614,1006,689,1044,1236,1085,729,1105,877,1065,717,1064,998,546,1093,1215,1327
599,451,716,462,455,455,731,551,658,463,503,738,510,558,511,541,502,755,561,557,510,554,506,550,599,758,623,761,597,543,449,520,493,748,552,566,580,546,766,577,502,575,601,581,765,539,448,496,515,594,598,639,558,660,479,563,428,670,577,735,542,551,496,760,651,577,653,539,649
have you ever had potato soup.
1072,883,879,744,1073,1067,1329,1138,1088,738,894,747,820,1122,1044,786,1116,1162,1439,1293,840,514,865,1318,1113,656,1279,1115,1387,1388
543,722,717,505,749,501,451,465,738,498,741,523,539,761,614,620,792,706,403,427,515,560,530,455,718,569,451,478,447,697
that's too much.
851,1068,523,866,1461,649,1069,868,1302,1268,1111,1206,1132,783,1027,1368
532,561,593,541,601,592,736,530,415,440,721,631,417,680,560,665
there's a restaurant near here.
what do you recommend.
850,1048,714,800,742,1480,658,1126,550,1135,779,728,645,875,533,1122,778,533,1104,868,1117,1106,714,539,800,1096,1084,730,800,714,1280,1458,633,1055,539,867,1101,730,1289,1084,1038,1278,1110,1040,772,708,781,1249,1188,1200,720,1131,740,1279
521,559,479,527,495,582,580,737,606,710,501,487,564,535,589,441,509,568,625,514,735,627,490,566,522,742,542,497,528,482,677,497,481,553,567,532,727,575,432,695,477,429,429,697,502,465,705,458,656,648,495,659,597,653
do you know what this means.
732,1263,1069,1094,1311,1149,1062,1173,1082,1271,617,1090,628,1064,548,873,1079,868,1066,1191,672,1090,1179,733,532,1077,663,1246
584,448,710,486,452,460,724,560,672,481,514,736,523,575,581,554,762,550,603,462,576,757,648,505,601,662,598,661
from time to time.
796,769,1276,1176,1127,865,1206,1171,715,1099,882,1281,1112,882,1193,1163,729,1328
631,502,443,655,768,510,460,669,501,765,529,445,753,535,473,672,507,667
where's the closest restaurant.
628,1034,728,799,734,1502,644,1138,872,1054,742,1069,785,1298,1259,663,754,669,897,1095,814,754,682,908,565,1110,817,569,1085,918,1239
493,581,507,542,506,579,580,730,514,534,498,752,697,549,436,603,517,596,540,747,517,501,594,558,585,466,526,575,635,545,633
how's work going.
1001,1214,618,1509,629,1103,605,1293,789,1195,1081,907,1280,1161,1085,920,1327
574,469,506,616,599,733,479,435,518,583,757,632,466,477,660,632,663
i don't feel well.
what time does it start.
1088,1022,617,1160,996,1357,803,1042,745,645,632,1242,1063,536,647,1227,1218,1248,1499,553,989,484,797,1024,802,1113,1096,680,1059,681,1269,675,606,1059,1129,792,1057,594,828,485,716,828,1219
441,681,603,454,656,543,540,757,621,529,546,550,759,535,544,561,578,687,522,539,575,612,578,771,565,485,685,537,770,644,455,524,608,769,474,548,737,573,575,616,565,553,703
do you believe that.
680,1210,1008,1071,1229,1076,1027,931,644,1223,1122,663,813,675,1037,801,986,516,812,1332
606,466,750,483,468,485,752,661,519,561,479,529,703,530,753,551,565,580,546,679
i'm looking for the post office.
i'll take you to the bus stop.
1123,1456,1171,1089,1257,1237,1248,1150,1163,1076,904,1080,841,1254,797,1053,851,1018,714,1043,1376,1249,631,881,1094,1331,811,809,1203,811,734,1177,1494,1173,1477,1327,1362,1096,839,546,1198,720,1084,1036,1295,1116,1061,888,1295,1084,853,1032,702,1041,974,1108,648,1036,660,895,1280,1352,1331
453,590,692,756,509,379,366,538,421,616,617,738,621,447,524,723,528,530,504,731,419,435,563,542,697,412,594,587,426,693,506,677,496,402,595,516,502,726,531,578,529,502,728,475,445,450,705,525,428,721,511,539,502,743,638,413,583,762,577,527,428,439,632
one like that.
1267,1122,687,1086,1333,1211,1209,700,1108,853,1058,528,862,1294
446,636,483,734,516,443,579,500,717,521,554,568,534,693
cheers.
my father has been there.
771,1051,714,725,802,640,1329,1493,1166,1020,1049,780,524,862,1024,695,775,1070,1021,508,642,1062,986,713,717,1065,1068,879,1025,715,801,716,1433
704,557,489,498,541,581,695,578,647,428,719,601,604,534,559,507,529,754,560,612,599,751,648,516,525,658,743,527,559,470,512,481,680
at 7 o'clock at night.
where is the bathroom.
493,834,1077,655,1076,1254,1455,802,1332,1295,788,1227,1102,552,915,1121,1055,1191,945,1046,950,1304,1552,661,1012,750,828,753,1063,1174,669,1081,870,1037,750,1078,1005,583,922,1032,811,1300,1294,1189,1363
606,538,695,343,758,387,637,732,588,424,717,564,717,587,535,750,643,427,632,563,508,656,482,479,592,511,532,503,736,424,580,734,542,558,518,732,641,599,537,545,520,440,442,630,655
here's your order.
1052,720,804,744,1542,673,1122,1039,1310,1148,811,1069,1309,792,752,745,822,1205
567,497,531,496,550,587,729,462,414,431,516,740,435,510,601,502,501,680
that car is similar to my car.
they're the same.
881,1060,568,887,1084,805,572,814,1089,1178,673,1096,676,1190,1179,1212,1295,572,807,1122,897,1288,1118,1198,1055,1044,783,562,805,1318,1446,883,1082,715,1017,1456,784,712,1122,870,1053,736,1076,672,556,1210,734,1400
520,561,580,543,768,698,618,536,754,455,572,745,591,445,675,450,566,602,543,748,527,461,740,640,448,710,703,617,520,674,498,533,560,497,424,590,511,493,751,524,543,515,761,594,643,657,507,652
do you have any coffee.
769,1311,1036,1063,1307,1132,1064,1050,565,866,763,1084,574,1118,1009,1019,795,1332,850,851,742,743,1330
599,429,701,455,432,426,694,520,607,698,524,762,583,644,447,727,710,392,610,602,496,511,695
do you play basketball.
734,1306,1068,1083,1284,1129,1077,1385,1294,554,1042,1063,1017,565,685,1215,752,918,1037,575,1285,1283,1325
600,427,704,475,452,455,710,425,576,603,439,740,640,604,626,554,533,548,674,593,564,565,695
what day of the week is it.
when was the last time you talked to your mother.
634,1058,554,873,1101,733,550,995,1034,1319,836,1101,907,1073,770,1109,681,778,781,1206,1135,1232,701,1135,1244,922,1311,1493,670,1096,751,1106,1103,656,580,691,1127,895,1077,770,1097,1316,551,693,909,1122,901,1203,1186,751,1113,1040,1294,1130,1075,886,573,1311,1202,748,759,1117,915,1306,1091,1024,1297,1130,818,1076,1190,1323,896,1062,745,852,1301
488,568,594,544,765,582,622,438,718,442,618,727,507,541,505,755,515,508,524,554,771,451,591,757,458,538,675,549,516,574,505,676,767,489,581,571,753,534,559,513,757,530,601,592,544,757,532,449,642,502,762,511,464,486,741,527,574,561,569,468,559,756,511,442,737,490,456,463,512,753,636,457,522,570,503,534,638
we can eat italian or chinese food.
648,745,1106,787,562,1114,1104,736,554,883,1105,1221,873,562,1313,1214,577,1142,1135,1310,828,1134,833,1110,1263,1152,765,682,770,1137,846,1318,1300,779,1305
504,509,805,709,614,661,781,503,567,524,741,463,540,593,555,465,586,633,751,463,524,739,698,559,453,656,505,567,518,747,620,445,456,581,670
are you going to take a plane or train.
565,716,1095,1024,1002,1205,1064,1009,908,1238,1160,1081,902,1057,861,1244,1065,853,539,1166,719,1074,537,1058,1362,1298,548,1098,710,1073,1267,788,1079,851,749,514,1104,996,1190
577,492,754,765,456,443,440,703,622,423,425,607,613,735,503,445,721,526,574,556,493,735,582,729,441,539,584,635,491,729,436,507,723,551,509,603,467,653,666
i don't have time right now.
1162,1057,686,1239,1042,1434,851,1081,997,544,836,706,1043,838,1146,1120,712,1074,761,1155,877,1018,867,1030,1045,1223,637,1215
439,723,588,465,663,556,540,735,563,593,677,507,772,521,435,648,496,736,500,436,610,578,507,740,623,444,498,661
do you like the book.
723,1269,1038,1035,1262,1096,1035,1292,1168,1177,720,1073,873,1033,734,1028,996,1303,1298,1151,1313
602,424,708,467,439,439,704,540,435,546,501,724,518,546,488,742,643,428,439,565,674
what is it.
is john here.
624,1026,527,871,1067,1180,659,1081,1152,642,1310,1466,1075,504,983,1032,1197,918,958,969,1013,610,694,605,1213
473,561,561,519,745,436,537,738,464,570,635,516,478,578,749,552,487,610,732,742,521,480,486,463,737
just a little.
whose book is that.
1007,1013,574,800,1009,479,1019,1245,1112,819,817,1236,658,1314,1467,538,1017,1216,565,666,1054,962,1329,1322,1183,1076,1165,590,1076,826,1009,481,843,1314
583,472,567,516,759,583,777,571,483,525,522,611,493,705,557,486,588,506,602,519,752,655,448,465,598,751,468,589,760,535,595,597,536,734
did you come with your family.
682,1141,665,1077,1042,1292,1116,1040,720,1283,1150,665,1076,563,1182,835,1027,1001,959,1257,1069,751,1017,793,499,1161,1200,1321,1033,1301
597,484,596,748,483,459,459,732,703,449,668,522,764,505,482,543,579,764,515,461,474,523,770,621,597,665,468,604,469,676
right here.
he thinks we don't want to go.
737,1170,848,1035,876,1043,1008,705,777,694,1258,1404,1030,682,1080,843,1048,1222,1070,1210,639,1108,629,738,1112,715,1283,1081,1420,881,1082,619,527,1095,887,1094,907,1309,1117,914,1280,1363
507,465,627,551,526,780,569,497,520,483,683,520,578,503,753,534,576,467,682,566,594,757,508,508,771,589,427,680,513,516,769,489,583,669,521,773,589,452,756,635,473,679
can you recommend a good restaurant.
750,504,1063,985,962,1222,1052,977,743,671,750,1243,1156,1179,672,1106,714,1087,513,1080,886,1251,1235,730,1077,775,710,639,870,539,778,850,536,1052,883,1229
699,620,693,799,519,477,483,757,509,475,705,474,661,666,481,668,598,778,589,780,620,481,503,570,765,508,506,588,531,583,504,506,558,677,525,732
how long are you going to stay.
do you have this in size 11.
1006,1255,603,1060,1291,1260,1063,887,1075,532,770,693,1038,1013,1261,1088,1020,908,1294,1178,1113,914,1095,925,1303,1112,669,909,547,1001,1242,1489,718,1250,1008,1010,1291,1111,1026,1045,534,839,711,1069,882,1037,1157,664,1073,1181,1092,1097,665,1213,612,753,963,540,559,1412
574,467,500,758,584,467,678,621,789,603,515,480,761,526,497,491,765,620,499,484,664,622,773,519,462,754,559,534,577,493,709,535,579,419,708,451,427,418,686,524,587,712,492,730,516,534,448,582,712,442,637,728,583,424,655,500,762,296,310,696
are you okay.
what's up.
555,790,735,1057,1043,1289,1110,1054,1309,1227,565,1007,1312,1522,611,1038,537,867,1497,663,1143,1111,1366,1428
548,489,444,729,480,452,455,706,423,563,561,435,651,492,473,516,558,513,546,570,738,428,371,621
have you finished studying.
thanks for your help.
1078,576,889,751,1055,1037,1283,1107,1084,858,1209,1116,1220,678,1073,752,770,1102,687,926,1143,769,1034,1212,1111,949,1337,1486,879,1039,576,1070,1181,642,1086,818,1228,775,1028,1032,1293,1119,790,1068,1026,719,1242,1326,1309
539,575,703,469,730,445,424,425,743,617,444,638,439,580,567,491,599,744,582,525,473,600,485,445,646,652,683,548,531,594,606,674,553,603,775,655,460,524,720,457,448,450,506,721,560,514,576,469,667
hurry.
i'm hungry.
1025,1089,785,784,960,1255,1397,1136,1428,1168,1066,1080,1129,1127,920,789,987,1324
615,479,509,517,473,683,529,466,585,678,753,583,446,666,612,492,461,687
how much money do you have.
1027,1274,650,1085,1211,1121,798,1034,1067,1176,1296,1114,737,1046,1039,749,1314,1047,1036,1305,1095,977,976,440,770,636,1349
551,448,496,732,633,437,681,559,715,630,448,649,493,427,729,582,453,724,465,431,431,775,544,585,689,500,748
take this medicine.
752,395,1112,561,1001,736,939,1064,520,971,1057,606,648,1097,680,1098,980,618,1242
521,645,574,532,761,558,585,483,609,781,679,525,645,462,714,466,677,536,669
how many children do you have.
1008,1227,527,1058,1134,434,1039,961,972,679,982,1128,1205,636,710,625,1021,1023,655,1218,992,965,1226,1054,979,1006,475,782,667,1086
549,465,520,744,654,618,665,425,733,711,575,433,560,589,503,477,665,756,591,468,716,498,463,447,711,542,601,692,505,689
see you later.
587,663,667,1067,1024,1270,1094,1030,1258,480,836,668,758,1333
550,487,494,735,474,444,443,697,543,567,522,471,508,661
i give up.
have you been to boston.
1147,1047,806,1154,823,666,1042,1066,1312,1317,1445,1052,462,792,663,1053,1017,1290,1121,1020,964,676,686,1066,1042,850,1268,1092,1004,1256,612,876,1261,1077,1314
398,700,584,421,677,492,712,431,409,599,488,530,569,669,487,726,438,413,409,686,635,478,482,637,762,504,415,722,642,440,542,522,458,665,657
i don't like it.
do you hear that.
1036,954,574,1139,940,1323,768,971,1183,1038,1047,543,941,1040,727,1180,1402,579,1184,978,952,1193,1028,983,928,554,393,635,963,730,907,392,734,1234
474,754,554,472,657,551,494,750,538,440,589,479,728,428,493,639,487,579,406,639,411,400,388,634,503,468,544,482,680,486,503,548,489,653
what do they study.
i need to go now.
482,952,401,727,1016,611,1199,1031,739,951,598,906,1011,546,776,1045,626,905,1230,1411,1087,1021,1037,610,615,646,1025,809,1216,1038,850,1235,1036,1030,1205,553,1255
457,539,561,489,701,524,417,676,471,535,463,431,689,520,477,407,526,421,597,446,382,650,604,444,447,540,718,483,401,695,584,400,713,608,435,460,622
i'm not american.
1148,1402,1115,983,1002,1213,795,1002,465,643,717,1134,712,707,468,1022,1219
403,570,653,736,644,431,481,727,543,455,458,416,640,635,556,649,697
more than 200 miles.
997,1134,664,584,963,769,934,472,995,974,496,1367,1406,1000,1108,1128,1230,643,597,1358
653,467,471,422,689,444,487,559,639,747,225,193,214,745,667,419,537,448,575,716
from here to there.
708,655,1158,1080,1027,982,617,704,622,1018,805,1210,1015,806,990,633,718,644,1299
601,434,468,700,750,537,462,473,462,737,467,428,719,472,527,449,480,438,694
the book is on the table.
804,920,662,955,893,1226,1225,1124,1016,1141,594,1044,1215,1044,1038,822,982,676,1025,828,512,929,1177,691,1313
484,544,483,757,661,461,464,563,718,436,561,718,452,630,711,508,531,475,714,502,563,645,537,475,682
what color is that car.
can you recommend a good restaurant.
533,899,464,803,955,711,1129,1141,1131,717,985,1047,578,1000,808,942,481,827,983,731,485,742,1167,1382,730,522,1019,941,925,1207,1027,956,731,653,732,1182,1098,1101,662,1030,700,1033,510,1025,816,1242,1237,713,1036,768,712,640,897,512,763,845,516,1052,875,1264
491,563,582,519,746,682,416,613,431,501,713,428,546,707,500,516,543,489,710,639,565,463,635,465,639,567,619,691,428,422,409,665,476,433,653,421,607,607,444,596,540,714,542,719,550,392,406,520,703,437,440,517,479,527,425,445,503,582,461,625
which one is better.
567,980,1164,759,979,1033,1213,1018,686,1038,1141,612,1054,958,686,886,874,729,819,1196
424,559,424,638,544,697,433,619,446,719,422,517,722,602,435,475,483,427,480,680
do you know how to get to the marriott hotel.
727,1248,1016,990,1244,1084,1011,1140,1027,1218,625,1031,1006,1224,627,1035,890,1273,1061,906,737,921,1059,923,1264,1060,920,1012,761,1036,1137,567,813,813,1154,1236,914,924,1052,1026,1262,904,750,1224,1288
559,421,697,449,429,425,694,517,626,439,442,704,540,455,454,724,479,428,690,567,429,471,703,468,433,700,479,528,454,722,615,525,463,462,444,447,471,475,719,534,432,481,410,553,753
my house is close to the bank.
there are some apples in the refrigerator.
1089,975,969,949,1162,980,550,631,1030,1115,567,1021,724,1188,1171,569,658,1034,816,1205,1033,813,977,685,965,917,473,1033,1142,1279,1526,806,972,662,733,664,1051,466,733,669,1017,580,1162,1088,680,1058,443,1313,1332,1224,607,554,1040,1101,1018,1039,785,965,647,1002,714,625,843,727,1122,864,649,745,468,856,1217,706,1221
619,448,720,587,459,465,594,514,726,427,570,738,684,580,449,570,501,753,521,460,753,529,559,486,762,675,587,695,573,679,500,516,551,469,500,460,716,547,483,458,727,544,444,653,465,748,610,395,399,572,483,567,716,423,618,723,503,527,478,721,489,454,599,461,431,591,444,467,533,504,460,467,659
i don't like him.
1131,1024,655,1210,1015,1362,804,1011,1260,1105,1120,640,1007,982,1130,1120,1350
420,729,554,443,663,555,491,742,536,452,585,456,732,545,406,645,666
how far is it to chicago.
990,1242,573,1066,758,471,726,1036,1132,598,1054,1168,817,1051,829,1226,1036,716,1013,1153,732,483,872,1206,1261
558,447,464,736,574,555,478,709,428,548,716,423,491,725,501,443,710,650,541,429,667,577,589,453,642
what's your favorite food.
561,1007,496,847,1420,599,1028,979,1238,1083,727,1023,760,502,855,1230,749,1144,827,688,1053,771,1221,1204,693,1270
441,529,545,503,524,540,714,444,416,430,477,726,588,546,683,409,471,407,481,433,703,563,397,408,526,637
fill it up, please.
751,1103,1211,1217,1024,1129,824,1013,1019,1252,1228,1080,1340,1259,644,467,608,697,1288
553,388,540,565,706,386,464,705,421,390,617,737,373,524,456,551,555,478,629
does anyone here speak english.
what do you recommend.
667,1200,642,581,1047,480,1018,931,1220,1024,651,1008,969,659,732,667,1058,601,1367,669,499,1149,1057,666,1012,855,1303,1167,609,996,1250,1522,587,1037,525,835,1068,705,1269,1034,1004,1250,1070,1011,759,689,754,1249,1155,1153,683,1060,718,1274
592,410,474,563,713,565,608,419,397,615,461,721,506,454,479,455,639,554,335,458,543,506,690,463,590,564,454,370,545,498,590,424,457,511,531,487,701,536,411,694,422,409,410,678,484,441,661,416,607,618,445,626,564,631
where do you want to go.
call the police.
591,452,1033,704,778,708,713,1314,1098,1058,1275,1131,1074,600,499,1063,837,1071,842,1268,1082,895,1264,1296,1463,739,548,1244,1233,1070,844,506,1022,731,1044,1392,1270,1298,1219,791,713
446,874,524,463,492,449,593,362,666,447,414,425,679,468,537,579,498,726,503,435,712,598,433,613,449,640,575,519,543,723,492,814,537,459,727,386,404,509,420,637,459
good afternoon.
843,1226,1226,692,1041,473,725,776,638,736,1030,1218,1205,1004,1199
612,414,424,544,728,570,585,503,460,485,640,462,477,652,656
his room is very small.
964,1102,555,1000,694,1202,1197,1103,1039,1124,562,1021,795,642,734,941,956,601,1092,479,1225,1211,1259
565,455,560,762,488,463,467,645,764,427,534,745,672,463,486,454,752,567,580,572,530,552,653
i don't know how to use it.
1102,1002,654,1211,1020,1365,803,1032,1110,997,1192,561,1008,987,1218,572,999,813,1219,1035,1076,596,679,1035,1134,826,1210
395,691,553,420,635,544,473,719,518,636,447,455,740,525,443,466,743,497,418,708,442,543,463,715,416,488,664
do you have any coffee.
why aren't you going.
669,1244,1042,1036,1263,1099,1039,1002,513,787,677,1032,512,1054,962,994,735,1251,774,787,690,692,1260,1450,596,1020,967,979,520,746,675,1062,1412,866,1076,1022,1250,1095,1013,883,1272,1154,1073,892,1294
573,451,707,486,462,460,709,558,585,662,496,745,557,619,427,726,660,411,578,578,466,478,641,493,474,531,412,687,541,477,447,623,519,472,699,448,440,425,678,577,453,423,616,583,614
i'd like to rent a car.
1107,1485,690,1054,1295,1159,1178,686,1063,843,1274,1080,748,685,1079,870,1064,550,1070,773,540,807,1264
426,545,553,708,518,424,544,465,710,494,431,708,462,441,618,471,743,551,740,651,544,472,666
how much do i owe you.
1046,1313,611,1096,1218,1103,785,1039,1025,743,1303,1066,1213,1075,1297,615,731,1086,1039,1275,1077,1302
539,426,452,708,636,404,632,536,707,543,417,686,393,682,425,428,455,703,440,419,440,603
would you like to go for a walk.
604,1261,1056,1278,733,1031,997,1245,1054,1005,1253,1116,1131,716,1053,881,1244,1058,925,1249,1075,815,1256,772,1084,523,1075,617,536,1294,1173,1320
427,395,427,523,545,717,446,423,423,686,530,421,541,463,705,474,417,687,596,434,695,564,405,465,686,535,707,427,542,506,516,616
would you like to rent a movie.
1033,1278,1124,1292,729,1059,1033,1278,1096,1021,1310,1184,1184,727,1075,878,1278,1090,767,714,1076,881,1077,545,1084,1198,1323,860,1191,730,1318
418,415,410,520,563,689,436,432,423,684,524,406,546,483,704,496,426,683,460,457,608,494,726,546,712,624,414,666,430,463,659
thanks.
i think it tastes good.
872,1026,560,1061,1188,666,1297,1550,1228,1088,851,1057,1187,1059,1197,1077,1173,864,1070,874,531,690,909,735,675,1082,918,1281,1269,750,1290
524,539,575,654,544,561,662,499,417,690,478,550,423,621,525,703,410,467,710,466,516,518,465,405,526,729,573,421,431,521,623
