what do they study.
514,996,408,708,810,624,1184,768,735,992,573,995,787,557,732,1075,637,1108,1288
419,529,494,430,695,487,472,706,455,533,400,460,705,524,454,386,506,448,606
it's too late.
can you translate this for me.
1311,849,1523,666,918,866,1357,1360,924,1347,564,865,714,1363,1559,809,555,1156,901,1168,1371,1221,925,865,783,532,1147,663,1321,550,866,696,934,854,1118,1245,665,931,847,1323,807,908,1214,716,1367
450,468,596,530,729,477,493,500,734,583,555,480,431,652,615,660,546,653,738,508,497,500,735,490,486,553,672,525,593,557,489,424,717,481,573,465,523,743,508,483,465,729,689,448,655
i'll call you on friday.
you're right.
1276,1536,1372,1375,899,811,567,1370,1376,870,1176,1373,1227,895,1356,1191,875,813,773,1296,723,533,1158,1338,1505,1146,1337,1209,1533,786,695,895,780,1252,916,1112,862,1310
462,567,558,569,723,605,555,552,558,714,488,454,466,723,465,651,714,531,447,489,492,551,514,653,638,523,525,513,644,479,442,711,471,491,576,602,485,689
i'm leaving tomorrow.
1267,1531,1229,878,1354,720,537,838,1284,1171,875,931,797,1340,1192,1340,798,795,1328,620,1330
460,591,638,717,584,442,552,607,464,624,525,735,477,474,615,492,472,471,484,454,657
how about saturday.
1136,1396,655,944,592,994,1366,1218,882,991,704,569,898,1212,821,759,565,1172,1360
572,484,468,770,558,672,505,505,493,785,536,561,503,500,483,541,578,481,645
i live in california.
more than that.
1295,959,1355,1284,940,779,971,1280,1184,971,876,621,1353,1279,868,1354,828,1166,1305,598,1385,1505,1207,1352,832,737,960,900,1167,601,1160,971,882,1129,593,905,1316
500,748,583,483,674,468,764,499,638,770,664,588,583,492,561,511,484,664,494,570,667,610,644,538,494,457,744,506,584,575,687,766,501,596,584,503,692
i live in california.
1309,974,1408,1345,901,777,969,1348,1230,976,878,641,1401,1351,883,1396,851,1212,1305,617,1387
507,775,606,504,607,475,771,504,665,779,638,587,609,498,578,531,505,680,527,585,691
my daughter is here.
the whole day.
1251,1216,951,807,615,1247,963,1187,905,766,839,984,1308,730,989,958,783,866,768,1363,1535,905,1167,773,986,695,1147,1344,1347,768,985,813,602,1188,1381
662,543,768,550,582,531,581,629,507,465,490,752,521,543,771,561,468,499,479,705,642,521,602,473,756,476,638,538,624,448,755,518,578,547,680
i'm getting ready to go out.
1314,1544,1285,955,976,796,926,919,1304,1177,957,984,852,775,590,806,1186,953,918,1355,986,951,1356,1015,1356,1218,923,1331
520,631,668,752,578,455,505,495,502,679,558,767,503,473,574,539,524,749,503,520,769,559,511,772,517,527,498,685
did you send me flowers.
836,1326,830,988,1244,1423,1288,987,748,802,1180,830,975,1230,798,987,900,1369,1365,729,804,871,730,1364
541,499,530,772,517,506,506,775,544,477,665,551,767,676,467,755,558,596,535,480,478,501,536,692
do you have enough money.
that's her book.
833,1396,978,1244,1400,1282,976,1165,656,926,818,987,809,1190,1398,1254,973,1175,1008,1211,1366,1246,802,1219,1409,1536,931,1168,629,950,1583,768,977,1153,813,861,1005,996,1394,1400,1300,1395
556,530,773,526,543,533,778,600,576,647,498,771,487,683,526,528,574,612,784,685,529,653,467,542,691,632,526,588,578,530,634,560,767,599,483,491,764,650,499,496,588,682
that's not enough.
he doesn't look like a nurse.
946,1229,644,956,1577,769,1009,1218,1423,949,1037,831,1183,1382,1234,1005,1166,1364,1538,1150,833,1008,867,1398,824,771,1179,1545,955,1049,1395,1393,1395,1311,1016,1394,1317,1311,827,1018,656,1013,1207,1248,915,773,837,1381
512,571,565,511,627,530,756,679,533,499,756,446,669,525,526,560,620,700,633,606,468,756,522,516,479,541,665,657,499,763,642,576,577,622,780,656,554,625,469,757,572,786,711,571,520,560,484,736
do you want to come with me.
874,1382,1006,1222,1415,1259,1007,753,663,1171,961,1044,960,1369,1040,923,1365,1236,816,1018,733,1306,969,1171,1032,1227,825,1389
574,531,786,522,502,518,784,480,569,703,508,771,507,543,775,669,548,683,468,757,474,525,516,607,787,692,474,683
i'll tell him you called.
what's the temperature.
1312,1589,1414,1416,1006,953,809,1389,1389,1027,1160,1310,1249,1014,1198,1419,1247,1026,920,665,1378,1380,834,856,1382,1582,756,1184,666,987,1543,783,1032,982,1202,822,1048,956,815,1245,1449,822,888,646,956,1248,898,806,1396
532,625,633,628,766,501,466,626,629,779,605,498,719,775,550,525,536,781,625,569,618,620,477,547,709,655,484,619,566,501,643,561,779,519,617,467,764,505,465,676,593,482,492,587,509,537,500,460,704
that restaurant is not expensive.
973,1234,642,966,1068,893,813,749,951,638,1300,894,645,1235,956,1047,1357,788,1036,1233,1414,962,1075,832,825,1492,821,1233,764,1351,960,813,1414
526,593,587,514,775,505,482,559,510,607,526,522,607,719,512,775,506,561,786,654,544,521,802,478,637,589,469,693,584,500,683,474,693
i'm fine, and you.
i'll talk to you soon.
1351,1572,1308,991,921,1366,1255,804,1303,979,672,1199,866,990,1215,1420,1258,1387,1510,1326,1546,1423,1416,979,957,672,1421,1328,994,927,1402,1014,1237,1432,1292,1010,790,1402,1380,1206,1388
501,599,664,754,590,503,636,474,666,765,601,663,568,768,493,478,492,688,575,457,617,628,623,761,509,589,621,625,754,505,568,766,550,531,540,776,557,543,578,700,722
a few.
i'm just looking.
696,1022,934,842,767,1404,1595,1306,1590,1298,1004,1259,1269,792,986,1057,1378,1379,1380,1298,1301,1193,995,1387
584,786,600,486,526,698,621,517,618,662,762,582,526,587,529,772,626,516,522,590,512,696,582,698
my house is close to the bank.
1247,1221,1020,1181,1396,1253,801,866,1027,1317,813,1025,937,1386,1379,801,846,1016,963,1378,1057,977,1185,821,1042,1037,681,1175,1288,1388
680,540,770,600,518,525,558,479,757,498,570,772,704,627,534,566,479,750,497,536,779,503,591,450,761,679,568,687,588,686
i have pain in my arm.
where's the mail box.
1310,1016,1182,679,962,835,1024,1448,672,1283,1193,999,1296,1205,1005,1242,1196,991,682,900,1260,1399,1521,766,1198,828,906,823,1508,774,1021,967,1189,820,1033,1238,662,1294,1378,1020,1045,1350,841,1450
511,766,589,563,640,461,761,543,572,506,703,761,520,668,755,692,546,759,582,502,681,687,626,482,610,470,486,466,609,527,753,494,597,453,745,713,572,525,610,762,688,532,638,699
i'm happy.
how much are these earrings.
1238,1505,1224,948,1114,632,1402,1417,1121,1331,1509,1099,1336,674,992,1167,1173,865,1112,954,628,858,760,959,916,1088,762,695,761,969,777,612,846,836,1272,1169,947,732,1352
501,577,649,751,590,559,542,539,526,672,585,579,481,451,775,646,501,640,581,752,563,506,459,735,501,571,448,538,448,733,472,578,477,482,493,651,539,543,648
what are you thinking about.
706,1109,627,928,1019,638,872,785,971,1137,1338,1190,973,907,1090,1230,1114,1214,1226,1121,956,1007,623,995,1318,1174,928,1305
454,576,566,484,757,574,487,455,732,516,470,491,752,476,576,460,643,539,466,654,540,756,548,659,473,491,484,667
i wish i had one.
i'm here on business.
1295,1008,697,1302,735,1143,975,1270,992,1142,661,835,987,1335,1142,788,1341,1501,1243,1525,1220,986,1089,800,870,772,978,1309,1119,985,1020,1211,771,1269,1144,798,752,752,1360
470,790,462,463,567,564,757,465,770,579,577,533,762,508,679,453,691,632,501,600,695,756,606,462,487,457,736,517,660,764,700,487,531,480,671,449,529,545,676
i've heard texas is a beautiful place.
can you give me an example.
1310,1544,943,785,984,1115,798,627,873,819,959,942,791,797,624,728,964,1282,757,981,627,1023,795,782,605,1227,926,897,1209,1360,988,1414,1448,1329,665,908,785,1350,1520,900,662,1157,962,1161,1373,1230,970,1008,1269,955,767,981,1247,785,998,641,1168,987,791,789,612,1230,1454,1353,798,1369
445,573,652,445,753,552,448,560,499,555,742,503,440,598,560,529,734,462,544,759,556,680,441,442,553,488,499,569,505,580,762,530,473,557,572,649,455,650,601,636,567,644,749,504,477,471,761,601,455,674,427,749,683,441,751,549,652,755,440,588,559,647,515,594,432,664
what time are you going to the bus station.
770,1175,655,972,1065,936,1319,1266,822,1014,646,883,788,1014,1243,1433,1293,997,995,1377,1309,1197,994,1021,961,1361,1033,996,1140,808,1026,1039,1226,771,1022,764,951,639,951,1287,1361,1170,1397
697,748,769,706,994,693,666,815,653,951,756,684,643,948,699,691,700,949,764,656,648,854,754,962,700,683,981,721,771,646,943,868,676,733,963,774,693,779,694,694,716,873,865
i still haven't decided.
939,603,352,532,929,1030,1039,609,782,253,526,388,820,1228,522,621,424,378,473,936,413,367,399,1052
405,706,539,437,407,483,487,703,519,526,572,410,616,504,426,689,524,397,572,430,483,401,505,577
how much altogether.
805,1019,307,602,873,877,497,823,580,261,1019,540,994,617,417,543,876,408,474,1064
544,453,422,699,618,474,598,538,694,525,559,445,467,545,426,442,525,428,439,654
i'll teach you.
here you are.
913,1160,1044,1041,614,525,402,223,506,816,598,822,1017,871,1009,1183,791,395,462,392,463,833,1033,891,597,266,482,390,1004
466,541,538,537,732,429,421,525,630,572,716,486,464,471,645,570,556,443,447,443,453,495,496,486,714,556,454,428,683
how tall are you.
1185,1438,792,1049,1008,701,1427,1469,1007,720,945,857,1033,1223,1428,1278,1424
422,315,299,600,339,383,399,444,584,417,335,302,578,353,330,333,540
i've worked there for five years.
1377,1594,1026,870,1037,786,1438,933,1347,874,880,1005,1002,1220,850,939,844,1034,950,1412,908,1050,961,1333,1016,837,1032,1217,842,678,916,764,1414
336,467,513,332,618,321,365,351,438,399,454,619,369,437,329,353,321,602,409,374,345,612,415,350,539,312,616,387,323,430,363,436,529
i forget.
the whole day.
1355,1030,954,1419,917,1040,851,955,1426,1608,977,1220,822,1033,743,1208,1404,1419,830,1022,873,700,1210,1413
371,668,443,397,390,457,352,382,549,524,387,449,345,628,340,461,399,484,339,622,442,484,409,579
is it nearby.
1386,752,1019,1383,957,1036,1053,841,657,901,1076,1207,1427
395,417,657,372,381,663,585,370,468,390,581,411,572
i'm very busy.
we can eat italian or chinese food.
1277,1487,1241,998,1028,833,899,1186,1001,1044,1199,810,1147,1342,1520,764,834,1008,932,723,1174,1015,833,646,955,1028,1278,979,643,1348,1273,699,1167,1001,1329,899,1015,941,1152,1284,1157,829,774,837,999,956,1339,1341,870,1345
396,487,572,669,565,386,413,428,676,603,426,467,439,599,543,386,368,660,557,502,580,713,370,464,415,665,406,419,460,520,411,488,617,673,448,416,664,570,511,406,581,372,461,372,650,486,426,428,448,596
have you been to boston.
1212,695,958,862,1031,1199,1403,1257,1045,1084,871,870,1194,1035,1005,1379,1051,1094,1380,828,1008,1372,1169,1391
514,515,610,427,695,474,428,446,719,628,411,406,635,722,457,440,748,662,450,511,461,450,636,654
how long is the flight.
1163,1390,739,1044,1389,1401,1198,988,1061,1320,811,1045,990,1190,822,1047,932,1385,1321,1011,1181,976,1380
537,447,406,732,540,457,589,496,744,426,506,734,465,516,404,713,524,567,441,479,535,428,664
where would you like to meet.
828,1195,858,928,843,1081,682,1406,1219,1386,772,936,1111,1355,1196,956,1345,1261,1255,727,979,921,1336,996,1226,745,748,911,1341
226,238,198,205,188,519,386,405,382,498,485,740,425,374,391,747,543,407,510,395,720,403,392,746,608,387,386,408,670
how long have you worked here.
where's the pharmacy.
1120,1358,675,948,1454,1437,1230,956,1029,1207,595,910,733,923,1178,1396,1242,986,685,1403,838,1293,767,786,972,1192,796,883,785,1371,1587,731,1152,799,886,802,1544,709,951,903,1150,760,980,1491,1121,630,878,1214,645,859,1087,1353
564,459,464,785,546,434,589,484,762,534,500,573,393,701,430,407,424,747,364,396,365,543,344,437,726,502,371,405,349,628,518,414,538,388,384,360,576,461,736,410,558,363,701,459,536,509,392,639,493,617,419,620
i'd like a room with two beds please.
it's too late.
1260,1540,671,839,1371,1303,1276,710,919,537,923,787,1380,1399,1212,938,698,1298,910,1144,976,905,663,1425,964,1009,779,805,711,921,1476,1359,769,598,665,726,1395,1551,1328,878,1619,688,941,906,1385,1386,942,1386,571,899,732,1371
362,467,503,712,529,409,515,366,685,460,669,379,387,371,606,683,364,397,380,495,679,379,338,417,679,567,338,454,442,644,438,486,339,437,436,330,584,554,418,382,582,446,658,401,411,414,672,509,464,393,344,608
i thought the clothes were cheaper.
1291,931,867,1129,1395,1218,954,1137,904,971,897,1142,737,883,822,1342,1346,911,1121,756,683,944,659,730,820,732,952,842,1196,753,572,1512,727,821,1383
438,679,410,554,444,447,491,560,373,667,394,539,342,721,570,537,439,388,522,366,421,679,357,316,338,294,674,588,525,327,444,408,343,339,622
the big one or the small one.
888,1207,741,955,1012,1294,991,1017,1403,1193,770,971,1447,853,959,930,1154,753,964,696,1260,554,1461,1462,928,1463,1227,753,1406
427,519,389,742,625,413,496,747,403,581,368,726,385,380,697,356,520,343,698,466,596,467,502,508,705,403,603,340,628
how do you spell the word seattle.
good idea.
1129,1368,662,936,786,1372,953,1147,1400,1254,941,709,1466,768,1372,1378,970,951,1152,773,996,693,1423,862,766,929,686,763,559,887,876,1395,711,1400,1576,912,1348,1359,770,924,1311,797,736,598,1390
585,479,447,771,532,482,760,512,466,487,762,560,483,438,617,603,766,447,596,396,727,398,465,422,483,724,508,394,484,409,392,604,387,741,655,551,487,479,518,755,408,491,367,527,659
where is there a doctor who speaks english.
what's wrong.
642,1152,733,823,726,959,1298,692,941,901,1144,745,734,956,918,595,937,773,1363,835,904,1359,812,928,665,1123,1396,929,727,1486,760,578,1301,708,934,745,1184,937,1359,1289,714,1149,1378,1548,649,1139,577,908,1535,674,932,657,839,1333,1132,938,1357
401,558,386,385,360,711,410,488,748,436,537,384,367,658,715,496,712,481,445,579,387,453,404,706,384,551,424,694,469,452,366,490,524,485,710,380,628,484,529,441,479,544,621,558,391,522,473,389,565,443,688,362,393,444,586,487,652
pick up your clothes.
1480,1283,836,1310,930,1265,1555,914,1167,1407,1237,793,960,845,1356,1366,922,1102,740,678,1358
441,385,571,511,660,399,401,674,369,363,352,377,689,610,502,421,367,548,348,426,608
the plane departs at 5 30pm.
886,1165,750,972,1476,1350,600,1150,782,966,798,768,1456,591,839,923,713,963,625,936,1008,881,986,670,1458,1500,1244,1419
417,540,365,684,449,519,492,628,355,675,436,361,467,470,370,374,435,657,451,393,655,256,716,258,298,404,553,553
i'm not going.
1324,1580,1256,914,1134,1342,883,979,944,1340,1253,1129,941,1345
441,491,627,691,646,485,413,698,483,434,419,627,474,645
over here.
let me think about it.
1328,886,735,842,973,1131,788,887,788,1360,1523,1305,733,869,958,1273,741,964,916,1167,1321,1166,1299,956,627,979,1367,1222,916,996,1293,919,1398
456,629,394,430,726,573,391,400,384,652,565,580,408,423,705,583,349,684,378,560,414,634,529,691,513,608,402,396,388,673,416,398,660
certainly.
i believe you.
827,710,788,848,563,1261,1129,1351,1152,1367,1535,1278,932,980,798,1332,1274,773,931,773,994,1146,1356,1191,1369
568,395,380,385,508,438,600,514,451,596,538,429,692,572,376,513,417,356,529,348,691,406,368,360,574
over there.
1344,932,750,840,957,894,1119,741,819,728,1328
392,567,384,396,678,402,495,328,323,303,608
do you have any coffee.
828,1393,976,1182,1418,1250,1017,1155,676,982,809,971,643,1170,1136,971,908,1349,922,923,804,803,1356
490,435,719,455,426,431,721,570,487,579,377,680,480,640,490,683,579,442,482,468,360,364,641
i like to watch tv.
good luck.
1377,985,1441,1378,1369,811,1049,984,1435,1364,747,636,971,898,1162,993,974,989,1428,1586,1125,1434,1436,825,982,1426,1267,904,1310,1428
399,661,513,386,469,316,635,332,411,387,332,396,297,543,464,639,321,491,608,529,501,377,385,404,659,499,382,537,473,615
do you know how to get to the marriott hotel.
where are you from.
830,1425,969,1262,1507,1363,1022,1399,1262,1517,785,1084,1206,1525,791,1084,1028,1473,1097,1060,877,1034,1114,1052,1436,1130,1079,1250,877,1106,1301,665,926,923,1350,1440,934,992,1020,1170,1466,963,805,1400,1445,1589,729,1195,811,932,815,1039,627,920,791,1032,1163,1409,1243,1016,926,880,1404,1259,1447
486,425,703,412,407,396,720,505,629,471,358,723,548,406,360,719,380,456,707,444,313,349,665,351,432,681,341,526,299,692,635,448,379,372,434,424,367,358,694,506,365,360,311,597,588,538,387,518,364,353,329,721,449,374,313,670,397,342,353,690,444,340,388,607,624
there's plenty of time.
why are you laughing.
752,1206,814,934,824,1603,759,1027,1511,1382,805,1218,961,1152,1022,1416,887,1063,966,1320,1246,785,1414,1608,712,1160,1130,1006,627,916,792,1024,1139,1395,1210,1011,1370,630,1220,996,1157,1289,1170,997,1393
420,512,342,349,327,518,436,692,440,509,356,633,371,401,680,366,427,673,341,415,607,333,620,579,387,519,414,718,483,392,344,690,419,351,372,705,521,487,409,479,547,395,585,450,577
when are you leaving.
720,1214,809,1216,999,639,879,775,971,1125,1369,1192,981,1386,801,606,939,1314,1197,977,1391
391,522,365,609,695,497,406,382,695,419,352,374,701,516,365,454,549,390,559,462,593
do you have any money.
sorry, we don't accept credit cards.
844,1479,1008,1211,1498,1313,1008,1184,660,987,823,999,641,1183,1167,996,1222,1421,1190,797,1151,1344,1551,766,1365,888,882,1151,1310,967,720,784,993,830,1425,1208,1611,954,1008,575,882,872,764,1504,915,919,865,842,754,786,1345,911,1029,867,629,891,792,722,1432
471,444,724,434,378,371,726,559,497,554,383,694,468,633,474,717,624,432,646,358,429,580,537,463,417,397,393,426,560,690,351,339,706,462,410,524,504,361,676,471,526,515,359,422,368,664,513,349,314,426,328,327,633,496,450,362,401,441,612
i don't speak very well.
no problem.
1324,944,830,1476,1253,1642,969,1031,768,1538,811,636,1349,990,959,792,879,1155,992,726,804,1435,1440,1437,1639,1167,1429,985,1500,831,1384,979,1363,740,1239,1439
452,719,483,393,581,529,387,689,454,425,362,454,484,676,579,364,376,363,677,333,310,467,481,611,528,590,407,706,385,352,369,542,493,314,596,655
i have a reservation.
sorry, we don't have any vacancies.
1311,1005,1189,569,899,732,940,568,931,791,692,630,703,775,905,594,891,1270,1363,1141,1346,1539,659,1338,795,783,1108,1231,934,665,759,920,786,1355,1139,1546,891,971,1085,593,920,756,950,587,1111,1094,950,900,597,823,580,1153,829,1308,722,689,1359
357,737,491,455,561,353,670,442,667,365,331,425,345,324,534,424,345,298,342,532,515,452,403,368,339,319,351,493,616,294,341,619,394,335,516,439,311,618,460,416,519,321,621,406,526,365,631,491,392,491,392,558,503,306,253,353,544
he's very annoying.
1006,568,1439,489,788,752,580,655,981,819,449,948,962,1196,951,1115,983,795,1230
558,391,520,446,702,581,391,400,405,709,530,584,578,404,430,346,568,474,574
when does the plane arrive.
593,1024,683,1032,887,725,1263,691,620,871,824,1046,687,905,1380,1258,520,1077,680,910,551,797,791,1220,870,679,1359
425,545,411,632,714,495,431,358,457,683,412,525,372,665,428,501,501,622,365,671,487,406,396,404,561,391,682
i'd like to exchange this for dollars.
what do you study.
1270,1539,738,893,1356,1284,1272,687,892,865,1347,919,714,710,813,1077,576,1102,911,721,923,869,1087,1268,645,926,831,1364,767,904,723,1338,1336,1337,529,783,625,1341,1532,621,1102,542,880,963,753,1320,914,1092,1340,1168,956,740,936,1171,815,1091,1301
428,540,462,677,522,412,515,352,644,384,412,660,369,520,541,505,454,611,443,332,622,364,438,353,397,650,430,388,352,613,408,396,466,476,436,326,404,578,515,325,469,429,329,598,387,384,602,369,366,376,696,401,336,338,407,369,527
be quiet.
can you speak louder please.
1033,855,1009,610,1195,1299,770,921,1344,1530,911,643,1141,961,1138,1363,1211,977,732,1440,790,610,1266,967,1342,1348,1237,818,788,872,982,1475,1337,789,584,715,790,1384
617,388,674,378,409,364,332,362,589,528,549,458,577,647,383,363,359,645,424,411,331,424,483,613,496,386,372,398,328,337,604,402,465,339,463,439,340,573
what do you recommend.
765,1143,626,955,1039,866,1367,1016,1142,1373,1204,1023,879,810,903,1338,1203,1207,817,1140,824,1418
385,482,462,358,637,417,394,636,398,343,367,651,348,333,501,391,556,558,316,581,422,535
is your husband also from boston.
1308,802,1014,1176,1395,1255,902,1048,1145,1233,765,1058,675,1172,878,999,664,1372,768,1395,993,930,884,1379,1242,982,1024,1384,774,973,1352,1163,1352
396,454,677,429,393,387,378,669,513,414,438,539,455,594,426,644,438,506,424,397,650,442,348,399,556,618,529,387,419,349,405,526,543
what's the phone number.
the whole day.
720,1147,636,956,1567,719,940,930,1160,764,951,1468,1122,1339,1144,749,951,1152,1246,1223,974,722,825,1339,1538,848,1138,715,931,663,1138,1385,1384,732,953,761,570,1105,1329
379,504,474,374,500,457,676,390,500,357,638,420,522,404,563,370,656,602,346,571,538,319,315,581,519,353,503,339,629,318,468,372,496,330,669,446,469,387,543
at what time.
610,923,1007,687,1144,603,937,1008,926,1378,1275,761,1422
487,397,667,346,505,439,339,601,373,311,550,330,591
these books are ours.
974,1208,825,750,830,1055,1077,1416,1435,1335,780,1005,684,934,843,1033,1423,1365,880,733,1399
488,626,444,524,416,735,704,474,471,557,501,729,506,426,387,692,444,417,411,464,606
the book is behind the table.
930,1208,791,1014,1046,1419,1440,1337,975,1346,771,985,1077,822,1159,1325,1178,853,1007,960,1174,795,1009,981,630,1016,1474,823,1428
440,527,390,704,594,418,404,512,687,420,463,672,604,367,519,388,591,436,676,407,514,368,674,375,484,543,468,359,593
my grandmother passed away last year.
it will arrive shortly.
1249,1219,1006,1001,917,642,1242,853,1233,1416,969,1194,810,902,1014,1561,627,753,751,807,844,990,664,744,637,1213,969,1396,669,731,948,1013,926,765,587,845,1394,1571,1305,938,999,709,1320,1405,1413,978,657,879,888,1323,1002,829,1010,771,1149,1390,881,959,1373,1129,1331
615,467,713,488,377,479,579,451,585,433,405,519,365,391,647,374,483,451,443,347,419,632,452,353,427,387,632,478,445,416,348,607,354,293,429,307,556,518,410,390,629,329,373,467,463,626,454,346,341,382,544,334,612,359,472,376,293,305,489,356,543
i'm coming right now.
1314,1581,1296,934,880,1420,1286,1376,1246,1003,971,844,1340,975,1193,937,995,1196,1403,705,1385
426,534,571,695,568,414,537,397,544,428,680,363,387,438,493,350,628,566,383,315,599
turn around.
someone does that for me.
904,1243,810,1190,957,607,849,1371,1224,1160,806,1397,1630,708,1376,1237,751,1415,1198,782,953,777,1410,736,695,926,881,1146,606,864,961,812,1384,791,909,1269,693,1382
475,485,458,656,752,566,455,453,433,620,450,656,579,521,483,624,386,463,627,365,669,463,410,349,456,694,390,509,426,342,662,443,417,335,668,577,309,598
i don't want that.
1293,934,732,1403,1192,1590,868,932,633,533,1222,877,978,902,1174,577,916,1376
425,752,458,440,599,544,350,695,352,445,604,333,656,334,511,437,334,637
i'll have a glass of water please.
1336,1633,1447,1455,924,1228,593,919,775,979,582,981,960,1429,566,718,725,962,1410,879,969,696,605,933,763,834,980,1480,1384,724,509,639,711,1364
412,518,534,522,683,502,478,560,357,697,447,702,453,537,455,426,421,680,441,428,657,327,424,345,300,330,640,424,505,336,438,393,300,616
i need to practice my english.
what's the date.
1324,931,1216,752,760,772,930,913,1379,951,1480,828,561,843,902,1310,850,749,917,1240,1137,916,745,1171,918,1357,1275,654,1160,1361,1544,631,1116,596,898,1581,622,914,858,1102,715,907,746,569,858,716,1316
465,684,600,347,351,429,656,361,417,631,412,347,457,504,361,417,476,322,635,610,401,649,309,614,409,512,399,416,474,589,557,331,526,465,308,541,398,637,334,499,301,604,427,456,329,289,590
that's it.
can you swim.
920,1157,622,978,1569,731,989,1295,936,1356,1573,863,618,1132,924,1171,1452,1275,955,709,707,1317,1256,1427
410,531,448,353,540,446,660,433,394,615,554,504,468,566,649,459,421,422,659,445,311,418,568,605
that looks great.
934,1204,675,974,1073,1399,1419,1410,1331,720,950,987,866,752,553,894,1421
444,506,519,377,669,533,422,425,491,463,690,485,350,310,442,330,605
when do you arrive in the u.s..
can you fix this.
602,1135,709,1131,937,752,1342,902,1050,1359,1176,930,594,843,844,1291,917,740,939,1315,1189,980,926,1149,755,931,1213,1316,626,1303,1300,1484,803,537,1107,872,1062,1321,1145,885,757,1267,726,857,866,1058,1225,664,1306
452,521,443,663,771,567,418,726,443,399,403,714,483,375,371,465,590,368,679,416,582,676,368,522,323,619,423,573,430,614,614,560,571,463,622,670,415,347,369,652,413,371,592,682,323,528,363,431,624
let me check.
1328,701,879,890,1332,691,916,792,1123,682,772,1294,1369
507,299,299,651,567,280,676,512,474,269,506,460,609
what time did you go to sleep.
i live in california.
611,1209,597,921,986,887,1332,1271,715,917,763,1307,749,923,1148,1415,1245,935,949,1376,934,901,1361,956,689,957,1340,770,1426,1325,1552,1276,958,1377,1295,945,750,982,1329,1180,975,861,640,1400,1356,894,1415,837,1191,1344,601,1417
356,541,466,352,635,360,387,617,327,648,464,396,434,659,406,371,358,669,452,374,651,345,391,649,417,664,517,340,388,607,550,417,694,501,378,552,322,657,386,551,657,510,447,504,383,430,393,332,601,374,443,599
i've been there.
1321,1571,944,739,949,1014,781,788,1171,988,977,1131,783,867,773,1383
391,515,578,330,641,592,329,329,626,627,311,510,266,284,253,611
i wish i had one.
1301,941,693,1307,679,1123,925,1325,939,1137,589,806,935,1396,1166,756,1365
402,619,326,364,386,483,623,335,644,498,427,405,657,363,532,295,545
is anyone else coming.
how much money do you have.
1339,685,917,605,1219,1173,1394,1185,756,941,760,1396,715,765,952,896,1377,1223,1318,1186,973,1389,1603,1132,1375,678,942,1179,1191,882,1128,923,1235,1364,1139,767,1101,912,796,1362,932,1102,1363,1192,942,950,562,935,764,1376
444,490,724,464,566,407,370,523,308,623,312,476,391,319,619,519,352,541,357,518,399,551,520,521,407,306,617,552,392,521,475,595,595,368,519,290,363,592,369,362,593,380,311,332,602,410,409,491,302,577
i came with my family.
1340,968,880,643,1259,785,965,673,1308,904,1142,985,1195,1128,933,826,531,1216,1267,1344,1136,1367
422,713,557,482,606,338,637,308,363,310,483,601,576,409,633,427,415,560,362,448,377,526
waitress.
how much does it cost per day.
735,674,1304,923,842,719,681,681,1359,1565,1137,1378,658,950,1197,1197,843,1150,940,774,1383,749,709,951,1321,904,991,871,1442,742,948,1017,1509,786,874,981,828,634,1167,1366
358,452,435,339,332,287,406,405,593,504,538,416,312,647,570,426,537,493,630,414,389,303,403,668,400,328,617,492,397,397,308,573,404,261,298,566,376,393,378,501
how much money do you have.
1116,1377,648,921,1234,1230,853,1137,961,1238,1418,1172,778,1098,944,806,1376,932,1091,1400,1226,959,1163,617,941,799,1399
512,411,360,687,612,384,528,461,671,602,357,567,319,358,654,396,362,636,333,270,305,636,444,388,508,291,567
i'm waiting for you.
do you have a pencil.
1362,1638,1310,971,727,638,1370,942,1323,1203,980,999,901,1390,863,980,1146,1449,1256,1402,1608,791,1387,983,1214,1481,1294,999,1132,680,994,811,1007,671,1021,1566,830,1229,941,1364,1440,1471
376,475,556,658,310,422,323,314,329,579,408,637,399,368,289,637,358,296,299,525,479,351,339,683,395,340,330,679,482,428,531,323,637,435,656,372,303,576,543,376,472,625
would you take a message please.
720,1461,1295,1447,868,1026,1215,1492,1321,1047,1010,659,1359,830,1045,663,1016,1327,839,791,792,656,1035,829,1056,1507,1386,829,645,758,830,1408
386,346,356,439,397,661,399,337,332,646,367,420,455,303,615,421,624,603,318,406,400,407,404,297,624,366,443,305,390,393,290,588
where is an atm.
746,1165,828,916,821,1010,1304,768,1019,653,1171,1002,636,977,1225,1390
384,498,354,367,321,602,351,405,665,424,564,622,375,309,573,568
i have a reservation.
1423,991,1162,654,962,785,994,645,1023,888,776,713,773,859,964,612,946,1319,1432,1212,1431
298,654,494,431,487,313,620,411,646,310,275,374,272,291,473,406,297,339,362,548,543
she's going with me tomorrow.
do you feel better.
721,1101,754,1513,719,947,979,1348,1256,1135,941,949,690,1239,915,1098,972,1171,751,939,923,1390,1227,1395,844,853,1401,677,1348,1581,798,1386,911,1149,1451,1290,946,860,739,750,1401,933,993,740,887,894,733,826,1350
749,713,577,729,628,849,689,615,568,786,657,869,527,592,570,698,826,795,517,828,536,532,760,557,505,512,563,454,767,750,609,613,827,560,504,530,823,576,466,461,664,783,716,451,482,473,425,453,763
do you have an appointment.
844,1385,914,1124,1382,1227,926,956,584,942,758,929,579,1127,930,546,1503,1498,1364,1271,1152,897,1294,735,1178,873,1340
251,213,461,220,176,180,443,290,238,340,148,447,238,334,440,327,308,294,258,254,402,255,426,196,434,212,435
will you call me a taxi please.
677,1287,1370,1379,917,1153,1369,1211,879,843,629,1359,1369,904,1227,728,921,567,934,885,554,757,1310,896,1483,1378,732,557,681,752,1390
743,766,844,847,1011,815,784,805,995,905,852,853,860,1008,906,717,1000,843,1010,749,747,799,706,927,689,771,597,704,694,598,889
tell him that i need to talk to him.
it's very cold today.
966,822,1396,1406,1007,1180,1312,1234,1023,934,1220,614,942,1047,1389,1039,1233,809,808,820,995,966,1461,1033,959,618,1447,1357,1015,977,1468,1054,1149,1309,1224,1416,1623,1363,995,1688,805,1057,1023,883,971,1190,1049,975,1437,1427,882,1030,1018,1416,880,669,1158,1397
685,640,808,807,946,809,729,875,939,624,736,732,600,868,633,886,829,570,563,641,866,561,621,842,553,637,718,716,828,567,613,831,785,668,852,863,788,679,597,784,673,871,708,559,558,642,843,721,639,708,598,798,545,597,641,637,619,783
they arrived yesterday.
it's suppose to rain tomorrow.
801,1055,631,985,849,456,730,722,1134,823,606,657,872,975,626,557,802,640,723,647,453,975,1183,1445,1089,804,1445,538,810,560,1072,1392,1392,1242,558,617,839,765,1253,843,640,452,1256,1102,835,759,1232,1084,1234,687,677,1245,524,1217
382,478,309,361,642,436,367,340,347,541,296,394,617,359,268,377,301,271,270,369,410,330,511,473,367,335,499,423,635,419,405,402,391,351,397,306,583,322,346,601,320,437,340,529,615,305,361,515,367,314,309,354,278,539
i want to send this package to the united states.
1251,933,625,523,1108,854,970,854,1277,920,660,719,1091,751,913,871,1093,1236,681,921,1401,566,836,1220,568,906,724,953,878,1326,956,881,1067,723,959,1152,1091,1244,900,738,753,906,681,868,542,868,724,663,1316
412,656,346,433,562,319,616,330,387,611,407,305,543,389,621,331,456,341,402,616,387,417,485,433,408,368,279,597,310,343,592,313,458,272,590,373,510,322,294,251,338,583,381,330,411,316,284,386,520
are you going to take a plane or train.
407,610,485,716,951,1170,1033,714,694,1208,1122,1015,724,781,711,1185,785,699,383,1127,547,784,391,802,1355,1218,372,1043,570,793,1223,662,821,746,677,406,1167,1036,1219
663,460,439,718,507,439,463,718,463,368,351,528,440,659,388,416,637,362,445,462,333,626,431,628,294,445,437,551,320,594,377,331,597,324,303,406,411,592,585
where is he from.
551,1029,620,700,605,803,1159,554,816,999,595,815,733,670,1238,1137,1314
389,519,372,369,351,623,374,415,634,487,319,586,410,335,345,506,503
what's the exchange rate.
good idea.
535,985,439,738,1429,541,820,761,997,589,798,578,581,702,976,458,979,785,608,827,674,433,751,579,1219,1476,789,1216,1223,573,832,1175,649,617,404,1223
366,487,482,344,471,425,642,344,464,328,611,346,486,449,448,427,545,385,274,573,296,387,315,272,506,444,392,347,339,367,650,405,420,318,435,567
i'll teach you.
1275,1509,1365,1367,828,823,675,501,751,1105,836,1108,1344,1194,1322
541,623,636,631,756,446,413,536,610,580,730,505,456,455,677
i'm married.
1245,1506,1169,927,1175,588,828,821,1243,738,765,1288
426,525,582,712,605,504,447,440,436,395,499,607
are you ready.
586,850,738,968,1127,1331,1179,949,816,740,565,768,1095,1321
525,458,405,707,487,464,466,713,442,417,525,498,462,653
this room is a mess.
883,1113,1253,699,954,810,1344,1348,1188,931,1309,726,954,608,945,1221,772,696,694,1362
454,544,442,507,730,446,492,494,678,713,481,508,733,541,723,613,443,505,494,623
i can swim.
1301,955,865,616,1184,942,713,688,1249,1187,1356
466,720,615,530,657,716,510,424,509,628,659
how far is it to chicago.
that's not enough.
1180,1399,663,971,889,594,830,954,1309,715,955,1305,905,1001,893,1371,989,865,1151,1290,868,625,944,1333,1327,1549,909,1129,591,905,1577,723,968,1126,1336,919,1021,787,1121,1352,1191,988,1114,1343
536,462,435,750,541,548,463,707,470,515,736,456,472,736,456,479,730,581,552,446,598,544,505,467,615,582,460,558,529,458,597,488,719,621,489,458,721,423,651,482,489,531,553,656
there are some apples in the refrigerator.
907,1152,760,832,751,990,610,861,753,962,717,1321,1189,754,971,624,1418,1431,1314,768,718,965,1269,1146,1010,908,1128,764,981,821,736,867,823,1310,960,754,823,587,921,1369,820,1340
460,568,416,440,416,709,519,451,404,707,510,488,649,411,708,516,520,520,583,414,484,714,463,609,725,449,542,405,700,423,375,492,423,439,492,390,416,494,430,463,406,641
where did it happen.
655,1162,736,791,715,923,759,1270,756,921,1258,850,967,1129,558,1395,1409,725,1112,1336
402,519,379,386,369,640,448,410,436,652,409,389,666,486,468,451,451,366,583,611
i have three children, two girls and one boy.
1340,929,1133,595,905,736,933,869,1116,788,709,712,940,861,1116,1243,1350,792,844,731,1199,1290,929,883,648,1377,950,949,1307,818,1376,690,941,604,1189,784,941,1397,1186,750,962,1002,1378,1161,1355
377,667,489,465,529,363,655,387,501,371,348,352,643,575,487,383,499,447,401,357,609,602,644,386,361,417,646,465,378,389,516,426,646,468,554,420,646,397,529,352,644,542,388,436,596
certainly.
that car over there is mine.
863,752,832,881,565,1269,1158,1329,1149,1348,1534,885,1111,548,869,987,857,610,830,956,1312,881,756,812,941,856,1148,733,796,720,933,1294,708,937,1234,1307,1195,734,1382
569,377,393,396,472,419,573,510,454,601,530,412,513,474,406,662,557,495,411,658,426,569,397,410,653,393,516,373,388,371,659,452,430,664,601,461,594,364,625
is this your book.
1328,766,970,919,1199,1324,758,980,1189,1395,1249,842,993,1024,1380,1393,1283,1375
466,465,683,407,553,460,440,668,483,455,458,409,668,588,454,454,532,633
where would you like to meet.
768,1197,816,883,805,1012,725,1395,1254,1417,853,998,1219,1421,1274,986,1381,1312,1300,804,1013,1227,1405,990,1253,818,819,934,1384
414,539,375,399,367,662,377,453,467,540,453,675,464,438,438,673,579,449,515,369,685,460,466,688,618,382,384,422,647
it's a quarter to 7.
1355,934,1545,753,1002,652,1000,673,1266,688,904,980,812,903,1026,965,1383,1022,1229,1406
477,433,591,513,712,516,722,449,498,501,421,428,372,406,700,429,497,724,431,686
do you think it's possible.
880,1418,1022,1238,1442,1289,1047,944,1197,1334,1208,1307,1024,1348,961,1602,767,1029,1493,1399,791,788,1326,1068,1397,855,1411
539,522,759,517,495,494,756,467,577,499,629,596,734,479,466,614,531,722,557,501,504,503,481,626,603,434,699
i lost my watch.
1379,1035,1378,1400,819,1014,1104,1274,1222,1047,783,704,998,950,1208,1434
500,744,601,538,522,486,753,683,530,733,428,523,468,645,605,678
how is she.
1188,1416,738,1062,1416,834,1043,824,1230,851,1444
559,465,430,744,452,528,734,523,543,428,626
sorry, we don't accept credit cards.
808,1496,915,924,1251,1351,1047,792,873,1065,901,1433,1225,1000,1633,1041,701,949,950,858,1492,988,1082,971,921,829,867,979,1320,1025,925,672,908,848,775,1416
455,425,442,439,449,575,729,392,378,682,491,409,539,410,511,674,487,556,562,382,467,409,682,589,410,373,462,402,385,655,625,488,387,467,487,560
one like that.
1508,1318,836,1060,1502,1447,1433,858,1123,1015,1263,741,1023,1498
411,503,345,659,494,373,448,342,661,383,470,462,370,581
which is better.
812,1223,1380,968,1229,1057,1376,845,1084,1122,873,1022,1002,868,944,1428
361,492,387,583,500,650,381,430,674,577,354,399,389,342,379,644
where were you.
754,1268,858,944,840,1076,784,851,939,837,1081,1228,1453,1285,1455
378,506,319,360,318,650,335,323,344,314,627,353,319,358,532
how much do i owe you.
1189,1446,755,1080,1274,1288,934,1212,1009,856,1421,1014,1358,1029,1428,731,827,1024,1227,1434,1289,1410
508,410,362,690,514,406,522,472,646,443,392,643,367,646,390,356,345,628,421,390,397,626
what's today's date.
740,1227,686,1003,1658,799,1057,1005,1436,890,676,1218,1653,800,1041,898,690,1018,871,1427
368,477,464,375,528,448,659,367,416,462,469,425,522,446,652,455,463,399,355,567
right there.
907,1435,1022,1267,977,1062,972,1256,813,878,813,1465
412,387,464,474,407,670,415,478,374,391,370,599
october 22nd.
1469,926,984,1424,1031,824,921,1057,732,710,1205,1427,1395
455,613,449,433,631,402,436,710,302,295,594,595,706
good evening sir.
where's the post office.
1160,1398,1400,852,1049,816,961,809,1189,1302,1183,968,1049,795,1302,913,1378,1579,749,1181,815,899,796,1594,737,994,929,1165,779,1032,1455,1358,759,946,1050,1362,905,900,1291,944,784,1364
565,467,473,519,761,431,629,428,624,470,587,498,739,527,463,471,692,559,444,544,452,449,417,531,483,712,448,526,416,702,501,438,519,462,712,501,507,501,484,615,430,640
have you done this before.
1121,642,934,800,994,1189,1385,1252,979,833,1428,1202,776,978,908,1198,1355,747,1007,983,789,942,1367,857,729,1333
539,505,593,396,710,462,444,448,714,484,435,588,383,704,427,522,410,481,710,675,418,546,410,418,380,606
the accident happened at the intersection.
925,1167,769,1012,675,893,897,1339,825,791,1179,921,1019,1151,647,1446,1458,783,1140,776,833,997,647,1051,1021,937,1163,787,1024,1308,1189,959,792,879,741,783,898,937,1286,1377,1168,1370
448,514,415,721,535,631,616,425,491,406,601,447,710,561,529,482,484,388,598,391,492,723,525,721,712,437,513,388,699,426,602,436,386,412,487,383,543,436,429,449,612,607
fill it up, please.
896,1324,1395,1381,895,1343,935,999,1182,1490,1283,964,1483,1362,745,582,696,770,1378
487,434,520,539,712,450,351,641,424,411,606,690,444,487,332,438,410,307,641
i think it's very good.
1276,919,929,1109,1262,1112,1258,999,1277,946,1562,687,963,898,758,848,1071,960,949,1383,1392,776,1363
479,767,404,600,439,593,549,765,459,398,560,456,699,581,382,391,429,719,511,428,430,433,625
what do you want to do.
i can't hear you clearly.
668,1138,597,915,997,825,1366,965,1126,1371,1216,972,673,580,1130,911,931,865,1361,970,759,1370,1342,1551,1260,927,821,579,1227,1640,866,955,1093,729,571,820,969,1113,1363,1218,932,835,1383,752,595,832,1400,1110,1360
492,580,544,442,731,505,458,761,453,389,407,769,418,519,654,409,717,414,429,707,466,436,665,581,475,731,676,564,608,580,429,708,561,391,493,388,689,507,439,435,734,620,537,397,483,378,550,455,620
