i still haven't decided.
1216,990,566,797,1199,1295,1293,999,1036,488,794,680,1044,1423,814,999,692,668,753,1199,709,683,716,1319
415,685,493,412,425,499,501,683,504,500,575,414,589,532,430,684,490,389,618,439,478,402,495,612
my throat is sore.
i haven't finished eating.
1167,1073,995,849,1055,722,1277,520,809,1023,1182,615,1013,630,1266,749,678,1288,1509,1192,1049,1044,539,845,722,1058,1454,851,1038,798,1211,1073,1208,659,1069,723,756,1009,712,580,857,1204,1041,872,1293
596,435,716,453,553,466,449,521,462,733,489,526,733,514,481,467,418,630,545,493,725,581,543,649,461,645,589,483,741,562,501,657,499,552,574,457,557,777,447,555,488,501,693,548,659
he's an american.
john is going on vacation tomorrow.
1039,701,1468,655,1044,580,1090,1031,572,1170,728,791,1205,817,608,1074,1310,1563,1148,1318,1056,1099,1021,1192,686,1036,893,1286,1206,1064,904,1027,1273,1067,1013,890,627,813,628,898,1194,1295,1067,1013,872,1274,1138,1272,808,804,1265,665,1313
571,459,575,547,729,569,634,743,558,617,495,493,513,635,563,648,648,583,577,493,581,667,765,502,543,751,574,509,484,658,577,756,501,665,776,665,578,693,581,520,522,501,682,788,529,504,678,522,507,511,520,483,705
what time does it start.
639,1038,565,861,994,852,1168,1150,704,1012,753,1247,724,670,995,1186,862,988,657,872,565,788,875,1305
487,588,566,517,776,503,516,680,473,791,608,541,492,587,809,543,524,807,583,527,585,517,508,705
that's fine.
847,1026,578,861,1373,680,994,821,1175,1045,736,1279
526,595,599,532,576,585,776,607,510,692,485,673
i was in the library.
1167,996,673,597,691,1003,1159,1052,1009,864,1033,735,1014,1258,1168,969,812,598,806,1019,1320
513,786,495,581,593,789,514,690,781,541,617,506,778,601,507,684,512,571,506,540,661
where does it hurt.
i need a doctor.
670,1047,747,813,739,1020,759,1258,736,691,1023,1172,856,1004,1034,1075,813,880,1295,1569,1203,1032,1072,738,742,763,1043,609,1052,768,1292,812,932,1248,807,1312
489,576,500,513,474,767,553,520,468,563,764,516,524,779,623,529,511,526,671,598,503,770,682,513,513,587,773,608,757,587,527,695,560,537,518,664
which one is cheaper.
649,1065,1205,822,1051,1012,1300,1070,756,1023,1183,695,1023,818,1050,762,617,1323,775,825,1300
513,600,523,664,599,789,499,675,526,789,539,589,784,684,644,521,603,541,537,527,692
my throat is sore.
1147,1033,1001,882,1054,803,597,883,1027,1173,1173,685,1014,696,1239,817,734,1312
683,534,803,546,634,534,599,544,791,553,488,576,770,594,537,532,494,712
good luck.
male or female.
832,1251,1238,693,995,1240,1069,775,1190,1329,1587,1150,540,1269,690,1009,1234,761,986,783,701,1114,557,1220,705,1274
592,511,523,538,769,645,545,681,602,661,596,696,611,627,534,788,554,538,807,610,506,705,598,642,534,719
we're from california.
what happened.
610,696,1409,753,691,995,766,752,1223,1122,999,756,553,1250,1150,788,1247,771,1046,1156,572,1267,1478,653,1060,572,845,996,1041,572,1332,1326,724,1073,721,749,1292
512,499,621,530,507,764,617,530,548,698,795,729,608,633,561,654,557,539,709,546,590,684,618,547,629,607,561,810,636,596,578,580,540,727,522,615,725
take me downtown.
815,538,1162,703,998,1119,706,1003,748,1229,648,1046,849,1223,632,1036,1271
545,596,635,530,800,670,512,798,629,559,521,735,564,561,505,728,712
i'll call back later.
no, i'm american.
1145,1369,1224,1222,978,781,591,1225,1222,978,911,574,768,1156,984,1226,579,852,734,797,1268,1417,1077,1258,1178,981,1161,1383,1117,998,592,1115,729,792,1173,801,599,1063,1294
567,636,651,642,820,687,609,660,651,820,722,589,711,640,828,638,608,564,526,545,708,592,714,540,720,824,567,650,729,803,604,722,543,562,575,696,614,725,714
that's alright.
i'll take you to the bus stop.
863,1043,590,874,1373,689,995,561,1262,765,1152,869,1035,849,1267,1575,1184,1409,1257,1251,994,846,579,1172,716,996,1016,1285,1103,979,847,1261,975,843,1042,732,981,898,1104,673,982,676,879,1240,1318,1303
581,643,615,585,649,615,806,604,633,543,561,623,628,561,709,641,564,638,640,647,807,597,621,637,539,808,596,573,588,811,578,568,817,584,630,527,813,703,599,645,822,633,591,587,589,769
i still have a lot of things to buy.
1173,1007,679,880,1180,1272,1263,1015,1064,608,858,759,1005,611,1009,1257,1246,862,1008,1248,823,998,866,1027,1170,1040,892,688,993,871,1216,978,924,1067,986,1300
570,808,626,587,571,656,648,795,649,622,710,544,824,621,818,666,575,580,818,575,644,848,560,659,553,733,635,618,840,584,594,851,720,588,596,750
thanks.
i'm looking for the post office.
848,1026,588,1026,1193,670,1302,1536,1214,1436,1191,1035,1274,1246,1251,1199,1222,1075,901,1024,819,1236,794,1011,858,1024,727,993,1303,1216,681,866,1011,1229,821,815,1144,783,746,1310
567,642,612,753,658,610,764,633,577,664,726,833,696,563,568,668,562,753,640,852,660,617,582,797,575,683,541,858,611,610,655,578,860,593,643,644,620,736,541,770
take me downtown.
please.
850,583,1172,727,995,1145,726,1013,763,1223,659,1042,859,1212,640,1032,1260,1536,1337,1290,729,578,660,724,1292
591,607,665,549,839,733,569,848,646,608,525,763,588,596,526,759,757,635,577,666,537,618,642,543,766
will you take me home.
646,1151,1255,1248,984,1009,1250,1091,977,839,565,1171,706,1001,1125,714,992,1013,1217,1106,714,1274
536,570,645,639,813,600,576,598,810,565,626,649,546,808,721,553,831,681,577,739,550,726
can i have a glass of water please.
771,595,1075,1006,1173,1008,1047,597,841,740,1001,600,1002,896,1232,605,696,693,999,1230,821,1000,676,595,892,751,811,994,1262,1222,752,595,672,752,1312
758,631,717,818,575,828,655,641,725,556,820,641,822,646,662,625,639,633,830,596,646,823,543,627,603,570,581,829,591,673,560,628,615,549,731
are you sure.
613,806,738,1021,1055,1303,1124,1032,682,1155,804,739,1318
635,562,519,792,592,576,574,812,604,548,563,546,692
okay.
i'm sorry, we're sold out.
1346,1258,610,1092,1344,1512,1228,1438,1185,1042,683,1292,812,808,1077,1223,1015,674,753,1407,809,746,1026,689,1272,1272,778,1019,1260,1101,870,1318
509,595,633,522,670,600,541,610,687,785,608,559,589,587,562,692,810,571,543,631,587,557,786,632,558,652,616,797,565,568,582,692
i'm not busy.
1198,1420,1168,1033,1089,1264,867,1016,934,1133,709,1028,1324
563,622,686,794,716,570,590,817,737,581,649,574,705
i trust you.
just a moment.
1188,1000,871,796,1090,667,868,990,1008,1272,1096,1279,1497,1126,1109,675,871,1023,607,1009,1137,1254,1151,758,1079,881,1271
546,811,560,540,563,611,574,808,609,554,566,707,613,658,563,626,583,792,639,804,710,586,719,553,746,589,717
are you coming this evening.
for how many nights.
620,825,756,1012,1012,1258,1107,981,827,1238,1129,1176,1059,930,994,912,1025,1157,710,988,784,876,791,1055,1147,1046,919,1252,1418,824,1232,805,1019,1047,1239,667,1017,1147,621,1091,1035,995,1092,1189,896,1055,898,706,1260
635,571,557,791,600,572,583,819,712,573,724,572,733,671,834,598,676,588,626,828,556,762,566,770,581,731,658,735,636,676,572,590,800,662,586,541,811,727,630,757,555,815,732,562,649,661,600,628,720
i'd like to buy a bottle of water, please.
1174,1396,785,1046,1273,1175,1200,746,1012,876,1233,1000,927,1092,1009,976,624,998,928,1220,883,878,1229,759,994,1207,836,994,692,613,895,754,819,1160,975,1257,1199,758,617,695,767,770
563,634,650,785,658,564,642,524,803,585,568,826,706,573,574,845,626,831,711,577,596,594,662,557,832,601,647,831,546,639,591,559,575,752,856,587,683,551,637,636,568,665
certainly.
how long are you going to stay.
781,739,788,881,612,1204,1085,1291,1058,1324,1452,1066,1281,677,1032,1271,1268,1076,891,1021,627,819,752,1021,1024,1289,1111,998,914,1278,1194,1063,918,1027,888,1247,1007,705,905,633,1016,1309
755,576,562,565,618,588,740,653,577,748,618,659,573,550,794,671,537,717,638,814,621,567,535,804,599,567,579,818,640,591,557,745,633,832,577,584,845,626,596,633,571,713
do you believe that.
766,1272,1002,1020,1260,1105,992,941,754,1307,1210,754,874,770,1050,881,1071,611,886,1315
630,559,804,589,564,577,815,712,544,646,560,543,720,549,807,600,651,646,593,717
he likes it very much.
it's here.
1097,749,1055,1308,1226,1236,763,687,1057,1212,867,1056,861,773,823,1059,1006,1178,1128,830,1063,1327,1459,1205,884,1410,692,1047,1077,778,836,764,1320
628,555,799,655,546,657,568,641,800,578,595,802,728,556,588,575,817,739,570,732,631,700,632,563,599,645,625,795,661,560,599,552,724
which one is better.
682,1084,1221,822,1097,1036,1295,1100,748,1048,1210,689,1050,957,771,899,898,752,832,1319
559,636,564,704,629,816,560,698,548,812,570,655,801,735,562,615,618,565,582,692
do you have anything cheaper.
783,1311,1066,1054,1318,1156,1038,1072,612,866,762,1037,627,1095,1052,883,1054,1218,1114,917,1045,828,1063,770,627,1333,776,832,1302
655,560,781,584,559,564,801,633,640,736,562,810,659,729,587,596,647,557,711,661,823,734,668,560,650,577,567,582,725
where is the bathroom.
649,1026,742,806,745,1020,1175,999,998,837,1014,717,973,899,587,842,999,768,1216,1201,1117,1265
574,649,569,594,554,829,597,841,831,542,642,533,826,691,626,573,646,561,551,561,733,752
is there an english speaking guide.
please take off your shoes.
1179,837,1022,849,1030,727,791,721,1009,601,1053,995,724,1055,886,1232,1144,679,1026,980,680,1290,750,611,1185,1189,1064,880,1016,904,1111,1192,776,753,1277,1476,1322,1255,760,609,694,758,1010,891,611,1171,764,1009,1232,842,840,1010,1006,1232,1087,831,999,696,1024,1220,760,700,1282
545,574,783,580,645,540,577,533,797,638,721,812,544,719,642,656,562,618,646,845,630,580,559,635,641,558,733,646,813,640,591,552,635,547,717,647,570,688,563,631,638,563,808,593,637,657,547,810,582,628,631,808,604,600,618,587,815,641,678,601,550,636,727
the accident happened at the intersection.
881,1026,752,1001,613,810,810,1148,787,763,1061,892,1006,1024,614,1284,1293,776,1052,772,791,1020,626,908,1016,896,1031,775,996,1206,1088,890,775,847,706,779,836,913,1184,1272,1067,1274
579,630,569,815,656,712,708,576,656,560,736,591,808,657,647,582,582,584,734,566,662,825,656,617,820,602,674,572,842,545,724,596,555,577,636,560,712,614,579,573,744,746
we're late.
697,772,1409,833,771,1062,1291,628,915,778,1319
580,552,649,586,574,808,688,640,604,556,741
what's your favorite movie.
715,1097,648,903,1409,727,1050,1081,1305,1148,853,1050,863,641,901,1276,854,923,785,773,1056,1151,1272,882,1185,786,1308
559,652,644,598,655,644,812,607,597,610,596,812,673,658,764,592,601,604,567,546,803,732,596,744,597,555,748
what do you recommend.
are you ready.
714,1094,662,919,1053,810,1264,1052,1021,1274,1112,1007,853,785,856,1239,1153,1153,791,1089,821,1274,1564,648,848,783,1015,1050,1293,1135,1013,858,795,649,810,1029,1291
575,655,653,595,825,634,595,814,611,584,596,826,599,547,766,590,740,734,570,759,662,734,682,659,602,565,817,627,602,622,826,601,561,657,671,618,757
what do your parents do for work.
waitress.
712,1097,655,922,1047,822,1269,1042,1023,1280,1114,866,1033,1314,668,866,798,1090,918,742,1047,825,1241,1022,887,1239,858,1043,726,1262,864,1185,1326,1455,723,640,1227,936,858,798,736,736,1329
577,662,671,604,831,653,602,830,612,617,607,601,827,601,662,599,564,767,602,659,843,662,620,844,684,609,598,829,579,606,603,672,747,663,576,668,617,607,593,577,652,647,760
i like it.
please tell me.
1219,1077,1313,1220,1241,804,1063,1220,914,1328,1519,1366,1295,805,659,739,806,1049,924,798,1253,1252,1050,1160,810,1309
603,846,688,602,693,590,844,616,606,748,685,601,703,579,655,663,583,847,611,569,716,705,850,762,585,770
can you call back later.
are you working tomorrow.
706,493,1034,981,969,1223,1059,970,741,543,1185,1183,962,877,541,769,1106,960,1176,557,848,700,767,1214,1415,567,755,693,979,992,1235,1070,944,648,1191,802,1127,1131,1032,880,972,873,1188,1075,1194,795,795,1193,625,1219
671,547,671,787,544,541,541,786,665,564,639,633,801,693,572,692,625,800,634,595,555,521,520,727,628,604,534,510,786,548,537,528,778,491,541,543,634,551,719,616,795,557,548,708,552,540,540,560,491,695
how does it taste.
1042,1252,646,1015,753,1242,667,659,1001,1160,841,1011,841,571,656,859,721,1257
610,538,502,771,587,575,604,588,766,525,542,771,542,587,597,551,495,692
what time does the store open.
i'm bored.
665,1041,599,861,1049,854,1177,1158,735,1041,769,1244,728,676,1031,870,1032,746,1009,680,885,1230,826,754,1033,1213,1309,758,1064,1266,1467,1171,1385,1155,1032,948,1241,828,760,784,1295
494,608,602,552,788,558,576,718,493,795,607,579,502,602,796,574,657,527,813,601,571,570,556,518,795,582,582,530,723,714,643,589,640,719,795,714,588,575,521,645,716
when are you coming back.
685,1081,763,1110,1040,633,825,759,1092,1127,1334,1179,1068,828,1308,1192,1247,1128,931,1064,969,652,838,1223,1332
540,631,555,712,818,640,581,557,820,585,575,579,809,695,581,716,570,729,645,818,733,620,740,636,720
tell me.
i think those shoes are very good looking.
895,766,1274,1273,1055,1174,782,1313,1485,1207,1057,901,1056,1202,1071,1214,1051,866,1055,1256,704,764,1014,710,1029,1245,768,706,1009,641,833,765,995,892,792,831,999,994,904,1236,1236,784,1017,1228,1224,1222,1153,1152,1040,916,1250
577,530,659,656,819,717,557,721,645,569,813,561,657,579,743,660,781,561,652,567,658,542,818,626,669,574,543,645,824,644,583,538,832,744,578,584,598,845,654,596,597,641,835,697,583,587,690,593,778,653,755
on the right.
1286,1121,1052,898,1077,782,1043,837,1189,921,1063,907,1292
578,742,817,599,681,563,825,583,597,656,686,599,717
is it cold outside.
1234,726,1071,1221,890,1062,838,1300,1312,807,1077,1287,1151,895,712,1209,806,793,1327
567,646,802,599,590,806,719,577,637,682,819,610,607,604,654,597,653,567,726
i'm hungry.
1243,1461,1218,1079,1107,1162,1154,930,843,1085,1347
579,653,715,820,685,591,755,648,586,576,721
isn't it.
my stomach hurts.
1229,730,1114,1443,906,1068,1217,904,1308,1510,1182,1083,1040,723,909,1257,1137,648,843,1046,1018,1044,1099,848,916,722,1285
579,629,729,661,605,807,598,613,726,660,743,584,841,639,609,596,750,649,747,682,863,704,599,590,608,647,736
my cell phone doesn't work.
can you recommend a good restaurant.
1186,1087,1025,781,755,1283,1267,1021,1323,1044,1237,1072,749,1023,769,1234,755,684,1065,866,1370,1037,683,1256,826,1193,1296,1047,808,623,1095,1034,1039,1276,1128,1026,827,768,808,1252,1129,1137,761,1082,789,1027,638,1030,919,1225,1217,786,1024,836,774,704,907,626,1090,836,627,1066,890,1248
722,596,845,714,586,688,676,843,638,694,600,762,584,848,665,636,573,657,775,604,712,851,577,615,598,724,760,857,744,648,784,867,668,641,656,863,601,568,761,651,789,789,577,807,675,868,664,865,684,664,672,676,873,616,582,653,629,658,695,605,672,826,618,805
i'm an american.
1205,1421,1182,1060,625,1119,1056,625,1163,771,831,1189,814,626,1091,1317
610,695,765,861,684,785,860,666,779,596,603,658,716,657,787,760
there's a restaurant over there, but i don't think it's very good.
847,1026,736,796,728,1375,681,1004,609,997,803,735,677,870,602,1061,806,596,1051,869,985,1205,864,761,808,993,863,1016,747,803,741,1192,1036,912,1094,873,1026,1167,1013,773,1220,1055,1375,871,1012,882,1020,1154,1045,1172,1007,1160,886,1396,701,1022,882,797,856,1036,988,904,1229,1231,798,1274
562,646,543,573,548,648,634,822,641,828,577,541,631,584,640,618,569,643,766,585,844,625,740,597,586,832,587,679,568,584,567,762,866,726,639,597,858,619,870,652,636,806,713,601,854,598,704,624,780,705,865,633,611,699,668,859,773,609,623,656,886,681,640,635,663,781
where is the bus station.
690,1056,776,836,775,1038,1171,716,1026,887,1041,779,1017,943,1105,724,1030,730,917,640,911,1173,1251,1053,1263
570,697,572,598,573,858,630,647,869,601,685,589,847,741,634,657,847,655,631,666,622,634,633,775,769
my birthday is august 27th.
i'm going home in four days.
1155,1070,1028,957,1201,851,917,1066,809,657,1046,1017,1192,720,1032,656,1117,929,1125,733,938,1027,677,1113,926,1080,1320,1475,1219,1434,1199,1078,939,1293,1222,1122,925,1068,1095,1295,811,1075,1219,1129,1091,1033,869,1254,1116,853,1032,802,659,1054,729,1273
768,627,875,742,628,594,612,705,654,662,636,894,625,651,870,665,659,695,657,673,628,877,488,508,611,707,777,684,607,686,749,842,685,642,608,768,685,848,727,628,591,845,637,772,795,891,680,648,665,608,874,675,675,664,654,797
this is very difficult.
866,1058,1187,700,1039,1175,701,1029,849,769,828,1057,1007,778,1170,840,842,1166,812,1087,1247,870,1306
593,692,608,651,859,625,649,859,769,598,616,643,861,654,637,684,675,633,743,651,723,611,779
what would you like to eat.
i'd like to call the united states.
695,1079,639,900,1061,674,1271,1131,1288,774,1028,1023,1265,1114,994,1267,1185,1193,769,1000,888,1228,992,769,626,887,1281,1373,1159,1406,793,1020,1250,1161,1173,766,1063,889,1276,1045,835,644,1255,1256,1053,904,1055,783,1030,1110,1074,1164,921,783,809,1030,732,922,639,926,781,717,1300
581,677,661,613,836,569,621,633,698,674,846,662,634,647,871,713,615,708,608,859,628,635,868,597,672,622,757,674,626,687,691,860,715,622,714,567,826,617,617,843,746,656,693,687,841,618,700,591,855,640,781,638,621,584,667,856,674,630,665,617,573,653,748
what does your father do for work.
736,1105,666,922,1075,811,1267,795,730,1068,1036,1260,1115,859,1042,794,584,866,1043,752,818,1030,778,1227,1001,835,1245,835,1033,691,1229,834,1163,1278
585,680,684,610,843,654,635,570,645,844,638,620,640,596,851,613,648,595,656,597,602,839,659,635,861,686,641,619,854,600,649,613,704,769
can you speak louder please.
823,647,1093,1023,1053,1271,1110,1019,709,1340,781,631,1171,1020,1292,1296,1149,795,787,843,1054,1344,1293,785,641,723,793,1318
759,673,779,872,675,654,654,876,674,658,607,680,712,864,678,597,622,665,602,604,837,631,723,598,675,679,598,767
is that enough.
where did you put it.
1238,722,1084,907,1116,628,916,1067,797,1109,1288,1140,931,1082,1314,1422,732,1098,811,873,811,1047,820,1192,824,1044,1033,1252,1101,1017,1308,1088,905,1025,1165,908,1271
606,674,828,626,680,682,632,837,570,779,647,630,679,708,777,702,608,703,609,621,587,854,686,646,668,862,694,656,678,887,662,678,619,884,653,623,783
i'm 32.
how much altogether.
1210,1424,1192,1054,717,666,1324,1458,1084,1278,745,1051,1184,1138,885,1085,1048,713,1288,966,1283,977,852,961,1080,837,906,1314
621,696,777,857,468,439,757,696,705,635,568,862,788,656,739,725,867,685,731,635,643,689,611,615,734,597,607,776
i don't want to bother you.
1224,1069,828,1295,1109,1427,923,1069,745,679,1109,936,1069,935,1257,1060,986,1261,969,1080,836,864,1080,1099,1308,1147,1318
597,859,690,617,776,694,603,851,581,664,790,617,857,618,635,866,738,650,636,723,615,588,844,642,634,648,737
i feel good.
1225,1063,897,833,828,1344,1116,965,1318,1316,853,1355
621,869,668,588,591,679,828,680,611,609,643,751
where is my shirt.
i'm good.
760,1148,839,886,824,1112,1263,764,1097,1245,1150,1092,773,1150,1269,894,958,1371,1528,1260,1485,1236,1101,969,1311,1321,858,1348
550,670,589,596,565,822,613,653,847,761,615,852,656,704,612,595,599,758,693,615,695,758,850,683,648,640,655,761
see you tonight.
771,839,843,1118,1149,1369,1211,1103,945,1340,1168,1269,975,1146,971,1382
665,599,607,826,633,620,637,846,627,628,761,616,674,692,611,730
fill it up, please.
when is your birthday.
914,1294,1388,1377,1120,1285,950,1108,1212,1426,1337,1096,1388,1338,841,701,771,849,1384,1564,770,1142,851,1171,1097,1256,778,1096,1112,1344,1185,910,1072,938,1227,899,951,1084,860,714,1068,1332
672,597,674,667,823,625,622,833,630,635,759,857,625,712,593,674,673,605,780,687,592,685,597,758,841,630,662,838,634,627,639,614,841,743,607,608,604,692,667,661,631,751
is this your book.
who is that.
1233,761,1070,939,1055,1217,770,1051,1066,1289,1126,902,1070,1004,1288,1286,1205,1322,1483,764,1085,1292,1055,1207,777,1050,961,1079,703,971,1317
594,671,851,599,685,609,638,867,654,631,646,615,854,756,620,620,697,774,697,605,711,620,855,642,672,859,621,713,688,630,774
it's mine.
his son.
1220,951,1401,779,1056,1181,1219,1114,858,1337,1460,1100,1224,783,1072,788,1294,1115,1342
623,624,697,657,865,779,643,791,570,770,705,720,645,663,852,676,649,781,769
where is my shirt.
779,1148,856,918,853,1107,1249,785,1087,1225,1118,1069,789,1122,1247,922,995,1346
599,692,615,621,595,828,628,660,855,796,644,878,659,733,636,611,626,772
do you have any children.
866,1378,1121,1148,1370,1220,1101,1148,713,944,851,1103,701,1152,1117,1079,907,1179,1318,1362,873,917,856,1166,1366
659,606,827,640,614,629,849,697,669,762,595,847,674,761,621,877,735,671,602,681,673,610,580,789,776
i'd like to call the united states.
it's half past 11.
1104,1289,651,910,1153,1054,1070,632,899,762,1131,889,696,533,1133,1116,905,777,932,659,917,1012,963,1069,783,661,689,904,603,799,525,802,662,605,1189,1343,1054,807,1284,616,937,969,541,1177,761,956,1220,545,625,807,942,516,513,1214
553,637,615,823,663,581,671,568,837,575,620,849,737,635,701,676,821,572,649,543,831,594,772,587,571,526,619,847,637,583,619,574,534,614,743,673,634,588,685,628,823,652,611,678,637,833,621,624,623,583,862,466,465,763
can you fix this.
748,569,1030,963,970,1216,1066,954,783,1111,703,938,844,980,1118,662,1207
732,617,764,856,634,623,622,854,660,614,709,863,615,695,624,631,760
take me downtown.
can i have a receipt please.
842,564,1129,715,948,1080,725,959,755,1185,661,1000,851,1165,650,1000,1216,1335,791,612,1034,960,1122,961,999,571,837,730,979,596,961,797,725,782,726,1111,1266,836,965,1255,1202,740,605,687,748,1250
603,635,661,552,857,751,567,852,662,636,540,779,598,623,535,781,765,685,746,635,762,856,618,851,675,611,749,561,839,634,848,599,543,748,559,611,648,602,850,635,729,563,634,626,550,766
go straight ahead.
i'm a size 8.
902,1246,1003,685,876,806,590,1156,892,1034,898,999,598,1023,744,625,781,1256,1434,1165,1387,1141,973,628,980,708,1148,659,769,977,1212,1262
670,611,854,660,603,580,637,636,673,691,605,848,639,705,548,635,655,755,678,618,683,764,863,639,859,646,626,712,588,860,505,757
i'm single.
i need a doctor.
1158,1372,1114,1002,698,1142,1047,894,1218,764,1237,1445,1152,985,1034,777,771,789,998,635,987,785,1178,808,896,1173,813,1223
601,666,741,855,653,620,766,674,709,583,767,696,622,864,791,575,572,642,865,651,868,649,661,747,626,657,592,781
i'm coming to pick you up.
1167,1374,1142,1009,807,1227,1122,1170,1065,897,1009,884,1213,996,1301,1124,812,1149,996,1012,1227,1072,987,1077,1300,1255
611,692,750,838,734,635,759,626,762,676,844,612,629,853,659,633,759,708,852,659,645,649,869,659,654,782
how was the trip.
1059,1250,697,1020,709,624,713,1006,888,1024,772,993,881,823,1134,1272,1271
691,629,570,841,581,646,652,847,607,704,583,856,616,592,640,652,782
i don't mind.
1179,1014,771,1230,1052,1380,886,1005,1114,1161,1044,789,1247
613,850,676,618,761,687,617,846,771,629,776,644,765
are you sure.
do you know where there's a store that sells towels.
629,832,771,1028,1040,1268,1121,1004,713,1114,835,771,1271,1448,793,1235,1006,1008,1255,1105,1001,1197,1068,1243,706,1001,694,1039,786,835,776,994,889,1014,779,836,773,1362,707,993,634,987,710,896,1205,836,775,979,881,1010,620,897,981,710,786,1207,1208,714,981,887,1196,704,782,1206,714,1246
642,604,555,832,637,617,632,856,658,632,610,589,765,688,692,636,843,657,628,634,863,674,780,623,558,858,563,703,588,599,580,857,616,719,580,607,569,712,647,848,657,857,651,627,645,604,566,867,616,733,653,625,870,650,570,721,722,648,872,617,650,562,571,709,642,776
which is better, the spaghetti or chicken salad.
703,1038,1157,817,1035,1009,1165,708,1023,918,766,894,893,753,823,1174,1015,890,1020,774,1008,710,1273,641,924,1007,801,913,905,1113,990,1186,863,990,844,990,1107,849,1121,800,1027,985,745,660,1178,666,821,1217
584,711,631,724,643,822,584,652,825,750,588,607,609,581,590,767,859,625,709,575,860,660,628,663,684,716,601,635,633,634,872,654,638,875,782,753,663,780,737,592,808,889,646,656,729,662,665,796
are you free tonight.
660,854,796,1084,1084,1308,1153,1050,880,842,795,797,1034,908,1260,1080,1183,936,1066,921,1280
670,630,578,825,665,629,653,843,703,610,580,589,860,635,617,772,629,692,717,637,761
who's that man over there.
some books.
734,1067,1256,1396,745,1039,911,1060,655,921,1046,1131,672,1081,1027,1236,902,823,890,1030,929,1038,816,886,814,1281,1417,751,1245,1162,823,1059,973,1243,1243,1178,758,1272
567,706,616,696,676,860,636,716,686,648,866,769,687,781,865,635,770,596,640,860,636,733,599,633,601,747,693,685,643,776,618,843,758,639,646,694,675,764
is this a safe area.
1197,717,1046,897,1047,1177,722,636,649,1080,738,653,873,805,1052,661,862,792,662,1292
618,639,847,631,707,624,641,660,657,846,654,672,700,600,839,671,618,581,664,749
excuse me, what did you say.
795,775,860,1181,756,823,1064,1188,828,1242,1048,603,958,525,814,990,730,1122,726,979,975,1197,1046,945,659,580,991,1210
568,710,720,592,658,606,829,716,618,760,843,501,636,625,550,796,650,568,630,814,612,594,607,832,649,639,600,728
from time to time.
i'll take that one also.
787,785,1204,1103,992,834,1107,1111,725,988,828,1176,978,833,1088,1094,732,1235,1400,1145,1342,1232,1222,990,844,582,1119,732,1006,846,1002,591,854,988,1195,1012,753,950,618,1180,691,1168,1204
676,601,582,745,829,596,605,764,569,842,602,628,851,599,621,759,549,740,677,592,684,696,687,839,596,636,677,569,806,598,666,655,612,818,600,770,572,843,646,717,636,624,772
what would you like to eat.
679,1031,624,869,991,683,1194,1060,1219,778,969,987,1205,1061,961,1209,1118,1134,772,989,879,1177,961,760,626,892,1250
536,679,650,598,830,545,602,608,693,654,844,634,618,632,858,698,612,671,595,835,609,627,858,561,646,620,744
this is very difficult.
874,1068,1176,709,1032,1160,712,1027,871,787,856,1045,983,788,1151,858,862,1149,819,1084,1246,890,1259
623,680,601,644,814,616,646,818,737,589,630,622,850,649,609,681,672,608,734,616,678,622,749
there's plenty of time.
884,1065,787,848,785,1377,715,1042,1316,1262,787,1084,896,1035,1004,1230,861,1015,911,1144,1133,797,1283
609,689,575,608,577,684,653,828,592,705,572,765,602,630,861,617,663,836,625,606,750,560,725
how many.
at 5th street.
1083,1278,717,1035,1177,670,1129,1097,1310,1060,661,912,1051,922,934,1052,1033,723,919,857,791,797,914,1285
683,607,561,860,744,644,772,615,755,846,669,615,852,514,613,695,868,665,615,591,581,605,607,755
your house is very nice.
957,1167,1001,683,893,929,1137,977,571,639,888,1030,568,884,743,646,712,909,876,927,1030,691,634,1161
503,492,502,494,742,587,505,521,553,485,771,531,554,774,660,493,525,542,793,679,529,643,469,670
do you have a problem.
683,1230,969,984,1211,1058,942,987,518,762,663,941,532,938,1220,734,1148,854,1153,678,1045,1182
593,530,736,535,523,527,757,617,579,672,511,773,567,740,521,534,540,677,620,528,693,690
who are you.
617,997,1200,972,557,755,696,963,964,1195,1032,1225
504,636,553,791,582,539,502,796,564,554,562,683
it's not too far.
no.
1129,833,1341,632,977,987,1170,823,969,830,1180,1176,961,789,572,772,1232,1406,1029,1192,1227
553,541,627,588,805,726,575,557,810,558,576,571,816,619,591,543,694,649,729,580,715
i came with my family.
1129,964,784,605,1083,739,984,657,1121,850,986,956,1114,998,960,816,610,1105,1142,1227,1000,1253
582,829,696,598,702,546,804,519,591,560,656,829,749,587,824,617,595,722,579,661,578,709
near the bank.
it's 11 30 pm.
1057,737,608,802,990,877,1011,753,983,911,609,1017,1138,1250,1385,1160,876,1354,698,1010,625,618,1012,740,1229,995,1277,1127,1267
732,540,596,550,808,546,655,530,822,687,607,749,646,737,645,584,561,638,610,809,448,450,812,480,541,818,594,739,726
that's it.
you speak english very well.
896,1055,627,901,1376,718,1015,1174,898,1282,1422,1039,1259,1111,995,723,1272,806,665,1179,1016,805,1059,941,1229,1142,743,1026,992,899,810,859,1017,979,724,795,1255,1255,1297
576,659,612,574,649,602,816,584,569,707,663,599,597,585,825,627,588,561,623,636,808,552,727,637,672,570,616,646,834,715,548,574,595,855,542,538,670,655,722
is it nearby.
1198,736,1037,1184,908,1023,1082,793,658,851,968,1050,1298
579,624,809,589,569,818,723,535,620,559,711,569,699
what are you thinking about.
735,1081,679,919,1028,681,863,809,1032,1041,1265,1109,998,915,1021,1160,1053,1188,1178,1062,945,1016,678,990,1227,1082,920,1252
538,645,622,567,807,619,556,539,801,614,607,611,847,571,689,588,741,672,559,741,640,816,615,744,605,608,563,741
i'd like to go home.
have you finished studying.
1180,1372,837,1032,1257,1168,1194,821,1032,930,1244,1012,956,1253,1012,1030,1255,1153,824,1308,1430,1063,691,920,835,1031,1035,1277,1129,1006,900,1190,1077,1177,760,1054,842,834,1041,757,950,1107,835,1060,1206,1085,959,1309
578,675,645,807,663,588,646,560,813,578,599,829,638,600,834,677,597,744,534,726,664,682,616,706,541,812,618,605,605,836,636,587,749,589,626,676,538,607,815,629,583,618,627,607,568,758,633,729
have you eaten yet.
1011,549,808,693,974,963,1214,1056,961,684,562,831,679,998,928,937,704,833,1224
599,572,695,512,777,564,568,555,813,520,574,526,486,712,822,583,510,539,707
would you like something to eat.
628,1172,1021,1192,730,955,908,1181,1027,924,1182,1075,1103,723,941,651,1156,1064,719,850,943,1097,979,867,941,858,1175,956,741,610,876,1211
517,544,525,635,607,794,588,560,561,827,662,557,643,527,816,610,570,707,531,556,664,562,736,611,829,559,580,807,512,601,559,707
i'd like to send this to america.
do you have this in size 11.
1130,1350,766,985,1238,1139,1154,750,990,865,1189,981,695,761,1010,770,967,876,980,1115,700,950,881,1173,960,630,1086,776,836,1114,815,652,1223,1396,791,1184,938,981,1210,1057,962,976,635,863,782,957,895,973,1114,703,992,1114,1010,970,694,1124,651,768,993,582,580,1235
551,614,611,815,650,559,655,530,817,558,588,828,622,530,724,617,837,561,668,599,612,845,580,610,843,597,740,538,560,618,732,627,755,676,653,630,840,620,613,621,850,695,613,735,561,852,582,691,606,629,828,602,757,863,624,567,692,570,810,459,460,694
what's wrong.
683,1038,621,880,1367,700,1005,697,833,1213,1031,888,1240
546,669,635,584,655,625,830,559,578,609,791,636,748
where are the t shirts.
i understand.
700,1046,780,844,780,1014,638,844,781,1018,891,1025,787,1005,896,1001,708,1020,1141,854,908,718,1279,1453,1172,1010,1110,1069,800,792,850,717,904,641,1058,791,1280
550,635,576,597,569,807,630,589,568,807,594,671,572,822,598,824,647,687,590,585,599,626,711,661,586,826,603,762,652,580,597,654,596,635,752,638,709
what's the room rate.
716,1074,649,896,1397,715,1039,904,1056,786,1033,852,1237,1229,1135,1025,851,645,913,783,1280
568,645,635,585,656,632,809,587,681,561,812,582,591,591,744,827,579,634,594,564,708
the big one or the small one.
come here.
896,1064,803,1022,961,1167,928,1024,1211,1041,804,1013,1259,858,1046,915,1047,807,1033,732,1128,668,1254,1248,1025,1237,1071,814,1276,1381,856,1222,1136,821,1027,1043,819,878,811,1261
592,650,571,823,741,584,661,817,592,736,586,830,551,598,793,602,655,566,806,642,720,658,669,664,817,586,742,554,721,664,725,595,752,595,820,696,588,594,567,726
at 7 o'clock at night.
when do you get off work.
667,926,1060,1125,1042,1255,1400,873,1256,1245,864,1221,1048,686,936,1056,1092,1191,949,1073,951,1290,1421,757,1077,836,1101,1042,842,1242,1040,1044,1262,1105,1026,956,843,946,1040,1238,904,900,1046,760,1230,897,1160,1272
636,601,803,516,827,585,656,732,680,588,729,642,841,661,605,838,750,610,670,688,604,711,662,595,687,572,759,844,657,633,847,651,627,654,849,677,579,615,851,630,665,659,856,581,644,601,675,731
i get off of work at 6.
1214,1076,972,840,940,1077,1278,908,909,1076,1273,906,1062,776,1255,905,1193,1062,697,960,1060,979,1295
598,841,675,575,613,842,622,655,657,840,619,666,843,561,621,601,676,860,636,608,860,526,728
thanks for everything.
956,1093,715,1124,1234,788,1107,914,1286,905,1111,849,941,855,921,1092,962,1068,1193,1099,979,1288
599,667,644,751,659,653,807,671,588,593,801,564,744,573,616,613,608,683,598,751,654,717
call me.
this doesn't work.
896,702,1261,1254,1058,1146,839,1292,1438,964,1077,1196,784,1058,856,1254,849,787,1096,1405,964,1087,772,1280,914,1211,1312
725,631,669,658,845,741,571,737,669,607,681,617,637,839,664,625,565,646,769,687,610,788,566,590,589,659,716
in 30 minutes.
1236,1137,1089,828,1312,1089,1208,1231,1143,1143,975,845,778,1330
591,746,832,530,531,823,747,590,751,611,597,555,638,702
please take me to the airport.
1320,1269,842,702,774,837,1064,954,686,1196,831,1067,1156,834,1085,939,1278,1066,950,1074,838,1094,709,1225,891,1335,1250,902,962,1304
557,644,562,636,643,563,808,582,644,649,559,814,721,566,813,588,580,807,589,641,563,838,636,577,577,570,569,599,597,713
let's meet in front of the hotel.
1298,847,955,1391,779,1084,1187,854,854,962,1074,1195,1107,1062,926,925,1237,1096,965,1062,1242,924,1062,975,1057,865,1047,1057,1242,970,862,1249,1296
654,579,595,658,650,807,735,579,578,602,821,610,765,832,668,595,608,769,597,837,619,659,834,609,699,569,839,707,605,601,564,664,738
where does your wife work.
is it ready.
784,1122,864,924,860,1112,868,1299,858,787,1110,1077,1302,1152,925,1131,795,1272,938,879,1123,804,1311,935,1235,1334,1484,1284,796,1119,1261,982,1116,938,866,728,887,1107,1360
579,670,588,614,586,810,653,604,569,648,814,634,610,620,611,797,561,560,677,567,808,577,589,604,663,721,668,562,642,807,581,603,815,597,563,645,625,577,705
is mr. smith an american.
that smells bad.
1257,802,1135,1215,929,1346,1136,811,1229,1270,990,1122,1101,756,1143,1099,745,1207,885,941,1236,932,752,1122,1323,1453,980,1133,742,990,1108,818,1190,896,1294,1288,826,1084,1036,745,904,1322
567,645,810,718,588,717,803,642,699,578,599,640,822,665,727,824,647,723,585,600,591,729,645,745,720,684,610,691,661,621,823,672,747,594,696,694,661,865,765,667,674,726
i like italian food.
can you please say that again.
1272,1127,1343,1257,1278,884,1148,1250,997,749,1325,1236,754,1131,1112,954,1303,1308,900,1348,1458,936,757,1151,1087,1097,1314,1160,1077,1350,1312,894,756,825,900,1104,828,746,1093,1097,998,1108,739,1007,1094,761,1037,757,1215,1123,1320
587,827,678,586,680,599,831,606,600,651,687,602,657,745,841,687,620,623,663,749,687,767,649,773,858,638,645,641,858,597,718,599,651,689,595,863,666,663,632,876,622,715,681,629,870,664,695,654,629,791,772
do you like the book.
is mr. smith an american.
905,1345,1129,1137,1342,1190,1107,1333,1242,1258,910,1132,1014,1143,911,1124,1050,1299,1299,1248,1348,1493,1258,858,1136,1229,976,1351,1130,848,1208,1252,1026,1126,1103,784,1147,1109,775,1193,926,980,1224,946,786,1146,1343
686,633,816,621,625,631,851,702,610,670,629,841,628,701,592,845,738,632,631,661,741,693,620,692,847,768,625,755,845,674,767,647,630,715,870,677,788,868,674,794,615,627,649,754,678,790,769
i like her.
i'd like to eat at 5th street restaurant.
1275,1142,1344,1248,1273,921,1144,1146,920,984,1351,1502,1261,1465,931,1155,1344,1271,1275,928,1134,1026,1320,1128,913,777,1025,1115,782,1033,1130,1016,1066,1126,1108,856,1048,997,941,934,1047,1146,998,935,864,1061,806,1196,987,798,1154,1044,1402
593,838,705,621,693,602,839,701,620,622,750,690,620,696,672,807,685,581,661,606,823,633,633,825,586,670,640,835,665,635,830,559,622,699,863,704,640,618,611,623,640,857,624,613,678,651,673,624,617,673,774,623,741
this is very important.
1041,1171,1291,864,1163,1295,865,1144,1018,949,1001,1161,1120,1270,1240,1372,1308,994,1061,802,1167,1068,1383
623,679,597,675,832,600,663,822,768,611,633,615,865,594,762,599,634,644,637,672,768,639,757
that car is similar to my car.
i still have a lot to do.
1052,1202,796,1063,1194,964,807,1000,1184,1304,877,1160,881,1287,1252,1294,1369,825,1014,1175,1062,1355,1154,1259,1159,1133,984,825,1014,1380,1515,1295,1160,880,1080,1280,1364,1358,1159,1166,821,1072,969,1147,816,1163,1359,1346,1054,1166,1065,1335,1144,971,1341,1382
615,657,664,623,837,743,656,621,833,613,664,852,672,624,788,636,712,687,621,849,632,645,875,791,657,888,748,684,635,757,697,634,870,710,643,639,714,713,871,743,669,804,613,884,676,830,703,595,648,849,652,618,857,688,626,766
i don't have any money.
1308,1172,963,1352,1205,1505,1078,1175,1178,829,1053,975,1162,823,1197,1147,1137,1286,1355,1207,976,1156,1389
631,879,716,648,806,711,646,883,732,674,798,617,891,680,822,662,913,826,645,815,611,645,775
i thought he said something else.
1298,1175,1069,1169,1360,1210,1088,1170,1081,1162,1170,969,1151,899,817,1277,977,1147,900,1327,1251,976,1088,1152,1265,1184,1091,1153,979,1343,904,985,1367
634,879,643,739,659,640,716,743,639,898,750,598,896,690,694,648,677,904,676,671,822,618,652,753,668,824,695,898,592,761,708,608,800
call the police.
1011,848,1387,1381,1201,1089,1184,982,1173,1420,1330,1378,1295,1001,972,1396
746,687,720,716,865,641,727,606,876,639,649,747,647,783,601,813
would you like some water.
896,1372,1235,1385,994,1166,1165,1379,1233,1136,1379,1293,1308,971,1158,905,1365,1275,973,1159,904,821,1095,969,1030,1419
596,627,607,704,705,868,637,645,649,886,720,636,701,637,881,673,660,788,619,885,603,687,640,604,627,774
no.
what time did you wake up.
1254,1401,1446,1535,897,1221,850,1104,1205,1104,1302,1306,983,1202,996,1310,997,1190,1169,1393,1250,1166,922,853,1307,995,1193,1243,1422,1433
773,645,761,696,606,712,685,642,860,651,645,791,609,863,701,643,691,868,669,663,656,892,603,687,725,619,881,669,663,796
from time to time.
1053,1039,1365,1286,1173,1094,1294,1302,979,1190,1088,1377,1169,1102,1292,1293,983,1423
711,639,641,803,900,638,659,813,605,886,646,659,904,653,668,813,597,782
why aren't you going.
909,1209,1186,1181,845,1062,990,1247,1536,1107,1195,1190,1402,1255,1182,1099,1399,1323,1220,1110,1422
610,715,648,886,690,646,609,802,731,651,884,689,678,679,905,716,638,620,788,724,749
i can't hear you.
it depends on the weather.
1312,1189,1014,863,1221,1522,1105,1187,1198,995,842,1048,1225,1196,1409,1260,1433,1567,1330,1086,1193,983,973,1446,980,1237,985,914,1189,1365,1220,1181,1098,1174,985,1175,911,992,850,1108,1229,985,1049,1447
642,868,801,700,808,712,670,878,756,617,698,644,876,663,664,652,761,731,666,652,879,725,623,647,641,811,728,710,901,672,829,902,648,766,616,905,609,610,700,655,701,623,639,758
