what do your parents do for work.
do you know where my glasses are.
574,1052,497,828,1037,671,1257,1044,996,1248,1089,720,1021,1349,482,729,644,1070,804,1420,581,1043,681,1244,1067,752,1245,728,1064,577,1248,734,1311,1082,691,1260,1078,1046,1283,1129,1065,1190,1072,1284,578,1104,584,1047,676,749,668,1099,1133,1038,1057,849,1291,518,624,618,693,608,1110,525,770,688,1344
439,586,527,478,807,516,497,787,484,497,474,462,768,505,519,465,436,635,465,1013,507,794,506,482,765,574,476,481,759,464,473,470,635,753,537,484,760,462,475,446,741,544,619,498,444,776,455,562,453,463,427,786,637,483,744,555,547,530,505,521,452,534,767,555,493,440,664
i'm going to america next year.
1183,1430,1147,1119,821,1295,1210,1075,826,1114,840,1293,1106,510,1172,678,756,1221,728,502,1070,1071,679,637,849,1051,693,520,607,763,1318
492,609,657,802,580,517,473,597,583,794,505,481,769,557,664,462,464,489,626,560,754,638,431,606,502,491,474,554,481,483,683
i understand.
june 3rd.
1189,1062,1131,1071,711,689,771,608,845,521,1074,714,1306,1099,1121,1132,1070,691,1091,664,744,692,1328
483,795,464,623,590,512,479,569,519,572,670,565,701,802,605,512,666,520,808,408,427,561,719
are they coming this evening.
533,769,685,1118,843,1066,701,1055,1059,749,1283,1158,1212,1107,879,1117,899,1056,1206,646,1121,727,847,715,1098,1224,1097,888,1347
577,509,465,787,493,561,468,474,732,665,467,659,484,655,590,790,519,581,485,552,776,480,666,478,657,512,656,580,679
can i access the internet here.
768,527,1077,1101,1203,1107,535,749,752,711,635,633,1112,860,1114,720,1137,1230,1109,896,749,821,1098,735,897,1121,1079,726,791,724,1365
649,571,685,823,488,809,572,691,689,486,575,584,813,535,569,461,804,496,673,502,456,481,694,463,490,842,615,465,486,440,703
sorry, we don't have any.
616,1282,768,1057,1083,1279,1089,617,711,1095,729,1277,1078,1457,897,1118,1085,551,840,731,1111,542,1091,1036,1332
568,537,489,484,833,673,826,467,457,841,558,532,685,663,504,824,612,568,677,483,831,578,701,519,703
let's go.
you're very smart.
1298,661,827,1462,588,1119,855,1289,1102,1053,1061,1314,1154,1466,751,669,1070,806,693,764,1021,1027,605,1136,527,750,840,1310
599,454,487,657,536,817,569,528,811,498,449,462,440,580,479,432,783,671,473,481,461,733,558,658,574,502,500,699
it depends on the weather.
1202,829,1106,715,704,1420,697,1111,720,634,1129,1316,1095,1118,865,1064,734,1107,648,744,555,880,1070,741,826,1311
483,516,781,570,463,487,482,640,575,555,774,483,653,812,509,572,463,781,428,413,527,454,550,426,444,695
please take me to the airport.
1404,1308,718,550,632,721,1115,888,568,1277,738,1166,1222,727,1183,888,1352,1166,905,1118,754,1150,584,1264,832,1436,1339,828,913,1378
506,580,452,560,556,466,803,467,530,501,436,744,617,435,759,449,466,733,448,553,395,742,533,447,447,468,433,440,445,655
it's delicious.
1179,828,1449,584,1087,710,694,1278,1175,744,1189,1283,1112,607,1326
503,507,631,534,821,577,476,615,522,692,503,494,463,585,699
i don't want to bother you.
what's this.
1189,1085,697,1293,1077,1450,861,1104,618,518,1082,860,1102,867,1288,1101,921,1292,896,1061,733,802,1097,1050,1315,1160,1364,1105,638,1078,533,878,1454,632,1112,881,1061,1217,659,1337
505,805,592,506,677,633,527,816,512,575,716,531,836,527,521,825,700,538,523,607,468,493,827,504,495,482,689,807,510,593,578,519,633,553,822,512,608,529,567,713
male or female.
1130,504,1273,687,1114,1274,763,791,693,1177,522,1299,692,1135,1367
692,601,633,506,831,548,508,618,474,689,608,616,502,815,760
good luck.
they haven't met her yet.
856,1314,1336,714,1144,1338,1188,771,1272,1390,1143,865,1107,723,1089,1071,1153,519,843,739,1138,1472,911,1145,1203,738,897,1119,1095,736,826,1124,1088,751,888,1359
595,515,510,541,798,585,474,679,564,696,787,540,598,486,492,759,519,549,664,481,650,606,519,776,670,481,515,720,538,463,466,764,461,462,482,665
when does the bus leave.
619,1098,708,1091,1102,739,1325,728,644,1150,871,1082,732,1131,929,1183,664,1152,1349,756,587,866,730,1364
493,581,476,663,834,556,471,471,571,773,517,570,462,771,671,459,559,790,562,500,573,675,473,694
what is the area code.
686,1164,567,905,1127,1252,674,1142,907,1107,777,1135,582,846,771,600,1151,1496,1335,778,756,1396
436,523,542,477,766,452,515,762,486,543,431,768,571,487,447,555,792,995,473,577,473,693
i like it.
it's shorter than 3 miles.
1227,1129,1311,1231,1229,721,1161,1252,920,1399,1151,1275,906,1554,667,1163,663,1100,1315,833,916,768,830,1131,913,601,1137,1150,1153,750,1148,1233,1280,1345,783,688,1361
473,781,579,488,558,444,729,453,480,648,752,449,467,574,497,759,524,544,483,483,483,434,459,784,469,534,598,637,757,331,754,659,458,568,421,506,680
nonsense.
tell him that i need to talk to him.
1103,1291,1097,667,745,1096,677,751,1370,1116,918,772,1312,1308,1130,1082,1220,1190,1166,924,1112,592,923,1143,1231,1140,1135,791,795,803,1158,933,1326,1147,931,617,1333,1244,1173,943,1343,1161,1117,1242,1211,1387
652,519,674,560,465,690,572,468,702,798,495,444,586,606,793,593,506,700,778,498,597,558,497,783,495,781,677,455,461,553,806,502,528,792,507,555,596,599,813,480,534,790,619,525,686,716
where's the post office.
do you have enough money.
662,1101,758,824,749,1475,651,1128,897,1074,761,1107,1378,1294,662,899,1131,1296,852,853,1225,808,768,1340,1135,790,1301,1121,1064,1325,1172,1107,1089,581,874,753,1152,775,1156,1354,1223,956,1127,1150,1224,1364,1179,806,1134,1381
478,599,470,482,448,647,549,811,496,602,445,809,560,516,553,494,810,520,591,579,498,657,486,714,805,579,538,806,503,528,487,774,594,575,680,478,739,425,621,467,427,578,550,764,632,481,643,441,443,645
will you remind me.
i've seen it.
688,1236,1327,1333,1107,1120,1370,1199,1123,844,766,1277,1311,1204,795,1205,1275,778,1408,1162,1295,1540,900,796,1180,704,788,787,1154,1184,1280,957,1406
465,457,544,565,751,431,458,436,743,468,422,631,464,603,507,738,621,438,683,753,444,580,659,481,769,563,481,483,678,789,485,500,700
it's shorter than 3 miles.
1209,857,1472,629,1146,643,1071,1298,802,898,744,807,1140,1089,591,1096,1109,1144,767,1151,1212,1255,1352,789,694,1396
484,503,611,530,790,569,583,520,505,503,469,474,809,589,560,673,702,810,367,823,726,514,618,466,541,729
when do we leave.
677,1141,773,1113,1152,773,1356,1166,664,765,1169,1358,779,593,883,776,1394
491,620,470,700,816,553,522,809,482,464,824,607,476,567,655,471,732
it's more than 5 dollars.
1253,889,1492,659,1158,1210,1339,822,759,1188,914,1118,605,1129,1180,903,1178,799,1347,1351,1354,1345,858,690,1389
501,519,643,544,812,678,564,520,460,809,519,594,564,694,819,417,814,545,511,600,609,541,487,532,716
they charge 26 dollars per day.
how much do i owe you.
863,1072,714,1034,1051,817,1128,577,825,908,767,1137,698,960,1125,811,1322,1338,1337,620,711,715,1131,1418,783,862,1155,801,615,1110,1400,1123,1092,1310,674,1199,1194,831,1097,1114,804,1343,1160,1260,1240,1135,1301,674,772,1129,1080,1317,1167,1381
505,616,464,503,775,635,539,539,482,566,434,798,357,377,809,556,481,569,577,541,531,547,813,531,464,462,814,535,572,487,693,801,606,542,476,679,519,637,602,816,552,539,818,526,480,775,508,474,466,806,492,493,479,695
turn around.
944,1172,845,1104,1117,610,863,1313,1166,1115,798,1364
490,468,477,665,788,543,474,497,448,638,513,652
he's faster than me.
1143,794,1493,697,1167,871,616,712,936,798,863,1167,1117,653,1109,1146,1152,1212,824,1391
600,461,623,538,765,559,558,546,509,465,481,784,574,551,666,673,808,699,452,727
were there any problems.
i'd like to eat at 5th street restaurant.
712,798,861,792,1160,964,1159,843,908,840,1154,657,1138,1122,1108,1453,907,1364,1033,1366,857,1256,774,1379,1163,1291,1529,872,1181,1374,1296,1293,865,1202,1002,1379,1194,877,707,1014,1202,717,1032,1223,1018,1039,1165,1192,800,1057,975,896,894,1054,1204,950,868,782,1024,727,1246,955,710,1191,1041,1423
465,466,463,437,761,469,542,420,439,397,775,500,647,467,738,502,440,447,633,548,434,647,510,704,789,501,614,512,781,607,502,578,469,787,472,520,777,454,530,475,799,520,462,750,390,473,565,768,523,488,469,425,442,467,804,420,378,486,446,510,445,451,520,643,467,685
would you like coffee or tea.
give me a call.
683,1352,1210,1361,795,1109,1079,1357,1184,1074,1348,1270,1268,791,1148,855,1339,878,901,833,824,1134,1315,887,1146,972,836,652,1400,1122,981,1241,934,828,1167,1206,824,1175,658,1175,893,656,1367,1377,1453
431,452,404,495,518,765,417,423,369,747,530,423,513,451,745,666,438,572,577,463,464,758,466,495,745,480,427,532,672,770,553,463,679,460,764,637,466,709,534,723,606,527,515,524,654
are you busy.
599,838,768,1159,1107,1362,1205,1129,983,1220,739,1117,1398
571,488,455,810,475,477,451,741,697,444,564,446,675
i'm tired.
i'd like to make a reservation.
1243,1493,1207,1170,953,1303,864,802,811,1393,1132,1238,1485,818,1154,1324,1245,1247,818,1184,969,1353,1189,1246,675,1287,864,1206,669,1199,914,842,769,851,922,953,664,985,1288,1359,1169,1400
498,616,678,787,478,420,460,419,502,663,782,489,610,532,771,592,494,565,473,771,471,487,764,660,524,586,448,768,531,768,467,426,524,453,458,658,537,504,468,465,609,669
i'll tell him you called.
1238,1487,1335,1338,1172,964,835,1356,1352,1188,1121,1260,1237,1208,1131,1379,1220,1161,887,651,1405,1396,836,846,1426
481,595,569,579,770,483,422,566,577,789,571,482,674,799,481,487,470,773,640,546,579,589,490,561,719
start the car.
735,989,663,902,976,1191,976,1165,847,1167,907,673,917,1430
558,510,563,495,504,799,447,541,391,755,615,500,443,673
is that enough.
1303,753,1199,998,1153,676,1000,1182,874,1232,1434,1292,1022,1190,1484
444,536,759,486,540,539,488,760,424,606,388,336,531,498,604
i think it's very good.
1265,1150,941,1112,1257,1125,1244,1167,1261,946,1507,728,1184,943,837,907,1099,1122,1003,1349,1348,846,1363
466,767,486,544,436,633,569,786,466,471,614,528,793,642,464,457,471,747,583,453,468,539,718
do you know how to get to the marriott hotel.
are you hungry.
801,1363,1168,1148,1412,1249,1181,1294,1180,1382,713,1226,1147,1385,712,1202,958,1381,1201,997,840,1000,1209,1007,1396,1203,1013,1148,870,1186,1254,683,940,934,1311,1402,1019,1031,1228,1175,1408,1027,885,1405,1455,1187,663,822,1216,1188,1414,1259,1186,1180,1121,1184,1139,977,901,1121,1404
525,503,799,442,445,427,738,562,664,539,454,780,583,500,446,779,468,484,765,568,461,494,805,486,507,801,491,589,437,789,656,559,487,488,483,485,486,491,775,564,481,470,426,580,714,788,546,416,747,429,432,408,730,499,537,441,599,561,453,431,655
i'll take you to the bus stop.
1207,1486,1310,1305,1116,888,566,1256,741,1153,1094,1377,1204,1134,939,1372,1158,943,1109,785,1149,1005,1206,736,1235,738,970,1346,1428,1388
427,560,548,559,758,465,523,529,435,768,430,444,407,714,448,432,725,450,530,393,744,609,424,510,599,513,448,410,405,646
let's share.
i'd like to buy something.
1288,725,905,1466,661,1210,722,1164,615,860,782,1370,1146,1254,1512,813,1164,1351,1258,1271,808,1176,979,1360,1174,1040,1285,1139,1162,778,1384,1274,854,1002,1152,1306,1178,1027,1429
534,433,463,603,512,726,500,518,531,467,419,684,779,469,598,537,782,581,492,575,455,772,470,486,786,657,419,416,741,519,471,635,463,485,569,465,650,589,687
the whole day.
934,1115,802,1137,707,1091,1311,1338,805,1166,827,626,1096,1415
506,594,441,796,461,572,500,599,436,804,528,556,482,694
can i access the internet here.
863,613,1128,1161,1251,1155,635,874,880,836,756,758,1188,985,1125,863,1171,1280,1148,996,862,926,1161,850,995,1208,1168,848,918,844,1430
637,558,674,799,473,780,554,648,666,464,556,569,814,522,579,455,806,501,675,502,442,479,697,449,487,824,527,406,444,400,681
i'm happy.
which one is better.
1294,1531,1230,1188,1184,594,1490,1485,1130,1400,1149,732,1110,1252,880,1111,1155,1346,1139,831,1189,1271,748,1189,1006,840,1012,1023,845,925,1372
460,588,656,787,539,529,478,474,415,666,785,462,575,486,630,558,769,483,645,449,766,476,530,750,646,456,486,487,422,454,729
he has a nice car.
1094,767,1137,1099,584,723,1182,607,1179,1129,1278,861,819,1193,866,625,883,1383
625,467,803,586,578,540,770,556,757,639,468,666,478,786,663,557,488,719
it costs 20 dollars per hour.
where is the airport.
1279,928,1194,853,1375,726,944,716,1185,692,1410,1175,823,1366,1371,1375,654,903,757,1224,1459,828,890,1211,1116,1377,1226,901,1401,1182,748,1159,836,898,825,1180,1295,760,1240,995,1174,868,1212,689,1313,941,1453,1372,938,1013,1423
470,509,787,654,483,561,509,559,791,388,375,740,560,590,567,584,572,521,553,792,526,462,476,810,588,495,478,475,711,801,478,598,472,469,440,815,517,530,750,497,549,430,749,550,465,464,502,465,467,468,695
what can i do for you.
that's fair.
686,1103,567,917,1111,818,577,1106,1153,1247,1154,788,1346,1167,873,1358,845,1198,1130,1378,1222,1431,1155,964,1145,632,979,1525,732,1179,897,618,1285,874,1392
473,592,559,496,790,646,581,684,824,479,794,562,495,797,569,476,455,794,479,472,447,660,795,481,590,550,478,616,513,798,538,535,459,464,693
can you hold this for me.
i'm leaving tomorrow.
823,578,1122,1126,1096,1351,1185,1121,1092,1313,1321,785,1184,940,1111,1263,713,1173,899,1359,886,1236,1301,831,1442,1208,1324,1550,1264,1222,1457,831,643,942,1339,1224,1013,1240,1000,1412,1312,1428,940,935,1428,770,1449
631,560,676,807,465,465,465,763,582,505,601,548,808,506,593,508,555,795,599,523,501,684,676,447,714,809,510,627,679,793,496,438,534,657,417,602,578,731,486,461,633,473,483,485,455,445,688
are you busy.
626,877,791,1188,1179,1418,1270,1201,1020,1275,755,1160,1454
565,483,434,791,441,447,419,767,676,421,544,414,655
what can i do for you.
663,1093,583,903,1123,823,587,1121,1140,1257,1166,798,1323,1176,873,1331,870,1190,1089,1365,1205,1414
469,579,550,486,789,618,553,678,788,454,767,531,484,777,574,489,480,767,475,467,444,690
this is very important.
946,1112,1259,723,1168,1259,722,1177,911,825,884,1108,1140,1258,1231,1417,1344,878,979,656,1184,984,1397
462,581,494,512,765,484,522,768,627,462,448,458,727,448,649,506,483,478,476,539,623,494,732
i'd like to go to the store.
1264,1495,796,1165,1347,1260,1257,804,1194,957,1349,1175,973,1344,1189,996,1343,1174,995,1105,860,1182,749,1001,1353,919,845,1408
468,599,499,770,589,497,560,446,768,462,487,764,542,477,754,457,477,776,460,558,407,761,520,457,480,443,398,675
do you have a boyfriend.
828,1332,1170,1117,1371,1213,1167,1130,643,944,830,1198,648,1212,1049,1387,1160,949,927,1315,866,1195,871,1419
494,484,774,444,450,440,781,555,531,626,447,772,542,721,635,455,429,539,455,439,435,614,519,657
they're very busy.
963,1147,827,1141,1524,899,827,1173,946,842,914,1113,1150,1029,1213,767,1114,1401
502,566,442,469,601,455,429,793,675,454,479,429,744,672,444,548,438,649
do you feel better.
781,1359,1170,1122,1379,1224,1175,922,842,1369,1366,1180,1026,833,1009,1018,862,931,1459
505,496,805,470,460,446,783,597,467,560,582,798,685,482,521,519,460,489,735
you speak english very well.
1152,1418,1237,1173,749,1459,827,641,1303,1225,845,1166,991,1390,1303,772,1152,1202,950,862,934,1129,1156,765,861,1386,1386,1454
482,473,447,744,572,496,484,574,575,791,500,657,604,619,503,576,562,781,697,500,518,471,751,504,483,578,587,719
how much is it to go to miami.
1053,1296,690,1128,1217,1208,874,1124,1152,1254,739,1160,1257,983,1167,978,1339,1170,1520,988,1333,1168,979,1335,1283,1311,664,1272,1298,1464
612,519,460,810,671,495,646,569,787,474,533,790,485,521,790,496,494,805,1000,560,500,800,488,492,656,463,543,646,487,689
i'll talk to you soon.
1301,1514,1354,1352,1187,980,664,1282,1190,981,1378,1196,1133,1376,1227,1171,1273,780,1428,1429,1225,1475
503,618,598,606,804,501,555,594,821,481,509,806,488,494,473,777,711,530,439,442,593,639
who taught you that.
would you ask him to call me back please.
748,1150,1357,1178,999,682,1248,1000,1152,1020,1181,1139,1408,1244,1203,1017,1211,696,1021,1449,1188,768,1359,1218,1375,863,1183,1140,1401,1232,1168,640,764,1330,1240,1156,1295,1278,1244,1025,1402,1226,898,678,1418,1417,1250,1292,856,1250,1029,674,911,1347,1279,1496,1433,859,679,765,831,1455
466,596,516,800,487,543,474,597,557,492,797,474,486,464,753,481,511,535,480,649,786,463,491,444,552,526,784,464,464,442,745,574,551,570,794,584,501,682,808,504,502,771,654,573,594,605,829,704,478,816,675,577,651,611,808,543,587,488,572,578,487,757
i'm very well, thank you.
1278,1508,1240,1213,936,824,897,1134,1135,739,825,1386,1383,1342,1206,989,1162,682,1167,1311,1242,1148,1409,1242,1442
509,621,694,809,687,487,504,505,784,507,474,602,609,716,834,517,625,582,701,610,828,503,504,485,707
would you like to have dinner with me.
739,1371,1219,1377,854,1183,1148,1400,1240,1178,1409,1322,1328,858,1233,1009,1401,1213,1172,685,975,869,1220,885,1328,1226,1211,881,1235,786,1310,1030,1170,1199,1238,1278,908,1468
487,552,517,601,559,815,516,505,492,806,623,519,603,491,805,525,527,817,596,578,675,500,834,558,464,626,646,474,805,494,513,508,574,790,806,686,473,715
i'm fine, and you.
1293,1531,1250,1216,961,1301,1193,871,1345,1218,687,1190,896,1226,1146,1399,1233,1435
520,637,711,820,587,519,689,474,701,835,580,711,559,827,504,499,470,699
are you going to help her.
676,931,849,1191,1136,1410,1233,1170,1023,1397,1314,1199,1052,1239,1073,1415,1246,1189,919,1407,1495,1247,1189,896,977,1466
565,510,470,837,515,492,485,799,615,528,479,666,625,820,524,524,810,614,492,623,561,810,612,472,497,732
who taught you.
what time does the store open.
751,1142,1355,1183,682,1235,999,1161,1016,1202,1144,1390,1231,1437,1175,1227,804,1190,704,1032,1216,1034,1295,1267,889,1238,894,1413,888,808,1218,1020,1169,899,1210,819,1051,1379,962,888,1224,1383,1460,897,1152,1431
464,592,524,807,553,491,617,561,518,822,486,486,483,685,810,748,481,561,542,501,800,506,502,664,445,806,532,454,468,534,784,497,554,436,777,528,490,503,472,423,772,492,507,445,691,723
it's very windy.
1235,920,1504,707,1129,916,814,888,1062,1067,714,1222,1104,836,1065,1384
471,482,608,530,800,648,479,482,479,754,467,475,660,565,463,680
my grandmother passed away last year.
1209,1099,1121,980,920,663,1183,856,1266,1376,1006,1153,866,940,1170,1428,691,786,786,873,878,1188,688,768,688,1136,1120,1359,679,797,1018,1168,1155,873,705,951,1409
705,525,804,585,516,567,666,549,687,533,520,599,481,484,795,544,577,548,567,510,576,803,580,512,588,502,771,589,569,560,521,747,450,467,557,481,727
turn left.
everyone knows it.
977,1190,887,1123,1149,1329,829,893,976,1374,1128,832,945,842,919,1076,1296,1113,830,1136,1251,1129,1322,744,752,1178,1251,982,1396
507,503,480,659,794,600,450,569,503,745,837,474,670,475,492,503,503,699,463,832,581,691,554,459,546,798,522,502,714
a one way ticket.
is your house like this one.
632,1187,1343,1146,823,1199,727,627,1112,1136,970,1279,888,1281,821,991,1416,1188,1292,731,1193,1112,1376,1207,905,1167,1126,1366,1201,746,828,1187,1372,1291,1303,825,1220,994,1148,1299,759,1207,1370,1194,857,1418
547,780,508,659,459,787,464,546,468,735,484,463,640,554,448,480,718,807,519,544,807,497,495,484,484,784,585,507,473,555,475,798,617,500,596,463,804,498,589,509,541,800,511,664,450,715
i'm 32.
i'll take that one also.
1273,1513,1235,1216,826,733,1392,1161,1255,1523,1346,1348,1193,1000,691,1268,849,1192,1017,1136,685,1021,1184,1370,1165,867,1202,682,1365,767,1376,1439
516,637,693,788,352,360,729,828,534,641,617,625,814,517,575,601,475,831,500,607,569,505,825,537,672,452,806,579,616,575,528,725
that's her book.
982,1148,650,986,1498,754,1177,1129,920,1175,1182,1054,1363,1363,1295,1408
520,608,567,512,649,547,826,612,493,826,787,652,465,478,563,694
are you going to help her.
626,863,787,1154,1127,1383,1203,979,1009,1377,1299,1189,1012,1222,1036,1383,1206,1210,830,1417,1496,1273,1184,871,959,1445
577,505,456,849,495,486,483,569,573,504,458,639,581,778,509,497,792,482,440,505,460,723,521,423,444,673
i'd like to buy a bottle of water, please.
1300,1513,804,1196,1356,1285,1278,809,1187,1015,1364,1193,1065,1219,1107,1147,666,1167,1039,1391,1054,1053,1385,1232,1399,996,1238,1273,818,721,1060,1236,921,995,1368,1243,1505,1422,910,733,821,899
503,633,540,807,618,512,615,473,807,494,513,823,655,483,469,737,569,761,683,446,506,504,596,799,509,575,793,749,453,544,488,558,439,468,721,808,513,583,445,535,530,461
my son studies computers.
1233,1129,1133,732,1378,1165,1190,762,993,1266,866,1330,859,771,1212,906,1391,1276,1478,1235,1001,866,939,777,1415
695,509,803,541,512,687,831,559,512,473,545,460,465,536,824,660,521,681,526,483,512,450,481,539,723
where's the nearest hospital.
723,1169,808,881,804,1530,726,1192,969,1138,828,1164,1229,822,649,891,818,749,973,1182,1155,1378,746,1459,1297,976,665,1386,1405
482,600,474,481,445,639,534,827,502,601,444,803,674,453,574,487,455,554,489,780,555,491,551,512,452,502,547,553,710
i don't know.
1293,1220,830,1348,1185,1579,1008,1228,1303,1190,1382,757,1416
433,731,526,452,612,560,495,767,563,655,506,442,693
what are you going to do tonight.
710,1152,611,961,1170,622,878,800,1205,1124,1407,1245,1183,1003,1390,1296,1197,1019,1224,1052,1391,1242,886,1401,1247,1063,1421,1208,1321,1065,1201,1083,1478
474,575,563,480,800,565,466,415,830,490,464,451,752,572,502,460,672,577,792,501,517,792,545,517,799,507,521,656,503,593,580,514,700
whose book is that.
661,1114,1352,687,771,1184,978,1357,1362,1290,1212,1303,730,1217,962,1158,616,982,1487
483,606,502,568,479,791,663,488,503,577,770,482,544,790,521,578,574,505,694
can you help me.
889,640,1160,1145,1137,1395,1226,1183,1153,823,1378,1462,1214,1252,821,1423
638,570,679,790,462,467,462,772,564,470,578,530,791,672,454,718
what do you want to buy.
723,1154,617,957,1168,824,1369,1176,1136,1394,1225,1164,746,645,1190,982,1211,1388,1193,1222,1059,1290,1191,1474
486,610,580,507,831,569,518,828,510,510,495,789,490,566,689,519,843,516,828,752,693,452,444,666
how many children do you have.
1211,1418,752,1255,1299,663,1229,1168,1206,917,1155,1307,1389,883,945,881,1202,1222,886,1389,1243,1156,1401,1245,1201,1149,704,989,894,1468
531,462,456,724,603,543,635,441,695,627,564,429,541,558,505,453,662,791,564,499,780,471,477,465,761,588,577,680,494,699
i'll take you to the bus stop.
i have a lot of things to do.
1294,1555,1371,1375,1226,1001,685,1315,865,1259,1155,1399,1248,1190,1036,1396,1193,1030,1155,897,1208,1059,1275,814,1230,804,1039,1385,1471,1436,1231,1325,1232,1202,692,995,886,1238,708,1243,1425,1426,1065,1254,1420,1002,1272,1063,1191,1344,1251,1092,850,1277,1079,1444,1274,1257,941,1447
510,645,628,634,813,539,569,636,487,849,550,541,511,817,520,533,845,530,610,466,838,679,430,568,791,577,541,504,500,719,799,530,825,597,589,700,515,820,603,799,627,583,525,814,540,617,813,531,598,519,691,621,569,823,538,541,574,820,580,548
it's a quarter to 7.
is this a safe area.
1295,974,1542,744,1225,640,1212,655,1234,650,892,964,830,900,1197,991,1380,1189,1187,1423,1159,1270,750,1180,1003,1120,1273,785,1192,678,1191,798,700,950,867,1204,691,954,881,702,1466
500,515,626,534,803,584,813,453,456,544,469,485,427,453,792,489,496,771,385,670,813,510,547,806,494,594,515,530,808,549,804,551,561,562,454,817,562,487,448,546,732
who is it.
i'm an american.
773,1152,1390,1194,1296,777,1205,1307,1034,1434,1197,1296,1562,1251,1226,710,1178,1226,680,1284,885,966,1326,926,706,1231,1489
471,594,513,816,506,541,810,504,504,723,854,522,653,716,849,591,730,753,531,650,454,467,471,606,543,676,684
can i access the internet here.
it's is a quarter past nine.
925,673,1186,1227,1324,1232,671,898,894,847,766,767,1201,1007,1132,882,1210,1316,1181,1038,906,980,1182,899,1055,1199,1155,902,984,902,1457,1201,1332,997,1574,786,1218,1360,802,1260,696,1274,701,1293,695,946,1022,885,956,1244,1502,724,814,1045,1257,1194,1342,1211,908,1477
647,557,691,810,471,794,550,656,662,483,545,556,821,514,604,469,815,504,673,498,439,472,715,453,498,847,624,462,486,442,763,860,474,521,625,540,824,410,524,737,549,741,496,467,569,500,497,443,473,803,518,578,560,506,813,657,495,685,449,714
please take off your shoes.
1478,1391,847,653,757,844,1234,1007,693,1300,862,1251,1401,965,962,1232,1164,1432,1258,957,1221,798,1172,1383,883,800,1431
548,606,449,548,546,474,807,501,555,604,454,812,533,566,577,811,501,494,488,485,800,574,591,521,472,550,744
it depends on the weather.
follow me.
1296,977,1220,868,846,1460,852,1187,866,767,1207,1370,1177,1226,1032,1168,888,1194,769,880,693,1020,1152,879,964,1416,1191,976,1378,1396,1395,1385,784,1222,1558,1272,886
500,499,797,553,472,537,471,679,553,546,805,534,688,802,507,607,454,796,476,469,548,506,606,446,472,717,846,581,519,623,628,553,467,819,1045,703,464
i don't know how to use it.
1247,1189,828,1144,1501,1015,1188,1262,1165,1361,773,1217,1236,1185,1398,777,1220,1030,1396,1206,1245,814,898,1189,1302,1053,1478
524,831,541,683,646,509,821,627,712,560,473,817,765,588,527,454,802,493,516,804,491,546,476,804,512,499,715
i get off of work at 6.
1270,1189,1010,842,1016,1173,1354,964,962,1198,1367,980,1218,786,1361,961,1277,1238,719,1058,1223,1142,1414
498,803,579,456,484,824,506,564,564,818,520,576,810,474,521,488,616,819,584,523,832,370,751
when does he arrive.
i'm looking for the post office.
740,1126,816,1124,1186,840,1351,833,757,1202,1129,844,1188,665,924,931,1271,965,859,1416,1176,1273,1545,1262,1208,1380,1384,1381,1311,1306,1187,1088,1212,994,1395,964,1218,1044,1157,907,1210,1481,1387,799,1055,1218,1397,977,988,1320,927,887,1445
471,607,456,686,820,579,539,474,544,831,617,471,820,583,485,487,539,687,481,734,817,541,664,750,847,626,558,554,636,546,708,603,830,609,542,508,824,514,622,441,817,575,527,555,509,816,528,580,572,499,667,468,738
you have a very nice car.
1151,1400,1237,1192,1149,666,996,882,1218,695,1219,984,891,975,1145,1160,1154,1299,951,899,1233,953,705,958,1452
500,502,488,778,580,560,656,480,814,572,805,665,481,497,499,764,686,517,687,490,836,676,583,503,726
he said this is a nice place.
for how many nights.
1144,841,1174,762,663,1264,853,1206,1001,1131,1278,773,1246,1328,784,1259,686,1257,1189,1328,943,875,1262,1496,1408,698,938,885,1461,1243,982,1401,968,1261,1175,1419,771,1255,1279,697,1219,1185,1213,1213,1339,1051,1221,1074,854,1511
616,464,823,561,582,511,565,805,517,603,521,556,738,435,516,737,551,734,612,468,627,464,762,475,535,543,620,470,691,771,576,507,493,763,549,483,449,780,646,556,661,461,735,623,474,568,554,494,539,669
sometimes i go to sleep at 11pm, sometimes at 11 30pm.
665,1295,1182,736,902,1206,1184,774,693,1131,1203,1128,933,1279,1103,956,1277,1115,726,1279,806,803,1367,1143,610,937,1127,570,574,1408,1231,1295,1172,715,1328,1225,786,958,1256,1237,823,730,1187,626,969,1182,609,615,1173,751,1388,1437,1256,1380
521,447,624,433,462,467,640,431,522,754,470,770,531,464,777,458,480,769,518,557,443,446,503,744,530,468,788,303,308,463,655,668,796,546,513,665,456,476,510,694,429,522,783,540,499,805,301,307,811,279,422,520,699,701
it's really hot.
where did you learn english.
1206,943,1456,721,1160,880,808,624,1318,1318,1057,1085,1068,1305,981,1340,1123,723,1072,816,899,819,1137,828,1225,819,1162,1072,1338,1167,1139,1325,816,647,903,1134,1166,835,1149,1000,1347,1269,764,1113,1396
500,480,626,531,808,486,442,544,598,614,507,788,578,495,465,697,822,465,599,448,467,428,824,544,503,541,817,505,487,483,798,602,471,552,467,681,827,442,680,565,615,527,557,602,718
is it hot.
is it close.
1253,938,1187,1252,726,1196,1114,1332,982,1367,1174,1250,711,1169,1239,975,1177,893,1332,1329,745,818,1389
520,482,818,529,541,815,617,532,481,748,843,537,539,824,543,490,825,617,589,549,549,472,725
what's wrong.
639,1091,547,905,1539,670,1149,658,831,1311,1135,948,1382
449,599,575,506,596,524,800,464,471,521,657,566,704
come here.
can you throw that away for me.
832,1295,1198,780,1177,1116,788,869,785,1364,1128,849,611,1133,1152,1108,1358,1200,1161,976,1110,896,1352,706,1167,974,1187,639,973,1199,651,739,652,1115,1124,924,1341,913,1186,1230,833,1422
608,511,672,445,807,600,450,464,411,709,829,634,545,692,829,483,474,461,747,497,566,464,503,435,774,460,537,515,466,747,520,423,520,439,746,538,465,459,762,643,407,693
how do i get there.
he never gives me anything.
1137,1347,668,1176,805,1346,1194,1311,1197,991,839,1000,1194,1004,1175,850,927,858,1427,1192,1160,851,1170,1169,860,980,865,950,1210,1035,1303,975,869,787,1228,1275,862,1229,644,1209,1167,984,1145,1303,1196,1030,1409
593,519,445,781,519,512,789,436,756,562,451,492,791,463,561,407,441,406,685,799,590,423,794,640,426,594,423,448,823,539,494,667,434,502,807,676,436,811,543,676,505,469,596,493,692,549,716
how do you say it in english.
1146,1365,684,1193,837,1198,1117,1402,1225,1161,746,762,663,1134,1173,1317,1013,1224,1311,1200,1227,863,1192,1013,1413,1312,799,1177,1440
580,518,425,777,525,794,486,488,469,761,539,519,536,439,740,466,470,761,458,633,769,436,653,540,587,484,519,562,680
i'm 6'2.
when do we arrive.
1291,1523,1255,1234,1112,1587,762,1425,1214,769,1154,861,1175,1205,875,1380,1204,776,863,1224,679,952,949,1303,982,877,1428
474,596,663,788,365,612,308,730,816,456,613,447,699,809,552,523,790,452,441,816,558,476,465,503,640,452,721
sorry, i don't have a pencil.
712,1357,878,876,1098,1295,1157,1243,1149,816,1319,1137,1501,1009,1179,1109,664,949,850,1186,663,1182,1431,849,1153,881,1280,1379,1419
511,473,454,451,433,634,813,467,781,522,488,651,611,480,784,576,531,652,440,812,556,808,525,454,694,660,487,591,737
which is better.
723,1122,1271,882,1118,1171,1277,750,1205,1009,846,1004,1017,865,942,1412
446,593,485,617,569,778,482,525,768,672,466,501,503,434,472,704
give me the pen.
796,1207,763,625,1060,1111,1081,1115,826,1087,687,1093,1400,684,1099,1351
561,486,663,471,826,684,831,721,448,513,367,727,443,371,588,629
when are you leaving.
602,1097,713,1092,1114,526,769,687,1103,1042,1348,1166,1110,1346,731,540,867,1239,1149,927,1397
420,556,402,673,785,516,425,378,811,454,435,428,755,570,389,495,606,465,643,503,693
it's north of here.
1224,875,1467,674,1155,1129,1343,832,980,1126,1174,1398,909,1227,1173,850,924,843,1449
491,462,628,506,795,673,529,447,451,578,783,452,518,725,540,400,428,380,716
i don't want to bother you.
1255,1194,769,1376,1175,1521,938,1216,701,609,1178,972,1175,979,1362,1189,1015,1377,997,1133,848,930,1190,1115,1365,1212,1438
496,791,492,495,645,600,450,767,443,528,665,448,771,436,488,767,602,475,447,553,390,422,779,470,462,436,670
sometimes i go to sleep at 11pm, sometimes at 11 30pm.
608,1245,1131,704,851,1165,1137,723,648,1082,1170,1085,892,1257,1082,899,1264,1090,678,1250,759,761,1361,1103,587,906,1112,566,572,1378,1187,1258,1129,692,1286,1176,765,924,1219,1180,783,701,1145,615,926,1135,594,597,1120,746,1346,1396,1210,1341
584,520,655,500,520,515,692,465,554,795,487,790,575,512,790,518,504,793,548,586,466,463,530,761,583,497,785,297,309,468,653,672,777,530,519,684,453,468,514,672,433,521,769,561,478,789,338,361,805,349,419,526,688,725
i'll pay.
i usually drink coffee at breakfast.
1227,1457,1305,1305,1130,1411,595,1099,1357,1129,1224,1129,1157,724,1165,620,1314,1318,1084,1078,820,887,1239,1129,1240,1168,881,1408,920,928,861,858,1217,691,1006,1210,1039,934,854,675,1307,941,673,780,1029,1442
482,611,610,613,764,533,570,470,708,818,535,811,518,543,497,570,592,595,478,767,552,474,498,665,595,809,646,458,577,568,455,463,760,543,474,777,654,491,437,532,585,537,546,533,498,710
there's plenty of time.
some books.
930,1086,783,857,777,1462,702,1148,1399,1322,784,1154,943,1099,1096,1331,900,1156,958,1232,1210,814,1372,1147,712,1311,1204,810,1171,1005,1324,1328,1258,738,1382
480,599,440,470,422,624,544,820,525,627,446,714,485,506,828,528,536,815,470,522,702,422,757,827,530,573,730,445,827,647,542,560,625,520,711
that restaurant is not expensive.
927,1078,590,928,1146,830,760,693,904,608,1182,839,605,1154,919,1181,1228,707,1121,1162,1362,974,1190,821,770,1432,809,1173,749,1271,914,811,1399
486,618,544,490,808,430,400,490,460,524,462,445,519,626,462,759,464,502,631,621,472,456,732,411,570,453,419,626,513,426,604,429,647
what time is it.
704,1126,612,961,1133,954,1217,1210,833,1190,1254,755,1185,1273,999,1425
426,575,519,439,782,445,477,657,399,773,492,498,773,484,447,688
there has been a car accident.
942,1140,804,892,810,1183,1110,637,740,1210,1018,840,829,1122,1167,664,1176,886,647,888,1173,656,886,887,1238,863,837,1145,991,1416
468,599,418,442,406,820,599,541,520,803,659,453,454,699,827,560,815,645,550,479,834,550,641,643,501,562,495,694,478,684
over here.
how many people are there in new york.
1353,938,827,902,1191,1171,839,920,847,1406,1172,1136,1349,720,1198,1248,645,1185,1117,1111,1432,830,1344,1426,1364,855,1201,681,937,851,1211,1010,1150,872,939,875,1221,1287,1160,1207,1170,882,781,1207,1130,1364,935,1303,1427
516,636,452,453,801,522,417,445,405,676,784,585,506,416,786,647,524,679,483,752,483,429,476,475,562,426,744,546,460,419,773,470,560,418,455,424,784,481,665,793,682,441,416,800,494,479,440,567,702
the tv is broken.
this is mrs. smith.
985,1146,851,1175,1015,992,1181,1254,806,1197,1039,969,1361,1276,878,1189,1412,1211,1020,1160,1301,803,1225,1300,798,1227,1271,945,806,1430,1215,801,1278,1314,1030,1176,1422
463,583,409,785,462,597,797,511,519,787,652,462,512,587,428,698,722,787,464,594,498,500,776,515,515,774,640,449,505,706,806,520,689,528,451,591,703
that's too much.
you're very nice.
964,1157,669,991,1486,767,1165,998,1336,1343,1190,1222,1197,926,1137,1382,1159,1116,1338,1193,1511,915,847,1180,962,851,926,1090,1109,1117,1244,902,851,1376
469,574,523,464,618,494,786,454,511,506,777,651,507,599,569,703,805,502,486,481,589,459,416,787,649,437,446,488,753,651,494,627,440,684
do you know how to cook.
805,1320,1148,1116,1347,1190,1155,1260,1150,1363,727,1207,1153,1367,746,1224,992,1376,1223,905,1382,1387,1318,1476
501,541,816,497,487,487,790,582,682,516,420,814,597,533,424,810,471,524,794,602,519,532,606,713
his room is very small.
1171,1303,776,1215,933,1386,1387,1298,1261,1331,775,1244,974,870,955,1159,1169,805,1274,716,1404,1404,1454
613,516,524,803,481,516,511,706,796,510,494,786,595,461,449,501,769,522,692,521,596,610,731
who is it.
one like that.
764,1172,1373,1208,1318,772,1233,1324,1041,1449,1219,1402,1218,881,1228,1415,1328,1342,890,1290,1062,1212,741,1065,1471
447,609,539,803,500,509,801,504,479,712,800,537,692,417,790,613,519,601,404,810,444,589,520,460,698
i don't have time right now.
try it on.
1269,1178,836,1346,1183,1516,1039,1220,1150,711,1006,888,1210,1055,1295,1245,919,1226,981,1308,1064,1170,1075,1235,1182,1378,819,1417,1220,1080,1001,1171,1186,1294,1090,1235,1379,1204,1428
532,826,498,524,685,638,481,812,601,516,643,439,823,474,521,716,423,795,443,519,571,584,485,795,676,537,418,715,803,480,453,493,775,511,449,791,521,665,704
that's too much.
1009,1194,696,1024,1534,799,1243,1056,1391,1385,1237,1259,1249,976,1172,1419
461,577,522,455,629,491,790,456,521,527,792,672,532,582,587,696
i'm not afraid.
1316,1534,1303,1255,1223,1400,1075,1259,732,1021,1015,763,1369,952,1498
496,611,700,812,679,544,464,796,500,533,448,484,449,491,676
i'm single.
1306,1533,1289,1246,819,1316,1220,1067,1403,939,1464
508,614,690,790,481,501,659,549,587,418,677
are you american.
729,972,902,1234,1197,1448,1300,1243,708,1314,904,993,1349,961,738,1243,1459
510,443,388,815,493,471,462,756,519,682,429,429,512,580,513,690,705
thank you.
i thought he said something else.
1041,1211,715,1220,1344,1223,1176,1423,1263,1463,1247,1345,1247,1068,1192,1446,1304,1093,1251,1113,1280,1247,986,1278,887,772,1378,963,1319,888,1487,1373,956,1110,1251,1389,1272,1135,1302,984,886,979,1522,1427
445,558,493,663,566,783,464,464,454,685,789,486,777,454,581,491,450,555,557,491,795,572,428,782,507,523,487,525,798,495,441,609,417,451,534,451,635,544,763,414,510,440,692,752
see you tomorrow.
785,857,862,1201,1155,1396,1233,1173,1039,1379,1295,1403,968,963,1407,794,1490
510,430,433,824,481,458,447,766,462,483,693,521,441,442,509,405,732
have you ever had potato soup.
1192,634,971,851,1191,1150,1429,1264,1190,878,998,873,956,1229,1169,708,910,1230,1462,1383,1056,741,1068,1414,1276,824,1420,1278,1501,1463
582,516,613,423,815,465,456,412,751,418,618,411,412,806,581,551,531,804,522,496,464,521,472,502,777,505,496,476,500,700
where does it hurt.
729,1172,821,889,817,1185,842,1370,824,733,1224,1303,1012,1230,1158,1215,934,1038,1427
456,619,451,460,418,837,524,532,464,526,813,530,485,824,601,543,478,484,727
more than 200 miles.
1282,1378,915,845,1227,997,1156,688,1165,1211,736,1420,1435,1240,1297,1333,1418,849,782,1470
703,557,474,426,824,489,608,556,711,827,367,465,460,810,710,544,619,454,522,716
i can't hear you.
1288,1213,909,666,1220,1558,1020,1235,1168,872,703,958,1233,1165,1405,1252,1427
535,828,638,553,672,622,520,821,616,478,544,476,821,522,504,498,705
do you know how to get to the marriott hotel.
852,1350,1184,1132,1373,1229,1161,1277,1171,1375,757,1220,1167,1386,745,1216,1012,1395,1221,1051,878,1044,1209,1050,1377,1216,1054,1153,916,1204,1250,727,990,990,1316,1410,1077,1088,1243,1177,1397,1058,929,1418,1481
531,549,830,498,502,484,787,600,705,568,449,807,602,525,446,797,477,521,809,573,447,482,815,476,532,808,485,595,424,823,679,537,463,466,513,519,478,471,800,603,503,472,423,606,719
this is very difficult.
1003,1151,1284,785,1216,1298,783,1220,989,892,955,1135,1128,890,1298,975,982,1294,931,1377,1038,1419,1440
501,613,535,516,820,537,517,818,646,477,485,508,783,532,498,564,556,511,667,575,504,710,751
