on the left.
1184,991,882,863,992,690,883,1198,664,744,880,1360
644,895,971,606,734,587,941,757,611,747,623,866
he likes it very much.
943,676,881,1241,1151,1119,690,636,883,1167,899,977,858,670,768,1098,1009,1102,1020,714,949,1306
730,618,933,729,624,753,618,695,932,640,621,912,848,625,588,619,955,905,637,875,764,913
i'd like to call the united states.
sorry, i think i have the wrong number.
1157,1372,648,813,1284,1148,1144,637,833,851,1172,902,726,520,1228,1230,830,869,994,718,918,1016,1000,1113,839,701,684,816,582,849,464,850,695,606,1275,1648,537,1231,720,740,967,1138,872,1150,846,841,979,1101,984,1192,860,1144,874,895,526,859,720,876,855,1003,698,882,541,738,1147,998,839,887,952,965,991,866,651,753,1340
615,759,710,947,734,650,754,629,931,637,642,931,820,732,760,781,963,612,726,568,902,657,906,652,596,546,703,923,671,591,628,617,580,661,870,709,671,621,580,590,616,874,938,622,930,623,746,655,858,722,900,608,914,699,656,818,628,921,600,728,544,894,593,610,656,826,746,947,858,674,841,846,605,580,918
how much would you like.
840,1190,497,791,1092,1016,661,890,768,495,1205,1031,1211,623,781,859,1205,1045,826,1243,1111,1064,585,1270
735,615,580,920,909,644,824,770,995,576,647,637,780,736,967,592,624,609,949,778,676,744,619,904
it's half past 11.
i love you.
1150,778,1438,472,732,824,429,1220,602,756,1273,477,809,928,237,172,185,1167,1583,1116,751,1188,1156,721,520,785,823,1148,950,1224
590,560,763,689,962,714,691,740,715,967,624,729,616,907,447,393,409,895,615,543,947,734,607,811,597,917,569,570,583,890
i'm looking for the post office.
1111,1381,1111,799,1268,1192,1171,1142,1155,1007,806,829,745,1176,640,861,821,945,621,848,1300,1175,447,791,920,1172,649,665,1051,689,560,1255
521,741,889,964,724,599,619,735,582,790,752,950,712,606,607,913,631,699,559,920,598,599,699,602,897,614,726,721,637,881,656,916
is your father home.
1115,476,792,865,1148,999,600,826,643,372,829,945,619,702,833,850,1151,1039,563,1252
591,687,931,585,583,585,575,929,684,689,621,725,577,610,918,717,622,826,593,856
we like it very much.
where is the bathroom.
376,486,765,1221,1104,1067,524,785,1119,782,900,764,582,680,1020,918,1003,944,561,813,1258,1613,437,934,543,642,579,783,1045,427,716,752,939,657,871,800,322,725,898,574,1159,1154,1029,1306
551,573,895,705,602,716,569,894,621,579,897,810,619,559,590,915,865,607,830,735,888,641,574,696,548,563,539,915,576,673,938,583,732,551,895,816,698,586,696,595,614,624,824,888
is your husband also from boston.
1162,474,739,816,1176,1013,635,781,847,1011,494,858,399,919,548,736,340,1198,434,1174,770,628,621,1128,994,694,790,1152,445,808,1169,944,1297
567,698,923,608,577,590,583,918,694,587,662,836,704,880,720,948,684,733,729,650,961,722,590,640,840,931,833,620,680,575,607,870,903
i haven't had lunch yet.
1070,754,860,356,697,583,924,1450,803,901,819,425,635,826,1172,1032,930,661,914,819,814,586,745,1294
633,956,749,674,800,643,893,708,564,928,732,681,697,961,779,674,897,887,784,976,635,573,610,905
what should i wear.
475,892,388,759,874,519,919,1167,988,1252,617,802,1105,814,467,514,360,674,1167
617,731,695,630,929,714,760,559,558,738,725,1001,619,986,593,589,676,605,885
as soon as possible.
do you study english.
354,441,748,482,1169,1167,947,758,352,448,753,1259,1169,463,466,1077,751,1175,558,1309,1590,621,1231,888,851,1211,1076,865,520,839,1016,605,959,932,599,943,725,1254,1130,501,892,1356
709,718,952,703,638,646,868,940,700,710,950,613,597,702,711,606,822,741,597,897,574,716,542,932,546,519,541,916,650,579,561,696,561,922,582,830,723,709,626,700,713,876
nobody is there right now.
922,1210,823,1230,564,939,913,1072,404,840,827,958,653,727,649,791,670,1070,848,942,826,861,911,1167,486,1295
884,548,909,567,716,607,971,565,693,982,524,674,512,554,531,924,535,551,702,698,596,940,862,572,556,873
is it cold outside.
what time do you go to work everyday.
1210,471,745,1157,796,880,646,1189,1205,553,754,1156,983,783,479,1109,537,499,1175,1472,417,905,344,734,851,767,1037,1022,554,776,516,1147,747,874,1138,979,729,747,1165,796,775,1226,823,457,1175,634,1103,760,561,731,538,646,1040,565,317,866,1331
515,627,933,556,508,880,795,556,724,688,957,540,584,556,655,564,689,611,876,644,569,704,669,598,887,563,594,832,558,919,690,575,919,541,554,557,901,694,592,922,519,558,938,544,576,576,684,919,561,830,593,529,548,692,673,552,905
i'm going to america next year.
1051,1340,1051,776,809,1208,1105,960,783,850,808,1205,891,392,1015,593,612,1101,617,422,766,942,568,483,776,928,791,530,351,670,1250
541,702,892,942,706,591,606,827,728,950,596,567,934,665,867,597,615,627,776,684,944,876,548,841,575,879,561,556,657,549,913
it's 11 30 pm.
1163,776,1431,399,720,180,219,716,450,1243,745,1291,1097,1363
525,552,720,665,952,464,476,914,466,474,925,605,866,911
i've seen it.
my stomach hurts.
1114,1363,728,538,727,409,489,511,989,715,1131,690,1354,1590,1110,761,737,428,728,1210,1112,304,556,905,696,810,1026,529,769,468,1352
549,704,885,639,992,670,618,626,925,959,600,572,876,704,877,534,956,650,567,572,886,711,858,725,987,705,581,596,501,642,874
how do you spell it.
754,1205,363,683,505,1172,750,800,1185,1013,745,412,1294,484,1232,1225,692,1095,701,1295
724,575,553,906,675,597,958,561,576,598,946,690,635,552,772,791,913,640,544,899
at what time did it happen.
269,733,808,402,863,332,715,801,694,1063,997,516,797,551,1090,521,729,1086,802,895,811,326,1242,1233,512,940,1273
670,541,935,572,727,683,587,915,572,641,848,556,935,687,563,684,958,602,543,891,695,675,591,607,582,880,879
he has a nice car.
790,518,747,878,319,426,714,309,707,904,1097,664,535,755,634,319,605,1259
710,588,958,693,674,687,958,654,933,879,633,829,610,1012,842,711,561,872
what time do you go to work everyday.
381,862,306,732,827,767,1049,1040,517,789,578,1164,818,822,1169,997,787,703,1159,785,829,1182,862,424,1152,642,1081,730,538,724,497,753,999,501,305,901,1293
561,672,663,573,943,551,586,807,538,929,665,535,995,521,544,555,980,685,572,945,543,551,923,571,595,559,714,956,554,896,545,504,577,670,679,543,889
where's the mail box.
i'm 26 years old.
363,938,445,604,512,1433,373,695,724,934,580,740,1059,268,1080,1203,742,782,1183,539,1272,1532,1067,1416,1136,787,310,898,713,738,472,303,597,401,686,1201,1261,484,1240
600,727,505,550,532,666,659,958,574,709,569,940,878,699,580,720,958,840,546,836,867,652,581,691,860,962,389,387,948,560,561,658,563,676,939,554,712,687,864
it's really hot.
my cell phone doesn't have good reception.
1147,730,1389,368,705,580,487,262,1206,1205,821,843,817,1128,701,1268,1563,1059,817,830,614,524,1179,1181,679,1236,813,1210,993,499,715,575,1155,528,484,938,1492,804,777,749,289,731,525,780,827,1159,1129,590,760,634,568,634,524,1213,760,1083,1158,967,1260
521,516,700,668,943,578,564,667,717,728,541,937,714,595,588,848,664,849,540,973,817,620,737,749,958,608,726,628,886,572,987,712,643,639,722,901,736,508,951,730,683,890,614,982,744,611,651,695,937,631,601,850,640,607,607,612,596,884,856
she's pretty.
is this your book.
432,910,523,1414,457,747,1250,619,538,783,811,1077,1234,1514,1099,406,693,750,922,1090,727,847,829,1181,1016,587,814,828,1203,1205,1127,1310
659,691,583,703,674,908,541,577,557,594,569,542,890,661,597,694,933,608,733,602,952,970,561,563,589,564,959,856,576,598,706,882
i think you have too many clothes.
i still have a lot to do.
1097,847,769,938,1063,934,1169,754,839,1193,1042,728,806,273,697,538,842,785,1227,1225,731,1020,346,919,922,805,615,1205,1168,731,938,505,447,1302,1574,1246,757,410,702,1148,1293,1293,834,871,256,721,534,729,286,727,1257,1186,744,856,753,1201,816,677,1211,1308
542,936,568,711,631,846,680,934,529,524,545,914,718,685,882,617,935,548,566,575,920,871,650,899,545,952,808,713,620,556,692,543,654,868,581,517,962,637,551,538,704,698,883,709,635,797,594,925,626,936,729,618,568,910,557,633,937,675,649,898
when do you get off work.
428,928,538,1009,800,593,1218,979,832,1228,1069,772,812,626,839,882,1224,643,665,775,440,1227,616,1161,1324
538,723,545,852,920,634,598,940,520,531,536,895,671,536,586,898,587,674,647,900,524,630,562,731,859
please tell her john called.
1309,1276,499,330,429,517,774,685,486,1206,1208,826,846,544,641,855,1002,1175,863,981,771,651,380,1245,1242,537,582,1355
553,671,587,644,665,555,906,567,511,667,681,900,651,515,557,895,710,607,700,850,907,800,690,697,710,614,650,844
bring me my shirt please.
796,671,1114,992,860,868,1118,612,857,1094,940,988,451,905,1130,649,775,840,1267,1218,564,377,461,520,1292
810,547,633,800,690,931,816,536,926,848,540,925,636,745,635,588,609,928,637,742,562,617,639,597,863
is there a store near here.
i don't like him.
1096,433,761,697,938,567,651,565,798,373,800,492,749,1172,650,554,841,975,512,369,649,810,809,561,669,581,1303,1639,1227,737,648,1175,1007,1498,796,832,1267,1133,1123,597,811,828,1125,1023,1437
587,618,891,597,725,561,588,556,890,616,884,626,602,630,582,591,894,823,573,648,592,882,689,562,589,574,853,620,553,891,609,585,798,679,541,866,698,613,743,573,880,697,654,830,895
you look tired.
he'll be back in 20 minutes.
784,1185,1015,894,1205,1217,1204,1133,843,808,775,1108,620,605,1322,1607,798,620,1473,1251,1270,825,849,641,837,881,417,657,1165,793,1170,1027,822,379,1415,778,1160,1129,1024,1019,754,594,525,1365
537,530,560,947,714,582,596,694,906,567,547,596,547,651,852,616,679,562,661,670,668,903,757,556,925,784,609,772,693,899,609,800,894,347,290,890,783,603,835,607,531,506,586,848
when do we leave.
434,907,541,941,778,573,1190,777,416,502,792,1212,429,323,715,584,1315
508,684,538,818,865,630,560,847,524,536,870,714,544,611,771,575,883
how old are you.
i bought a shirt yesterday.
790,1206,421,722,1189,1232,527,706,328,631,541,796,803,1188,1055,1305,1584,1137,771,747,1159,1002,807,941,783,855,384,510,810,906,1082,659,806,940,751,598,512,820,573,686,601,374,893,1269
655,546,509,876,556,683,621,870,595,568,534,890,528,530,532,830,600,522,866,919,602,618,750,737,644,936,666,667,940,708,573,561,554,895,520,513,617,561,488,549,657,680,525,856
do you want to go to the movies.
550,1219,797,848,1212,1045,820,484,395,958,768,877,780,901,811,1175,919,859,781,1207,896,763,987,541,804,1047,1203,728,1107,519,466,1247
676,568,987,554,526,547,929,563,647,880,583,920,554,906,696,556,897,506,471,550,920,551,713,505,896,851,626,766,606,538,618,900
is your son here.
that's her book.
1175,440,777,826,1203,1041,600,819,464,1193,930,803,808,555,626,541,1288,1619,698,893,324,694,1440,417,747,940,558,616,824,841,1200,1206,1131,1298
583,607,926,561,574,607,541,886,640,602,879,911,649,545,545,521,898,671,542,700,601,563,661,640,890,676,518,534,872,809,573,577,657,856
here it is.
973,544,617,536,848,1156,762,886,1154,512,1310
660,524,540,532,878,568,542,870,585,606,858
did you get my email.
494,1093,583,787,792,1218,1063,838,815,631,798,919,1086,817,854,523,1063,421,1158,1252,1375
652,562,602,909,546,537,564,843,635,534,553,867,834,520,876,551,856,635,564,700,911
at what time.
we can eat italian or chinese food.
280,728,856,386,874,325,743,887,755,1031,1007,507,1300,1607,353,435,711,556,327,880,750,446,293,723,859,1071,663,352,1232,1075,325,932,768,1192,659,824,612,922,1069,956,497,459,537,775,672,1184,1176,534,1294
645,534,915,540,703,654,573,880,564,624,833,534,877,591,546,528,917,779,709,888,922,608,676,559,879,598,554,599,746,611,656,868,952,605,514,858,788,734,613,838,521,624,550,865,676,554,573,665,883
how many people are there in new york.
do you think you'll be back by 11 30.
840,1245,402,768,1069,327,942,829,982,1325,579,1205,1356,1293,564,769,346,656,577,880,809,926,665,737,657,842,1109,973,822,985,539,446,830,810,1169,658,1132,1313,1516,521,1272,787,813,1221,1072,873,815,988,1114,994,1138,883,794,1203,1020,1414,1323,1309,783,837,625,812,841,383,632,1120,751,887,939,825,304,312,731,467,1240,1359
713,531,524,898,888,647,910,532,887,596,535,591,619,704,524,892,637,555,509,865,564,680,494,510,495,907,608,803,883,819,537,519,926,541,582,501,694,900,649,657,572,916,542,561,578,882,575,703,620,833,718,940,557,504,543,716,741,748,915,774,592,947,846,654,786,725,955,810,477,947,394,388,868,379,411,890
is mr. smith an american.
1133,439,764,1089,634,1279,762,463,1006,1049,709,904,762,335,890,745,363,1135,513,630,1175,590,315,945,1420
646,641,920,861,585,862,917,620,876,671,580,714,896,654,891,953,660,812,525,552,591,838,692,893,889
the book is on the table.
748,988,605,866,900,1212,1209,1139,790,1130,504,818,1232,1005,911,715,926,570,823,724,379,806,1149,571,1283
520,677,483,973,824,570,582,660,909,536,606,910,589,834,907,533,700,515,917,587,602,788,697,543,862
what's your address.
sorry, we don't accept credit cards.
409,945,365,767,1426,435,747,819,1217,1055,588,772,363,539,527,636,549,508,482,1293,1637,350,1240,581,601,808,1109,766,397,496,760,495,1100,905,1416,778,804,333,591,603,522,1426,754,835,665,666,593,588,1118,836,937,655,364,641,563,444,1310
537,691,620,563,685,627,862,509,517,506,515,903,635,644,644,516,501,578,615,818,569,600,483,502,480,504,880,909,511,502,925,652,563,882,691,504,894,640,761,771,539,458,446,931,749,506,492,694,595,543,857,778,680,546,651,653,857
here it is.
791,530,631,564,807,1116,751,902,1131,481,1324
663,520,535,518,881,540,521,839,565,608,855
what is that.
which road should i take.
460,967,386,799,883,1203,477,803,741,965,424,754,1311,1605,416,920,1107,613,917,742,625,1202,365,548,763,482,944,1199,983,1253,573,808,1123,806,742,469,1134,661,1322
536,677,613,551,855,565,615,856,561,716,597,575,852,566,518,671,536,797,673,896,565,572,597,649,908,622,662,538,520,682,626,925,573,903,579,592,691,543,807
from time to time.
take a chance.
636,589,1182,1076,775,761,1133,1040,578,809,753,940,827,750,1122,1052,550,1364,1607,728,402,1193,543,771,354,779,627,1002,329,967,590,507,1356
665,549,652,785,878,596,647,800,528,908,587,721,887,589,654,788,525,856,612,596,602,697,551,863,597,914,748,740,660,867,820,526,873
we'll have two glasses of water please.
408,503,1501,1341,1319,901,980,442,776,655,884,790,499,1284,843,776,1327,319,445,467,534,470,785,1271,668,815,499,362,905,607,706,896,1342,1288,524,376,490,535,1324
487,507,628,653,680,895,679,579,735,563,903,552,486,577,872,660,661,571,597,591,561,592,866,563,625,894,524,601,546,495,522,866,617,686,539,586,621,540,873
i'm american.
i thought the clothes were cheaper.
1173,1414,1152,765,340,1084,545,634,1132,624,353,946,1400,1548,1114,896,766,956,1148,1012,815,960,767,789,773,1018,602,812,651,1273,1236,795,970,562,537,843,547,601,678,628,842,675,945,575,398,1273,572,648,1265
538,673,868,842,600,834,533,546,635,728,630,871,884,613,528,878,515,661,521,528,609,693,531,873,518,684,452,871,769,686,556,546,671,497,591,890,506,491,511,489,853,735,705,479,606,559,504,498,887
the tv is broken.
783,942,593,882,831,771,869,1175,427,766,807,645,1209,1133,613,979,1356
522,729,513,939,534,930,949,610,616,897,758,573,613,732,536,880,907
everything is ready.
i have three children, two girls and one boy.
574,792,560,640,926,709,929,1138,979,848,865,1175,478,825,653,542,406,554,857,1383,1537,1151,788,806,350,690,545,732,732,949,680,597,593,787,679,885,1111,1238,542,611,556,1000,1260,790,805,434,1230,818,757,1216,674,1299,470,774,362,955,585,764,1225,987,593,825,885,1254,849,1341
528,785,514,543,514,497,696,540,837,604,891,550,579,897,546,543,609,626,532,859,618,526,918,646,592,774,550,880,509,709,518,492,496,870,830,709,530,694,670,550,553,859,889,895,521,463,559,843,617,551,501,696,619,899,616,866,636,889,538,842,490,884,800,536,481,878
how long have you worked here.
866,1248,397,743,1226,1166,998,812,879,950,342,695,542,748,823,1220,1067,823,411,1221,581,1136,516,542,728,927,565,638,557,1325
682,578,504,868,686,603,833,676,935,703,648,786,567,916,540,556,544,909,503,588,545,706,527,636,889,759,527,540,500,864
do you hear that.
521,1274,983,878,1269,1122,954,966,574,404,685,858,769,1004,372,749,1370
541,565,909,497,514,525,846,712,503,543,509,815,556,714,586,544,832
how much money do you have.
at 7 o'clock at night.
980,1227,397,749,1134,1035,551,904,716,1057,1223,967,607,908,891,655,1216,825,833,1250,1039,860,925,293,756,559,1311,1551,331,821,900,956,901,1267,1525,612,1282,1240,631,1200,761,365,821,844,963,1209,792,938,823,1304
697,575,508,867,856,599,777,732,868,815,595,847,452,500,831,626,582,862,483,497,514,862,698,579,767,574,887,608,609,535,889,329,895,564,733,833,690,599,817,681,938,617,543,956,885,535,657,709,553,909
would you like something to eat.
367,1253,1038,1322,520,696,806,1262,1114,868,1321,1161,1151,539,802,481,1305,1155,603,803,968,1134,1008,912,901,884,1275,876,585,461,877,1461
520,516,547,692,634,925,524,503,528,899,712,570,699,524,947,674,602,878,539,604,741,650,834,702,921,559,567,890,522,574,571,894
thanks for your help.
824,978,385,985,1162,481,792,687,1208,693,836,907,1222,1057,615,842,927,520,1267,1342,1453
540,703,589,863,702,605,908,626,585,525,855,505,521,536,487,877,705,482,740,550,874
i've never done that.
1209,1447,803,537,812,995,597,803,574,682,878,620,1190,1001,597,828,790,1002,390,824,1393
561,719,849,528,978,875,558,831,505,527,911,628,554,860,506,904,560,699,610,578,875
i think you have too many clothes.
i'm leaving tomorrow.
1199,878,774,1026,1160,1019,1190,862,908,1242,1091,846,956,404,793,620,863,887,1249,1242,838,1098,384,963,978,829,640,1280,1273,825,997,539,509,1323,1616,1140,1380,1128,700,1298,480,320,846,1147,1030,750,897,847,1278,1175,1297,674,669,1279,468,1363
532,861,515,687,591,834,697,873,509,559,541,885,748,619,792,531,892,490,579,572,907,876,629,896,486,957,811,754,604,477,699,498,610,895,573,511,692,870,867,678,520,604,805,603,816,631,904,489,543,848,537,505,495,558,479,896
i'll call back later.
i want to give you a gift.
1165,1480,1322,1311,763,639,418,1309,1303,730,807,343,608,1204,742,1297,392,810,590,689,1409,1549,1186,718,403,377,983,745,898,801,1226,906,822,1135,761,567,802,868,1254,1089,787,342,824,753,1141,581,807,1414
505,685,692,706,897,748,662,673,688,909,808,674,847,723,933,711,664,518,493,504,908,641,561,874,560,657,853,549,899,524,581,898,680,574,878,571,906,524,535,555,924,633,899,645,543,641,496,855
my stomach hurts.
his son.
1117,991,769,504,840,1241,1111,369,642,975,768,917,1073,645,866,514,1310,1576,1001,1168,428,754,459,1230,988,1430
876,496,931,625,578,616,860,645,797,755,978,688,618,532,506,610,868,623,683,569,635,934,632,575,853,850
what's your last name.
how long will it take.
442,993,366,809,1470,426,750,761,1262,1109,653,800,1278,338,471,791,839,1007,340,1132,502,1384,1587,847,1264,466,784,1272,1270,1049,801,851,458,1215,1348,1354,757,1227,761,862,719,352,1149,499,1424
517,700,670,553,692,679,929,578,585,609,555,966,630,617,637,579,929,827,626,842,591,892,601,666,531,509,883,702,583,828,657,911,521,554,685,675,856,559,545,865,558,594,708,531,878
where is the airport.
452,999,590,693,603,820,1212,454,819,785,1023,598,867,408,1178,697,1401,1279,693,788,1437
537,702,548,566,530,870,480,587,905,536,700,483,887,586,574,540,571,590,542,557,870
how many miles is it to pennsylvania.
940,1341,441,853,1114,382,1016,945,971,1132,1190,1344,570,528,798,1219,534,842,1227,841,925,852,1245,891,1386,652,1058,1055,510,949,1333,832,415,1033,1152,419,1431
704,580,524,951,845,595,890,521,952,848,622,737,561,628,928,590,643,914,611,560,905,573,591,919,616,527,841,843,623,567,722,809,644,865,650,633,881
i'd like to call the united states.
1199,1477,551,747,1305,1188,1170,521,851,860,1246,821,687,355,1318,1304,783,776,1007,607,831,1052,1009,1180,820,587,575,723,481,812,347,800,554,475,1395
578,716,639,942,716,614,724,554,947,505,572,931,775,669,696,697,950,539,719,477,851,601,835,603,560,496,635,956,606,566,597,578,511,613,838
that's not right.
805,979,342,827,1444,478,794,1003,1230,823,896,657,1093,868,967,848,1330
549,681,632,549,710,644,950,825,574,478,892,516,540,697,704,516,881
i think it's very good.
1167,861,842,1039,1163,1032,1133,810,1183,803,1462,527,775,792,544,642,1052,961,717,1210,1222,567,1421
588,957,518,693,587,834,727,923,525,558,711,626,927,772,562,502,527,924,688,545,547,659,863
how do you say it in english.
853,1246,429,764,565,1227,864,841,1212,1066,843,465,403,919,975,1143,818,942,1149,1009,771,541,985,833,1258,1130,462,971,1405
686,567,502,941,624,570,915,531,569,568,843,636,663,515,891,607,530,854,621,838,884,525,850,665,680,602,627,753,911
how many.
maybe.
896,1291,437,781,1129,346,1001,898,1474,1543,1092,351,920,874,574,1299
644,564,504,884,849,615,872,414,908,647,827,620,508,835,550,872
can i use your phone.
642,346,938,767,1131,758,968,378,467,744,822,1157,995,542,809,1257,858,1132,973,527,1308
822,663,912,951,551,936,568,642,579,885,526,544,555,517,949,597,640,620,833,513,870
how many languages do you speak.
840,1241,469,752,1107,366,979,926,935,1226,350,989,815,1044,364,784,596,535,815,613,1187,976,955,1222,1057,818,1300,504,558,375,1096,1254
696,582,536,927,851,598,880,529,919,761,644,882,705,613,668,716,565,639,935,660,561,867,507,539,549,973,633,626,546,613,756,925
tell him that i need to talk to him.
the book is near the table.
893,618,1278,1277,886,947,1188,1120,572,844,1003,357,883,1010,1208,864,1047,657,596,577,833,899,1272,935,855,452,1320,1180,864,875,1293,923,885,1127,1102,1371,1597,803,1013,575,887,884,1233,1242,1155,833,1216,503,862,1016,554,396,752,916,862,957,626,782,809,344,906,1309,548,1420
604,540,745,756,953,698,615,871,551,550,716,626,566,915,581,930,851,478,592,615,929,525,580,876,518,566,697,719,930,496,577,912,696,562,846,898,626,518,695,492,1004,836,556,565,682,955,577,619,951,908,500,607,519,925,494,648,467,891,487,579,791,659,447,894
can you call me back later.
635,340,928,905,901,1270,1062,888,670,395,1307,1301,843,1127,626,881,843,372,638,1153,821,1295,391,864,640,727,1416
852,680,899,979,487,488,520,951,733,671,700,714,978,865,496,959,783,657,820,737,959,724,621,521,446,478,908
where do you work.
428,978,582,659,606,822,578,1247,829,896,1257,1100,782,441,1279,737,1188,1349
502,657,500,498,461,864,582,515,891,474,493,504,886,478,551,498,674,867
i need another key.
1245,847,1034,535,556,564,781,352,1026,1303,831,1048,615,716,900,1220,587,978,1381
513,922,836,453,497,605,926,602,825,565,539,693,493,526,881,690,450,485,884
it's less than 5 dollars.
are you here alone.
1306,858,1517,484,788,1350,531,499,492,828,828,1063,391,1069,881,865,832,526,1244,1298,1286,343,649,484,1359,1631,363,659,558,904,898,1300,1118,788,1014,561,655,573,820,372,1303,1302,1050,561,1339
493,481,696,608,910,686,497,603,616,928,491,698,598,846,878,335,930,601,545,676,684,580,500,588,862,569,586,532,484,901,481,481,513,866,699,461,499,480,872,616,698,581,840,486,901
your daughter.
945,1270,1074,656,825,581,389,1033,866,1001,787,644,750,1314
551,563,598,552,935,652,669,578,689,717,520,515,543,885
sorry, we don't have any vacancies.
474,1249,696,732,980,1165,837,477,576,823,607,1234,1007,1566,869,958,985,414,789,608,860,451,1040,961,972,825,455,738,413,1058,692,1241,557,499,1357
629,548,484,485,515,871,946,518,529,890,626,551,813,646,476,935,661,622,869,575,924,615,871,490,875,743,671,774,674,874,779,555,497,581,905
when would you like to meet.
493,1023,613,1030,792,469,1302,1089,1294,621,811,958,1299,1098,847,1271,1145,1093,618,821,866,1225,926,1108,590,626,943,1283
543,681,511,862,910,452,518,552,695,609,907,489,540,541,902,730,616,715,509,908,523,555,883,845,539,493,502,893
i hope you and your wife have a nice trip.
1295,886,866,1223,1365,566,831,844,1253,1073,751,404,988,609,792,901,1295,1097,652,834,496,1150,708,651,824,886,322,743,534,757,362,798,982,1166,659,537,835,809,650,1152,1345,1417
506,916,666,546,561,553,920,524,548,569,904,651,842,673,928,522,538,562,514,889,504,566,636,495,891,683,636,797,539,933,649,974,868,616,816,613,910,473,480,560,543,901
the books are expensive.
a few.
774,1014,580,839,873,1326,1311,1220,453,730,377,666,567,802,557,550,1303,519,976,444,1187,724,527,1325,1599,336,763,715,523,399,1315
547,682,498,885,794,533,558,657,598,923,635,540,511,908,521,764,595,512,888,610,582,793,505,892,636,616,956,609,489,474,888
here's my number.
931,547,656,591,1467,434,821,1153,913,955,986,1034,1112,836,586,693,1346
680,524,535,515,673,621,959,901,519,984,917,593,878,864,524,507,939
who's that man over there.
444,886,1176,1467,445,760,769,967,384,727,834,1118,333,951,787,1267,793,536,648,868,744,970,572,649,569,1309
521,735,607,763,635,936,568,736,639,592,908,886,688,890,969,556,851,546,584,947,541,698,540,576,538,915
do you want to go to the movies.
what are you doing.
588,1286,873,860,1299,1072,751,444,377,1002,843,867,850,1337,918,756,1263,919,834,1239,840,821,981,596,808,1089,1270,737,1113,515,504,1321,1567,414,977,335,825,763,345,663,561,855,923,1247,1046,761,622,1281,1130,1034,827,1347
648,550,967,495,488,510,892,520,600,824,505,910,508,494,939,637,533,944,506,547,921,561,714,536,951,885,624,796,604,533,627,912,604,561,696,623,536,918,601,518,498,892,497,540,535,913,668,575,563,837,652,869
it's half past 11.
1202,771,1437,453,783,849,344,1280,552,768,1370,384,535,859,838,232,288,1323
557,484,722,597,917,663,620,713,627,928,634,642,638,530,934,373,392,884
will you take me home.
381,1213,1306,1315,898,908,1328,1127,819,815,375,1179,614,869,1063,572,824,872,1228,1104,520,1336
516,507,661,698,889,462,493,510,847,507,565,684,505,891,829,497,901,662,505,851,463,883
it's mine.
have you been waiting long.
1157,804,1381,450,792,1112,1139,983,531,1331,1586,930,317,768,574,960,919,1286,1074,818,927,589,613,1028,798,429,386,1151,792,1157,1033,848,850,1283,1232,1055,866,1373
515,478,705,590,923,817,621,843,536,837,575,652,607,776,556,942,489,541,544,888,814,462,473,874,912,522,627,557,514,612,790,678,892,662,566,804,640,871
how much altogether.
905,1313,437,815,1157,1054,625,912,791,388,1298,843,1283,947,570,821,972,595,687,1325
693,550,500,906,869,601,789,723,973,602,735,544,594,748,531,515,722,473,501,883
the big one or the small one.
my watch has been stolen.
830,959,623,852,919,1129,880,873,1237,1012,570,820,1222,706,865,847,1001,643,828,507,1094,410,1310,1308,822,1258,989,601,1328,1549,1113,1005,979,479,411,859,631,923,788,950,394,536,892,897,540,557,1023,774,462,791,1195,1240,532,960,1325
544,697,471,915,735,612,609,902,596,834,459,890,579,498,851,517,675,477,882,575,891,607,739,752,909,608,855,502,874,596,875,475,903,500,585,522,784,729,911,720,629,637,907,881,525,523,896,931,613,513,600,738,517,890,906
which school does he go to.
i don't mind.
424,926,1137,650,910,751,476,610,919,1231,1222,1280,807,626,1233,557,544,822,929,587,821,886,1281,920,906,1276,1363,1587,1129,827,596,1250,1029,841,1428,818,1118,1166,996,562,1370
536,709,605,772,774,918,637,796,730,624,626,769,924,678,628,579,672,956,745,509,918,638,605,919,522,636,891,628,540,912,618,628,851,531,754,910,858,597,885,605,897
i've never seen that before.
thank you very much.
1228,1446,782,575,821,995,591,798,569,674,838,468,583,610,987,775,795,941,336,787,914,824,539,741,1317,662,572,1306,1567,768,980,377,953,1177,808,887,1261,1058,797,845,577,754,1101,975,1146,1035,648,899,1339
550,696,829,520,919,863,511,820,535,505,913,599,508,524,870,937,523,718,633,536,865,783,514,665,536,511,489,884,586,558,695,603,839,688,890,515,525,557,851,756,502,444,472,848,838,575,741,684,882
let's go have a look.
1288,567,808,1502,481,789,846,1247,899,818,367,758,597,778,403,832,1274,1260,1250,1144,1324
683,492,494,659,593,898,639,557,907,660,625,793,501,880,599,920,703,585,575,687,877
thanks.
not recently.
778,1003,368,991,1208,497,1348,1577,996,1246,778,911,723,645,736,608,1012,850,1322,1012,1478
549,698,589,870,699,601,837,610,855,610,487,857,497,486,760,531,838,468,723,512,849
they charge 26 dollars per day.
766,937,524,973,859,624,896,288,625,830,576,849,407,996,720,542,1198,1242,1237,353,620,453,734,1288,531,624,784,533,379,866,1321
537,685,502,503,881,712,710,624,524,668,517,892,333,405,864,607,581,721,717,599,539,605,887,581,479,479,878,627,623,505,873
i'll call you when i leave.
is this mr. smith.
1149,1413,1283,1269,741,632,364,1249,1244,762,812,1268,1057,842,471,964,717,963,791,1184,791,1292,527,385,734,591,1269,1592,1210,415,709,731,975,1127,444,768,1074,533,1273,710,431,1062,1108,735,927,1280
521,683,689,687,926,714,620,668,679,906,503,528,543,870,500,702,518,862,901,575,917,700,540,594,773,574,889,599,532,629,918,549,677,593,635,908,858,528,852,904,597,833,603,547,670,871
i don't have a girlfriend.
1160,733,607,1247,992,1468,776,786,829,401,763,574,763,378,781,732,1172,649,1260,713,644,1139,584,988,568,1332
564,870,607,630,855,642,453,854,654,584,786,550,907,558,888,621,604,531,713,652,510,587,492,826,597,855
amy is john's girlfriend.
here's your order.
363,1153,904,881,1173,446,781,1018,1235,818,979,1470,452,761,647,1164,615,1263,673,629,1133,535,974,531,1333,1552,934,496,582,515,1512,457,762,868,1269,1053,580,822,1220,625,575,571,691,1358
594,799,496,882,559,554,850,748,641,671,875,692,583,867,615,540,488,683,637,493,551,461,817,600,862,600,679,468,489,467,668,544,847,477,528,533,520,894,576,474,642,534,510,888
you speak english very well.
there's plenty of time.
906,1279,1064,712,415,1404,443,328,1204,736,510,1007,771,1364,1271,472,916,764,788,554,654,1017,820,459,558,1231,1225,1344,1639,763,923,592,670,606,1518,473,717,1337,1272,542,978,797,980,939,1286,666,809,807,1099,1086,556,1321
526,503,539,832,593,550,558,601,701,887,535,836,667,650,556,613,657,899,743,525,511,522,881,498,558,750,753,892,595,512,693,480,512,479,704,588,902,600,719,539,891,472,505,901,570,637,899,523,588,844,483,897
can i have a receipt please.
626,328,954,769,1197,827,791,363,746,562,787,376,823,619,557,685,550,1132,1312,791,859,1283,1212,470,366,436,502,1299
775,662,873,926,575,941,649,646,818,503,882,648,930,502,530,798,572,610,621,532,903,622,743,590,670,668,595,925
i feel good.
1216,793,683,567,572,1383,801,804,1286,1271,568,1305
584,932,613,540,556,724,914,666,592,588,637,847
give me the pen.
734,1204,784,564,828,1091,613,866,809,977,634,840,1335,595,986,1403
650,550,844,525,920,873,496,916,515,715,467,882,626,470,892,907
i don't want that.
1193,744,618,1256,1039,1535,872,841,477,421,972,787,791,809,997,400,774,1391
554,931,637,555,855,696,468,864,470,570,888,503,873,499,707,564,525,887
i'll take you to the bus stop.
i have to go to the post office.
1210,1421,1295,1309,841,715,422,1168,604,878,914,1277,1114,886,838,1225,884,849,971,639,842,904,1015,461,770,478,851,1230,1319,1393,1627,1285,904,826,401,806,601,867,911,1243,923,918,1233,979,853,1227,935,847,994,649,840,1312,1223,511,840,851,1288,677,687,1173,769,587,1324
570,741,733,733,930,512,603,752,551,903,484,577,574,906,509,570,893,532,714,505,910,792,587,617,928,628,541,619,589,891,586,491,899,658,588,823,505,888,505,545,907,662,538,903,484,552,948,525,691,503,928,573,561,635,528,935,563,649,653,562,802,598,904
would you like something to drink.
435,1280,1079,1303,578,791,828,1270,1073,770,1319,1206,1146,530,766,438,1231,1131,598,830,1008,1153,1033,807,904,830,1231,922,633,768,1144,1004,1200,1382
501,564,582,722,644,935,522,575,587,905,736,635,732,534,893,608,597,865,495,508,708,571,831,659,895,511,544,880,638,508,610,813,742,889
he always does that for me.
964,570,789,376,1301,449,376,902,438,784,557,1283,532,518,831,768,988,421,746,843,710,1263,618,783,1095,534,1366
720,518,914,647,697,544,637,537,631,932,635,592,562,655,948,572,760,630,598,940,703,626,618,929,874,564,914
he never gives me anything.
991,562,808,1026,600,785,622,730,938,881,1227,868,615,535,818,1172,648,859,370,1073,978,804,1034,1202,1057,881,1408
728,570,923,855,562,793,540,546,916,672,616,852,536,601,942,876,523,923,583,871,509,549,771,661,876,673,888
i'm a beginner.
how long will it take.
1215,1449,1194,756,357,826,810,617,839,1221,1056,1054,589,664,1399,1636,884,1298,412,774,1310,1244,1052,792,862,480,1232,1351,1364,808,1214,766,888,751,456,1167,624,1381
538,750,891,932,614,959,735,550,665,619,851,847,544,569,877,599,705,578,506,907,698,607,842,654,943,519,587,739,734,930,616,580,956,619,601,760,549,907
sorry, i think i have the wrong number.
it's going to snow today.
484,1347,662,696,931,1194,877,1199,869,789,993,1185,1014,1181,838,1182,823,817,381,819,598,832,816,1002,648,882,475,678,1253,1059,824,855,983,1088,1112,842,605,675,1308,1565,1203,744,1459,473,800,899,1284,1152,1039,841,928,810,1272,902,510,1009,1243,497,821,821,1276,567,382,991,1416
634,615,551,525,541,873,923,624,892,562,724,633,875,753,909,613,911,669,650,794,544,932,578,746,527,897,518,546,621,841,674,930,839,598,875,786,486,530,865,652,572,554,702,610,913,667,593,579,824,664,916,525,607,881,573,857,661,483,905,530,592,630,600,482,871
do you need anything else.
557,1279,828,885,1311,1096,832,1017,595,593,573,774,348,1035,830,768,1032,1225,1047,846,850,536,1284,414,533,1360
653,559,926,538,531,566,857,812,508,524,637,930,617,836,569,545,679,581,813,644,909,535,662,588,531,925
see you tomorrow.
418,501,549,952,890,1226,1041,807,854,1277,1061,1251,651,655,1288,447,1366
621,560,562,929,526,558,579,872,502,583,872,644,536,530,596,506,889
my watch has been stolen.
1105,846,802,449,404,847,601,904,753,1027,365,447,765,857,577,576,1024,835,534,842,1309,1338,583,1031,1361
849,482,883,491,641,546,790,714,896,698,661,663,910,765,485,480,887,912,576,508,590,704,478,868,906
where can i mail this.
412,980,555,690,600,863,674,368,1013,844,1230,869,1115,390,1187,1325,902,811,1001,1224,491,1411
476,694,472,512,449,848,688,585,803,880,563,840,811,564,568,700,860,474,700,560,548,872
who won.
it's not suppose to rain today.
449,981,1269,783,409,1252,1021,1453,1626,1203,845,1442,471,783,1039,1301,811,826,532,1095,1419,1400,1307,427,486,859,822,1326,790,619,340,1156,1019,847,845,1272,557,384,964,1335
488,706,603,871,452,617,842,862,578,544,468,707,563,842,815,572,451,791,515,529,512,551,545,567,466,832,479,544,820,544,599,584,825,880,553,626,601,599,503,871
is this a safe area.
1242,431,863,814,1037,1228,454,753,370,785,483,380,740,571,785,360,687,564,352,1380
538,591,864,508,680,569,562,853,598,877,579,613,628,484,863,606,484,462,584,911
i want to contact our embassy.
1288,776,421,371,1015,845,917,800,861,675,630,1325,1122,858,392,693,859,900,1284,1091,639,809,587,1144,883,328,403,451,954,1424
563,871,483,587,851,497,860,518,879,746,750,572,813,481,567,736,485,875,534,543,484,889,500,837,828,621,601,647,485,897
is your husband also from boston.
would you ask him to come here.
1243,384,844,882,1284,1101,611,839,894,1063,465,889,315,961,528,750,339,1277,467,1243,770,709,679,1235,1092,788,920,1231,466,821,1277,1057,1421,1656,421,1289,1034,1347,571,772,862,1307,1069,758,410,562,1208,858,937,1192,1129,614,942,900,1268,689,1226,1126,523,822,873,588,667,584,1300
556,601,872,524,556,571,522,879,664,569,616,820,601,881,637,935,611,728,625,605,923,662,532,632,883,958,809,569,602,469,583,805,828,566,482,498,480,654,618,891,503,528,521,869,616,636,676,876,656,541,825,482,852,483,521,877,564,846,492,937,627,507,529,501,887
are you afraid.
327,689,545,880,914,1279,1092,715,298,625,601,294,1115,525,1353
622,528,492,910,513,575,562,891,614,664,504,607,591,639,876
see you later.
how are you.
456,540,545,891,948,1291,1105,729,1288,350,813,648,752,1341,1539,816,1314,407,735,344,629,565,849,926,1331,1113,1359
616,516,544,897,530,581,563,874,738,603,555,486,503,872,621,668,543,494,887,630,551,490,842,513,533,555,851
never mind.
do you think it'll rain today.
1059,607,783,595,718,865,1183,1257,1047,603,1399,1569,637,1340,864,998,1379,1133,981,954,1066,1213,1043,1230,881,1226,838,1363,1262,1259,825,659,411,1189,1032,823,866,1308,581,374,1037,1399
869,486,768,488,504,883,883,590,829,607,854,586,630,524,882,508,510,525,878,480,675,568,885,697,875,524,448,751,752,734,860,533,602,633,841,874,523,610,640,605,509,878
what do you study.
440,866,313,798,849,540,1287,866,903,1305,1073,744,484,837,1087,520,977,1382
511,656,632,536,884,618,583,888,487,551,556,861,577,485,540,648,485,864
turn left.
the tv is broken.
808,1101,617,998,771,1304,591,730,934,1404,1592,780,916,574,826,799,815,789,1162,439,766,838,661,1227,1083,572,984,1364
519,521,493,842,814,666,482,652,486,867,599,451,636,422,824,421,790,920,555,584,873,743,446,546,736,449,872,902
can you call me back later.
700,366,997,876,904,1308,1085,785,696,399,1336,1327,768,1129,618,845,872,369,629,1166,774,1287,392,865,646,722,1418
768,675,862,880,477,531,557,868,723,650,726,737,909,891,480,866,797,621,787,692,868,716,628,496,460,464,880
do you have any vacancies.
what are you two talking about.
587,1322,865,966,1329,1152,795,950,411,797,613,839,428,1018,975,982,720,448,663,414,1024,689,1207,541,523,1347,1618,423,1056,402,867,860,366,714,618,842,926,1305,1144,899,875,535,1317,855,847,445,1315,1203,1204,1101,891,915,364,851,1284,1079,807,1359
612,529,838,469,500,560,869,699,615,745,511,862,593,832,453,825,719,647,749,639,808,755,521,464,549,869,563,463,665,585,488,852,587,515,456,853,467,533,527,857,492,428,568,853,501,584,715,706,638,845,637,880,613,770,553,534,453,886
is john there please.
1205,474,830,1063,1240,956,1048,786,827,1001,638,724,645,866,1372,1331,489,383,499,583,1441
564,644,930,758,645,659,913,928,503,700,491,525,486,908,534,644,510,592,630,529,888
that car is similar to my car.
843,983,365,872,865,631,404,715,876,1183,496,780,448,1267,1173,1213,1312,385,708,920,885,1272,889,1182,999,860,726,414,670,1423
509,687,627,541,901,760,675,503,858,594,647,906,606,568,827,596,714,634,527,862,505,627,833,895,475,855,753,642,468,883
it takes 2 hours by car.
1194,854,939,795,456,1189,596,572,805,440,842,959,1309,1118,743,576,826,958,909,885,687,390,690,1335
532,449,817,487,580,731,541,650,881,365,856,628,530,527,517,599,870,796,481,906,779,687,507,907
i want to contact our embassy.
1256,848,479,400,1015,847,968,878,1275,912,719,1272,1068,809,459,715,853,958,1266,1098,675,841,595,1131,897,336,496,518,1016,1444
539,894,497,609,868,515,856,519,570,864,738,616,875,496,611,771,487,866,547,581,502,873,501,866,804,620,613,635,466,925
i made this cake.
1191,803,1186,333,548,543,872,857,1056,1226,460,787,653,385,1175,578,1372
551,894,870,632,638,493,844,500,687,600,645,910,755,688,757,536,928
do you have anything cheaper.
614,1322,806,949,1302,1091,803,903,344,719,550,843,407,1001,938,824,951,1129,1026,846,889,599,956,533,344,1320,585,674,1361
646,555,903,516,554,565,882,720,633,888,521,914,656,887,488,495,699,660,892,672,943,771,685,483,625,608,479,502,897
