i understand now.
1208,869,1094,1061,709,660,770,618,813,517,1050,703,865,1055,1243,591,1290
379,745,414,575,531,443,453,498,483,518,592,504,753,598,424,460,563
fill it up, please.
here it is.
783,1152,1238,1236,857,1148,830,883,1059,1267,1247,891,1279,1223,678,514,591,663,1298,1595,916,677,762,689,876,1187,845,882,1184,613,1365
536,408,477,488,729,429,487,747,460,417,624,761,426,520,447,534,533,441,568,453,569,427,479,424,742,431,500,744,436,555,553
do you accept u.s. dollars.
722,1249,878,916,1295,1118,890,537,808,812,714,1370,846,895,1114,1328,654,1351,878,746,1272,1315,1309,565,771,657,1343
482,424,743,519,429,450,761,541,646,654,488,438,496,768,464,602,540,579,772,521,420,500,518,546,495,542,603
i'm good, and you.
can i have the bill please.
1197,1464,1154,866,903,1232,1236,732,1218,869,506,1070,702,853,904,1267,1096,1307,1544,802,541,1073,858,1187,858,1054,576,880,739,855,858,1043,725,860,922,1152,1225,1227,859,1312,1273,690,533,609,696,1333
236,316,421,562,390,240,245,335,425,585,385,449,354,580,366,282,300,445,336,474,407,453,608,281,614,390,373,500,310,608,372,406,316,623,491,313,367,381,623,294,361,308,403,409,330,458
october 22nd.
1241,796,881,1229,961,685,811,884,595,596,1047,774,1348
556,759,637,573,771,575,571,861,520,525,748,679,724
i don't mind.
998,720,559,1110,893,1265,658,712,991,1032,915,555,1143
280,637,404,267,426,304,378,627,450,299,467,455,420
are you american.
455,705,615,828,858,1240,1077,818,503,1099,631,706,1130,723,492,1021,1243
548,492,443,751,549,467,480,769,565,617,465,506,479,652,582,632,608
is there any mail for me.
1363,780,1001,994,1201,859,930,865,1004,704,1216,1047,1036,1274,730,1297,1375,1023,963,1376,953,1006,1272,862,1407
387,446,691,464,481,401,455,402,703,483,547,486,733,570,523,428,477,727,523,423,454,730,562,426,548
here's my number.
847,451,528,459,1265,391,646,934,698,655,865,873,911,731,483,575,1131
611,487,531,484,525,562,778,635,569,782,676,536,671,683,493,549,614
who taught you that.
569,959,1205,832,806,488,1030,821,959,821,845,896,1197,1022,837,813,944,492,787,1242
493,553,441,782,550,576,482,606,579,552,804,587,475,493,804,562,578,597,552,599
which is the best.
293,704,819,487,704,572,839,336,578,542,692,410,575,630,403,343,543,1088
275,350,240,453,362,584,244,359,561,329,367,275,576,478,282,381,345,406
what is the area code.
648,1054,542,860,907,1161,663,904,871,1053,743,899,572,804,725,568,894,825,1245,753,727,1351
529,627,584,564,824,555,600,826,583,646,521,822,614,569,514,612,831,722,543,651,552,681
is it hot.
it's 17 dollars.
905,356,596,902,574,615,690,979,573,1058,1345,934,577,1181,381,618,233,904,628,492,1002,1032,1028,313,519,413,1075
518,608,792,522,568,821,649,505,568,638,559,540,575,568,606,813,505,377,841,585,513,580,594,611,559,625,646
i like italian food.
1214,897,1287,1205,1225,744,897,1205,870,602,1293,1202,615,1096,891,851,1229,1230,790,1276
537,826,627,542,631,534,819,563,590,610,635,565,621,711,815,630,562,562,593,672
do you hear that.
475,976,627,694,1038,855,641,695,457,305,548,646,625,765,346,612,1023
540,492,788,582,505,521,793,633,494,609,534,799,569,641,613,558,688
when do we arrive.
599,1023,677,1008,853,737,1169,865,609,693,866,574,772,773,1135,870,702,1291
525,623,509,721,807,603,553,811,537,522,810,622,560,560,561,713,545,663
how much will it cost.
655,977,332,647,838,806,557,759,620,362,863,966,957,608,872,593,645,546,934,391,576,973
511,311,387,688,552,392,573,511,693,404,391,448,466,673,392,444,689,589,377,473,439,514
when i went to the store, they didn't have any apples.
531,994,610,984,792,1086,805,524,611,976,790,825,803,1161,821,800,972,647,806,564,791,1118,708,645,1128,811,789,975,633,854,807,652,1097,643,986,1325,804,792,873,462,841,642,799,504,999,849,811,508,1231,1238,1175,632,601,1217
561,655,541,740,830,564,844,558,532,735,607,861,620,562,867,618,673,550,850,639,610,580,593,543,717,851,616,681,530,636,851,647,580,641,753,626,588,846,695,624,775,565,874,658,746,638,882,688,595,593,674,572,656,723
take a chance.
767,452,1127,643,813,476,796,746,1014,487,993,723,661,1203
624,639,617,561,850,653,855,736,653,668,736,750,595,697
it's not very expensive.
1077,687,1298,494,711,960,1147,700,730,764,570,628,828,779,579,534,1157,553,934,519,1029,743,600,1180
558,625,597,655,846,733,560,616,866,766,576,596,645,883,575,759,591,549,764,666,598,739,578,694
it's not very expensive.
is this pen yours.
1092,731,1309,538,771,994,1160,752,772,786,602,677,834,806,617,559,1173,577,968,532,1062,770,622,1188,1423,1104,545,788,752,971,1092,537,764,1228,599,975,752,795,1148,1017,672,555,1165
570,621,600,636,846,741,579,620,861,761,570,606,640,879,556,735,589,553,766,653,596,737,574,697,592,595,667,868,628,694,544,655,856,544,580,698,848,646,579,600,615,670,671
just a moment.
1064,1091,508,747,799,452,782,1062,1187,1077,606,997,756,1218
632,501,558,545,812,592,807,680,520,684,515,685,577,646
he always does that for me.
what did you think.
905,674,883,522,1226,607,534,870,640,864,723,1171,689,628,841,828,1020,540,820,850,788,1159,788,843,1083,690,1191,1428,616,1041,530,826,863,725,1138,731,823,890,1226,1089,859,837,1117,1024,1117,1204,1258
694,566,890,659,616,588,657,637,676,879,674,578,581,666,861,634,684,663,634,867,681,584,612,867,727,593,713,607,603,679,663,630,881,674,595,660,865,668,601,608,885,652,607,771,674,713,759
good luck.
i'm fine, and you.
584,1023,1033,487,595,1016,867,538,903,1008,1229,882,1101,860,582,545,887,791,444,919,592,289,790,467,600,643,986,806,993
406,223,219,372,638,349,291,499,374,431,332,332,349,468,636,449,325,502,363,483,645,447,521,415,642,430,359,392,500
really.
can i borrow some money.
764,692,536,1206,1210,876,1234,1357,751,520,1012,825,1124,838,891,1172,774,774,1176,602,840,621,1156,1077,689,839,1086,1179,1027,670,889,1216
576,524,617,605,607,590,707,561,693,642,723,827,559,854,728,555,599,600,557,563,838,617,551,731,548,835,730,564,745,540,601,687
i'm an american.
i speak two languages.
971,1290,983,714,365,880,700,376,939,523,592,960,604,391,866,1041,1299,1000,715,482,1127,535,385,986,710,688,462,1053,707,1090,400,898,693,919,413,693,563,498,1097
462,473,634,784,580,658,778,583,652,488,531,504,667,608,660,617,498,498,797,568,480,498,584,566,782,561,517,493,786,546,594,685,602,531,592,598,501,578,633
my cell phone doesn't have good reception.
where is the bus station.
1130,614,777,681,615,1256,1260,767,1316,880,1232,1076,625,791,648,1212,614,565,1058,1342,771,799,849,488,815,643,788,830,1207,1218,655,772,697,620,688,597,1303,744,1162,1253,1072,1253,1491,521,1044,613,691,623,792,1149,552,797,760,1035,634,786,850,1078,559,781,560,756,457,750,1114,1209,1015,1209
700,563,861,746,582,604,607,841,554,714,559,718,564,863,663,562,586,658,725,618,621,881,698,648,770,578,880,711,560,556,645,868,625,578,766,597,569,618,580,570,712,682,585,607,678,581,627,574,889,588,662,885,651,695,584,885,774,603,678,898,684,648,671,648,606,594,758,704
where is she from.
is there a store near here.
509,980,598,679,605,785,1083,535,793,542,965,595,769,695,678,1141,1024,1182,1399,1064,530,781,742,935,617,696,624,802,471,797,549,744,1097,683,617,801,946,623,453,687,834,850,590,689,626,1178
405,472,385,443,387,686,388,473,695,476,495,417,687,518,429,380,559,513,408,427,511,712,493,537,438,489,437,735,526,726,528,499,426,482,444,736,606,450,530,491,782,577,431,484,445,550
what school did you go to.
458,909,344,647,736,496,643,895,1091,1097,1089,727,598,1002,603,723,779,1115,924,732,758,1077,744,726,1064,1186
398,467,463,423,688,484,584,485,370,368,429,711,482,390,484,702,479,389,423,701,509,390,706,463,387,550
who is that.
670,1082,1321,933,1210,715,936,914,1073,616,906,1364
443,564,433,741,457,523,741,507,560,535,509,587
turn right.
571,917,655,877,738,613,956,703,862,691,1012
469,460,475,617,739,480,456,545,562,482,528
the book is behind the table.
694,873,554,736,788,1093,1099,1024,743,1011,495,727,795,550,769,1007,897,579,726,710,874,575,734,699,404,789,1087,563,1118
509,584,465,770,644,443,441,541,772,476,552,773,648,455,584,467,640,565,773,536,596,477,764,536,554,670,525,481,596
give me a call.
776,1060,788,610,760,1018,612,775,449,766,708,452,1126,1122,1165
607,492,690,506,784,660,504,787,584,803,683,610,579,581,640
i'm just looking.
1055,1373,1060,810,1004,1019,577,801,835,1133,1120,1126,1082,1061,972,831,1188
506,532,671,793,613,526,596,576,818,599,507,503,604,529,688,641,654
i'm self employed.
1066,1332,1053,770,516,572,1156,718,782,591,1022,1203,1150,1112,808,598,610,1141
474,501,642,784,575,491,545,587,813,497,673,494,580,501,560,473,615,651
how many people.
850,1172,517,788,1053,472,971,858,830,1225,641,1135,1242,1186,640,1213
652,503,533,809,697,597,727,586,830,555,532,535,530,592,526,656
i'd like to send a fax.
1142,1371,664,791,1202,1107,1124,645,805,817,1171,808,580,625,1003,667,782,492,787,750,485,582,1246
526,573,608,822,612,539,618,534,829,595,531,828,628,525,715,628,830,622,823,625,621,751,654
it's a quarter to 7.
1132,781,1303,571,788,491,788,462,1031,471,691,765,620,710,804,769,1101,805,1050,1273
535,570,600,599,813,616,821,545,553,620,562,562,520,561,810,580,565,822,364,627
i'd like to buy something.
here it is.
1045,1364,604,743,1182,1076,1086,592,757,769,1129,764,826,971,851,762,556,1112,1019,610,759,913,1053,936,779,1150,1436,913,612,681,612,752,1055,767,772,1056,560,1192
404,431,500,760,492,414,488,464,756,531,424,789,675,466,546,801,570,430,617,480,529,555,438,625,599,568,487,578,479,519,471,773,479,539,793,480,568,610
business is good.
i'm american.
827,975,569,1057,967,622,555,566,761,1067,576,767,806,1142,1150,663,1208,1473,1094,1333,1077,761,482,1068,617,689,1094,693,485,977,1198
673,465,557,447,625,467,540,569,776,470,550,772,596,461,463,548,614,512,486,535,640,770,561,643,481,511,493,644,582,656,635
our children are in america.
1169,1013,669,770,708,939,1053,1157,639,676,613,975,757,457,668,612,754,1035,945,755,471,988,607,667,1019,664,459,1208
254,272,306,579,476,367,252,330,391,336,282,457,586,384,337,294,577,273,452,584,388,473,310,348,315,465,401,450
did you come with your family.
614,1062,627,772,882,1228,1016,800,735,1150,1057,635,791,542,1089,771,953,791,884,1225,1018,710,810,750,481,1068,1089,1189,884,1260
508,503,521,773,568,502,519,824,704,485,690,498,793,490,512,540,618,812,577,535,544,545,826,610,596,697,540,598,572,707
one ticket to new york please.
1235,999,541,675,749,1099,650,1099,585,723,739,831,1144,764,965,602,507,747,873,1143,707,1076,776,1219,1151,603,451,537,609,1137
442,680,492,788,549,468,685,564,495,540,809,580,478,827,693,514,506,804,581,518,541,603,818,489,589,524,598,598,523,712
i'm a teacher.
1024,1234,987,723,402,738,718,588,417,672,888,607,691,1147
499,541,684,807,595,815,570,504,598,712,669,526,579,704
tell me.
what is the area code.
757,622,1148,1146,785,1027,624,1146,1403,538,931,445,742,788,1050,565,768,753,929,631,771,464,687,617,468,765,692,1116,623,599,1206
571,511,582,590,844,693,523,683,559,543,659,595,565,813,563,584,810,579,672,527,809,602,569,524,618,811,703,545,631,539,684
i'm going to leave.
1053,1254,1026,685,726,1147,1074,969,732,712,711,1090,714,1131,561,399,709,592,1155
462,515,624,745,581,479,463,633,585,772,529,498,785,549,481,559,644,493,643
forget it.
have you ever had potato soup.
675,1084,656,751,590,717,742,1017,712,1137,1375,787,445,741,608,723,781,1135,970,757,605,774,602,695,771,838,442,626,739,1175,1099,737,477,740,1095,759,543,1097,979,1171,1166
604,529,538,621,499,558,816,554,564,668,553,631,590,693,530,814,597,558,578,837,524,719,532,554,839,657,598,616,831,550,541,575,621,584,541,836,616,561,562,540,654
how much money do you have.
can you swim.
835,1160,498,767,1056,1009,680,955,768,1049,1152,978,606,875,789,675,1115,776,846,1156,988,773,870,489,806,677,1163,1396,709,499,970,759,848,1190,1016,776,593,565,1077,1040,1202
666,508,543,814,680,534,711,659,844,724,542,717,543,585,831,635,561,827,606,568,583,829,668,608,748,569,694,580,723,651,726,833,609,563,572,841,654,555,555,699,687
sorry to bother you.
574,1168,695,708,853,823,818,1152,814,843,1163,788,955,632,731,813,852,1175,1009,1180
644,520,574,571,607,847,593,560,846,719,549,580,660,523,575,838,608,570,590,713
which school does he go to.
when are you coming back.
504,945,1059,686,940,754,544,693,924,1063,1070,1110,760,647,1082,611,567,750,845,618,783,826,1080,770,771,1077,1151,1377,525,933,610,940,758,477,684,610,761,825,1167,981,778,714,1119,1044,1056,956,811,794,846,485,720,1041,1146
448,575,458,617,572,751,541,638,584,475,475,525,753,539,473,460,554,743,577,430,760,576,485,753,513,487,605,509,482,600,458,672,740,543,502,458,743,542,507,528,778,675,489,657,508,660,578,791,672,571,665,574,641
the roads are slippery.
670,855,537,690,615,1050,391,571,486,677,402,605,553,676,496,1084,983,1132,1128,556,608,732,1094
565,637,507,806,551,503,583,599,615,791,602,555,518,793,601,579,538,516,524,525,547,573,695
i usually drink coffee at breakfast.
1107,746,1016,533,1030,467,1132,1131,806,790,622,673,1046,944,1065,759,695,1109,704,711,624,621,770,488,741,770,814,695,630,481,1068,723,493,563,750,1160
557,843,578,627,576,635,618,627,619,872,658,579,555,726,633,846,731,564,644,653,559,560,861,636,600,863,735,582,550,633,637,653,638,643,606,714
do you have this in size 11.
632,1179,775,858,1231,1044,778,866,499,809,674,785,805,950,1090,604,795,1080,980,778,580,1058,524,660,777,435,416,1316
561,526,826,608,546,549,856,670,615,764,555,843,612,658,539,621,862,555,731,849,635,566,712,565,828,505,513,734
he's very annoying.
874,657,1365,581,783,799,638,716,922,854,517,941,963,1115,867,1055,956,851,1207
676,551,579,639,867,756,548,567,600,866,631,751,735,561,615,573,753,699,708
is there a nightclub in town.
1057,504,706,710,903,586,657,597,723,454,729,912,1003,735,894,737,686,1123,941,820,754,1014,910,754,757,1076,542,889,1113
441,533,747,523,561,460,518,469,761,550,775,637,474,584,576,518,638,541,483,664,806,471,640,788,541,469,487,651,622
your things are all here.
i'll tell him you called.
1002,1324,1168,899,994,977,1066,1197,1077,984,755,984,682,907,844,980,696,1281,1287,986,1046,832,917,848,1332,1600,1217,1423,1312,1312,995,971,873,1313,1310,1001,1065,1211,1173,986,1056,1306,1153,1001,920,718,1309,1306,836,866,1334
618,564,580,569,833,604,681,556,759,666,617,836,619,589,544,828,624,633,639,837,681,543,587,546,714,604,597,626,652,654,845,615,550,639,645,852,685,569,736,844,636,603,606,851,741,663,655,657,551,685,707
nothing else.
690,956,541,673,807,698,567,572,398,966,342,411,976
793,561,633,693,561,766,691,864,582,616,670,597,714
are you coming this evening.
400,664,600,809,852,1191,1036,819,716,1211,1089,1111,1002,832,816,793,952,1094,599,809,649,796,660,975,1070,964,817,1173
641,594,553,857,653,594,607,877,770,595,728,571,747,685,878,639,674,570,644,868,572,760,588,759,588,745,692,712
these books are ours.
819,1018,700,621,696,853,906,1175,1192,1111,656,842,549,776,716,857,1207,1077,771,632,1230
665,712,608,680,600,911,792,613,603,701,689,896,683,655,602,901,636,640,655,690,735
do you know what this means.
746,1201,869,928,1275,1120,884,1160,1032,1206,663,881,660,1013,578,862,885,860,1011,1127,674,889,1063,733,586,1028,668,1227
677,617,906,694,643,634,924,678,808,634,641,917,636,748,703,674,915,682,733,632,693,922,789,626,705,807,711,747
who would you like to speak to.
363,718,905,618,360,914,777,898,495,619,646,910,765,641,906,799,826,454,611,605,880,617,406,977,290,287,848,600,590,884,916
334,449,324,639,350,333,350,386,412,640,417,343,370,662,409,353,409,355,635,416,349,642,438,341,428,450,427,636,408,364,464
i think you have too many clothes.
1208,878,846,1040,1173,1045,1143,893,936,1292,1099,906,959,591,889,768,877,898,1224,1227,911,1144,602,1056,980,912,816,1240,1233,890,1027,765,670,1286
521,862,618,657,546,716,623,879,651,575,592,890,721,665,778,604,888,657,568,564,917,708,660,751,669,920,765,666,564,609,677,600,677,704
hello.
which one.
755,459,1085,1082,1077,1149,1394,465,869,990,626,878,721,1083,892,563,1086
525,409,453,459,368,512,430,424,530,423,568,538,723,423,599,427,556
will you remind me.
861,1363,1455,1453,1096,1132,1468,1322,1102,1032,970,1335,1366,1258,979,1094,1307,978,1418
596,605,663,677,896,670,603,613,904,649,600,775,603,774,730,940,778,635,758
i'm self employed.
858,1093,855,621,360,437,947,542,622,437,827,1026,961,935,657,462,465,1006
588,607,741,867,675,591,656,679,879,597,762,577,675,581,645,565,704,730
i'm tired.
what did you do last night.
1189,1408,1159,862,813,1193,744,649,664,1291,1484,590,1062,478,791,871,716,1155,726,865,924,1296,1118,889,753,1210,877,1246,540,649,849,889,1041,1144,891,1002,883,1257
598,627,735,885,646,606,629,586,709,718,637,640,710,708,648,907,688,620,696,907,690,615,624,928,711,613,932,682,707,701,663,933,795,619,731,729,675,777
at 7 o'clock at night.
certainly.
461,748,804,1005,815,1086,1291,740,1115,1106,734,1050,797,502,771,816,930,1023,809,888,792,1144,1355,722,632,722,791,505,1035,927,1090,843,1163
537,511,765,344,780,432,461,642,521,429,636,504,771,554,513,769,661,460,575,589,523,603,487,661,506,484,506,559,476,641,564,526,644
my watch has been stolen.
1131,904,841,567,458,822,723,976,822,927,464,590,852,907,671,670,1008,841,581,821,1182,1242,668,1022,1244
671,543,817,500,602,514,680,618,832,620,602,564,857,733,489,489,722,836,599,531,512,586,514,709,681
where is there a doctor who speaks english.
391,945,489,568,497,699,1084,429,715,723,917,540,615,542,720,359,721,560,1109,628,725,1103,608,737,453,892,1152,727,486,1248,541,369,1050,469,727,546,917,736,1129,1035,496,888,1167
538,574,498,530,492,806,474,608,811,570,581,503,552,506,809,603,812,582,459,726,567,490,516,818,526,622,476,829,597,482,500,600,560,581,825,518,705,621,588,492,597,628,641
who is it.
good afternoon.
493,1004,1236,794,1136,523,791,1127,753,1258,1446,813,1212,1224,646,805,461,716,783,604,697,829,989,1196,1216,979
462,537,410,772,428,544,762,438,505,571,479,586,424,423,540,806,580,568,524,466,502,808,685,452,447,654
i can swim.
1137,737,679,371,967,718,507,446,1062,1017,1223
444,870,699,621,720,840,635,529,503,688,675
please sit down.
1348,1304,548,382,477,556,745,488,1122,725,751,612,1201,467,980,1193
397,502,471,570,575,476,803,553,454,516,794,582,445,497,656,624
can i take a message.
792,472,1074,857,1171,866,868,535,1182,711,873,544,874,1152,707,648,654,557,884,728,1314
692,600,726,833,516,828,558,619,635,507,836,617,843,728,504,606,609,631,615,517,709
help.
would you like some wine.
982,550,1202,1288,1280,1493,464,1245,1059,1222,603,744,865,1220,1023,782,1223,1080,1116,597,776,542,1155,1067,609,774,527,1074,979,606,1218
600,480,577,460,633,516,528,492,497,564,587,834,565,506,527,835,614,513,618,526,839,610,482,692,524,836,551,519,728,538,680
why did you do that.
468,907,809,761,591,1034,596,720,842,1148,965,741,610,1114,739,771,911,419,753,1153
521,609,554,822,584,500,588,824,562,517,535,849,606,520,834,565,620,616,570,699
that car over there is mine.
as soon as possible.
754,945,452,781,808,725,480,731,817,1149,812,643,728,820,818,911,653,748,660,818,1077,579,825,1033,1071,964,651,1188,1380,476,589,813,568,1184,1188,979,794,465,565,789,1227,1116,578,583,1052,845,1152,639,1194
545,593,607,556,816,715,623,528,819,505,715,542,543,807,574,639,522,552,515,819,517,582,847,711,507,710,515,723,561,620,606,842,600,518,517,705,828,620,608,830,542,524,611,619,540,709,617,527,702
where do you live.
464,879,540,614,542,734,585,1093,729,783,1121,918,744,1115,1000,751,540,1125
493,548,475,517,473,779,596,429,774,526,449,483,794,556,461,717,498,653
how was the movie.
865,1150,486,778,537,432,547,765,774,878,606,768,976,1091,776,994,604,1152
656,494,554,839,534,636,628,837,599,650,550,832,713,530,750,559,540,702
will you hand me a towel please.
470,1065,1182,1175,753,830,1211,992,759,852,442,926,633,773,1016,593,772,452,755,763,1098,502,588,1123,780,1203,1158,595,426,529,598,1171
502,473,559,582,793,569,491,521,806,637,595,707,622,844,697,521,830,620,821,580,502,538,526,579,841,493,598,529,615,614,536,685
i bought a shirt yesterday.
1138,810,854,1242,1064,811,966,820,834,473,808,557,931,1080,723,820,819,851,646,548,795,604,704,659,444,842,1177
497,847,735,515,500,647,620,573,856,613,838,602,630,510,556,594,845,598,513,618,579,515,556,628,621,582,707
here is your salad.
871,567,707,608,808,1035,544,796,875,1171,972,705,813,573,472,1112,459,630,1187
649,483,531,496,825,521,594,817,592,519,547,557,830,616,637,611,639,623,678
that's enough.
799,939,472,790,1378,565,811,642,951,1182,1024,800,912,1152
553,603,602,559,541,615,838,529,708,544,517,629,627,655
what's the exchange rate.
please speak more slowly.
447,904,306,649,1333,441,730,713,904,537,720,545,479,637,901,399,907,744,556,727,648,393,703,564,1146,1339,1182,1158,554,378,484,545,721,481,1182,554,369,1035,736,984,1099,640,559,720,493,1091,1103,455,1114,775,1125
467,555,570,505,481,543,769,527,536,478,774,463,658,708,563,584,644,596,486,779,526,600,537,497,617,515,460,559,516,597,613,509,793,585,465,498,597,548,802,673,472,546,508,804,590,583,481,524,567,577,651
he likes juice but he doesn't like milk
853,515,773,1159,1043,1108,570,508,751,900,949,1075,701,564,748,823,923,745,778,856,576,761,627,1101,558,496,913,1319,738,760,1148,963,1058,579,755,1010,973,1204,1045
681,519,844,562,500,592,536,620,833,639,549,498,751,572,850,756,574,580,863,706,533,857,670,522,553,665,736,606,598,863,628,570,642,572,859,731,569,605,641
all day.
he has a nice car.
373,1121,1116,731,592,390,812,1127,1397,845,495,769,853,400,511,755,406,736,915,1021,684,593,745,694,431,676,1153
660,610,615,853,640,674,617,730,548,688,527,861,694,636,633,866,653,851,780,559,736,569,869,770,674,593,720
are you free tonight.
447,688,579,754,835,1128,947,764,737,672,570,577,761,761,1127,936,1023,772,885,792,1236
677,608,563,868,647,566,583,881,699,607,582,597,877,631,555,771,577,687,695,620,690
don't do that.
651,1181,978,1422,807,793,670,1173,788,777,941,483,761,1211
658,539,742,603,614,894,689,555,876,620,693,680,619,735
where did you put it.
535,954,617,707,617,794,665,1070,666,775,891,1195,984,810,1267,987,779,818,1052,786,1208
606,659,581,627,576,892,662,575,660,882,660,562,608,896,577,612,619,893,581,631,750
how much are these earrings.
866,1200,502,800,1084,975,705,939,778,470,709,644,787,806,925,631,570,628,780,627,474,698,712,1054,951,809,556,1194
712,544,580,896,748,573,767,706,886,669,609,576,880,641,696,579,700,573,899,578,683,604,609,563,768,698,685,729
is there a restaurant in the hotel.
and you.
1123,535,794,790,962,623,697,631,805,474,809,693,622,549,772,474,1017,701,485,953,781,813,1069,970,811,775,912,640,801,868,1114,754,622,1122,1439,1341,455,958,647,804,845,1121,987,1209
537,664,877,617,658,568,594,567,868,657,867,593,583,685,612,659,583,611,673,776,611,880,561,771,875,616,694,575,872,700,569,598,555,655,602,608,670,752,625,872,616,573,598,714
i haven't had lunch yet.
bring me my shirt please.
1077,813,895,486,836,635,929,1361,791,826,904,483,663,805,1223,995,960,746,923,803,906,640,842,1224,1439,893,764,1064,980,848,857,1054,650,850,1054,904,869,580,919,1049,716,823,865,1231,1179,652,500,579,644,1242
548,869,676,660,775,579,767,599,617,888,694,676,645,898,638,582,772,749,705,893,633,575,611,739,607,776,578,568,766,674,892,755,582,885,759,621,899,681,716,598,603,620,891,581,666,594,693,690,594,714
that looks great.
one ticket to new york please.
798,964,458,768,832,1204,1168,1169,1103,529,827,815,705,632,447,751,1206,1497,1228,1007,614,815,771,1096,694,1086,586,778,817,787,1150,832,961,620,508,825,866,1185,715,1095,853,1250,1184,618,452,548,612,1193
598,640,657,596,880,637,522,518,632,648,887,694,575,543,684,609,712,584,543,763,579,884,627,563,751,662,558,608,894,615,559,898,777,591,599,881,615,577,599,656,914,568,666,595,696,682,592,759
you're smarter than him.
838,1230,1033,1386,711,618,845,573,1075,444,650,787,585,699,840,808,928,452,937,833,892,1051,1023,1195
516,449,477,509,505,462,806,599,657,612,527,540,497,526,820,563,620,600,712,825,645,515,683,684
how does it taste.
900,1225,517,851,667,1208,632,567,809,1101,776,815,787,473,556,761,625,1224
683,500,536,888,642,504,526,638,878,531,594,868,608,654,652,609,562,685
of course.
what is the area code.
1180,746,829,740,1243,979,704,552,616,1185,1446,531,924,451,773,826,1063,577,801,774,907,646,813,474,694,631,460,810,726,1114,637,610,1209
503,661,894,761,545,579,570,677,562,748,578,594,671,673,620,892,558,654,880,625,675,582,880,678,609,580,691,896,753,541,666,568,705
what do they study.
where are you going.
536,947,427,769,825,661,1130,808,828,929,611,843,816,545,774,984,636,824,1224,1425,527,918,618,681,617,807,449,687,616,790,833,1163,964,821,816,1174,1069,922,793,1172
561,620,651,596,870,633,529,868,613,684,546,614,857,659,592,571,645,619,697,575,598,679,576,612,561,869,672,605,569,868,639,576,599,883,695,580,552,733,680,716
can we have some more bread please.
700,380,970,810,469,595,822,895,464,805,642,793,560,1214,1080,617,804,1076,1211,719,640,807,884,680,618,423,637,791,1267,1212,598,447,541,601,1255
792,628,748,871,542,521,884,659,642,769,579,915,665,503,750,559,899,762,542,615,572,893,826,576,541,660,650,908,550,645,568,674,668,582,740
try to say it.
817,689,918,890,842,1175,903,593,469,894,882,1079,798,1261
582,517,598,865,571,524,891,618,632,569,864,569,584,724
we can eat italian or chinese food.
315,406,642,600,289,944,658,465,294,613,669,1055,609,303,1160,1059,306,940,660,1132,520,658,580,879,1036,931,457,405,465,655,603,1098,1105,518,1152
352,320,716,677,482,585,703,348,488,396,720,359,415,479,433,355,481,595,719,358,414,704,623,541,358,596,385,488,396,709,516,344,346,491,567
what do you think.
i'm going to bed.
321,712,227,543,621,440,937,618,662,996,766,623,596,700,844,723,809,959,1127,860,1145,853,646,641,990,893,779,613,625,615,947,646,711,403,472,1021
328,408,437,349,657,425,271,650,384,285,308,660,395,445,273,509,396,473,366,309,335,492,716,474,316,286,527,486,683,411,304,719,649,350,500,503
we can eat italian or chinese food.
602,846,984,981,590,1152,955,796,612,935,974,1299,938,646,1401,1301,643,1175,958,1395,897,955,921,1136,1269,1172,778,707,770,965,923,1334,1341,834,1386
591,558,927,823,672,808,906,562,681,613,913,583,635,668,694,583,669,787,900,589,603,907,799,731,590,787,578,670,581,905,696,581,579,684,750
are you here alone.
let's go have a look.
474,709,642,827,885,1281,1076,836,907,573,697,624,846,512,1239,1224,1001,665,1222,1456,1274,641,795,1438,604,839,839,1249,825,875,521,842,676,829,510,833,1237,1229,1228,1136,1305
654,585,547,879,649,553,567,909,729,550,587,554,895,676,673,545,766,587,744,615,669,584,623,633,666,911,696,580,891,697,680,794,597,908,695,921,685,565,562,663,750
where's the nearest hospital.
who is that.
331,762,421,494,430,1111,359,625,593,760,454,649,796,443,281,496,418,356,572,658,694,1009,358,1095,901,576,290,972,1017,1242,347,759,971,627,891,369,615,580,763,298,578,1015
537,596,508,540,506,521,605,805,561,601,519,813,691,536,636,552,520,617,556,827,646,487,622,500,505,568,650,566,664,535,574,661,519,830,527,635,827,582,634,654,592,659
what does this word mean.
588,1034,521,809,884,742,1241,680,620,857,821,1014,1150,621,874,599,1257,751,719,855,1135,692,525,1057,1371
507,570,579,514,822,604,441,484,579,796,541,599,467,584,814,526,483,536,618,824,654,522,617,682,665
where can i exchange u.s. dollars.
489,952,585,675,597,816,716,429,967,799,1074,798,615,582,730,942,479,962,801,623,807,993,1179,565,1179,802,663,1116,1155,1153,462,711,582,1153
535,656,502,547,500,827,753,636,747,851,500,844,528,740,776,651,640,751,650,545,859,543,697,628,692,855,622,510,596,609,655,560,634,719
i'm 32.
it's really hot.
1312,1572,1275,1048,812,685,1363,1571,1271,985,1491,762,1026,914,849,674,1361,1362,1036,1039,1084,1327,942,1371
503,524,662,860,452,473,701,545,533,581,580,611,846,572,531,626,611,611,587,860,681,506,565,705
you have a very nice car.
it's here.
851,1295,1047,870,910,514,861,663,853,503,847,862,648,715,888,888,1009,1133,807,685,850,801,537,737,1223,1466,1122,805,1363,610,852,922,638,718,667,1243
510,441,483,807,610,596,750,518,847,619,846,755,530,552,586,889,728,492,754,537,858,760,645,545,703,528,551,569,555,616,860,680,515,561,528,693
i don't want it.
1112,874,732,1225,988,1424,862,871,616,525,1008,821,885,1111,831,1272
556,892,624,542,739,562,593,901,577,654,769,598,892,575,617,709
where did you put it.
512,914,605,688,621,833,655,1089,665,787,850,1228,989,845,1318,976,789,848,1057,769,1175
560,677,540,573,525,856,617,513,659,849,610,520,562,866,535,574,598,885,540,619,688
no, i'm american.
970,1223,1114,845,1048,1352,1032,853,474,1023,622,681,1064,744,484,946,1206
763,504,689,871,562,569,730,884,666,745,569,597,574,741,690,769,717
where does your wife work.
sorry, i don't have a pencil.
291,727,376,455,382,613,447,978,388,331,577,607,988,803,485,626,313,866,509,402,629,337,931,491,838,1017,1212,376,1006,486,487,647,890,661,855,678,502,965,757,1161,619,669,695,299,655,457,663,647,311,646,1081,433,776,550,880,987
365,446,334,375,330,635,466,278,338,442,647,401,306,349,385,658,392,327,467,389,673,404,308,405,413,466,347,523,311,407,402,423,578,720,369,750,516,342,554,367,428,723,522,506,624,426,749,774,527,756,346,423,567,611,366,422
the books are expensive.
his room is very small.
753,889,583,787,824,1107,1114,1002,512,771,424,665,594,767,600,530,1191,580,910,507,1056,753,572,1130,1341,823,1054,497,772,669,1092,1105,974,777,1014,514,760,770,566,644,810,791,516,954,396,1081,1086,1120
395,484,355,712,586,334,332,456,424,695,457,401,364,713,368,538,370,380,577,473,364,581,397,562,423,540,376,482,714,436,383,377,570,731,390,498,726,655,405,418,486,750,508,588,513,463,460,571
i'll have the same thing.
are you working today.
1001,1386,1133,1146,784,863,434,815,630,782,774,889,612,793,569,451,992,591,783,734,872,1014,872,781,1088,1346,407,689,595,786,827,1188,979,813,504,1083,670,1030,1011,901,787,807,730,1077,635,447,801,1113
529,527,586,578,844,660,615,766,556,849,598,653,555,862,639,653,715,552,861,597,697,540,752,665,685,544,652,593,540,863,617,512,558,884,591,530,590,623,535,715,670,870,596,530,649,685,602,719
how long are you going to stay in california.
try to say it.
875,1179,513,801,1159,1147,962,797,807,474,696,625,806,845,1139,958,826,789,1057,1035,933,806,814,794,1072,816,601,799,477,882,832,1015,915,824,721,504,1122,994,725,1086,735,991,1021,496,1123,1331,798,685,892,848,807,1121,855,594,490,874,853,1016,779,1138
682,491,551,855,638,519,730,653,863,634,588,541,851,619,546,587,881,671,536,558,727,674,874,610,560,876,692,616,653,639,892,560,739,890,755,680,638,571,672,556,587,730,561,673,674,559,621,561,604,897,607,545,902,648,664,615,898,585,612,700
would you like a glass of water.
494,1222,1061,1190,656,783,830,1183,994,811,1191,1041,1079,618,798,470,784,801,1171,466,565,572,780,1146,727,795,514,459,749,615,677,1176
559,556,550,590,631,890,641,547,600,902,624,559,652,576,901,671,890,688,623,670,654,637,886,543,677,899,598,688,627,569,624,731
please write it down.
1316,1246,613,452,540,592,798,512,648,1079,774,601,815,1067,830,667,1146,522,929,1164,1253
445,558,521,618,640,522,820,556,545,519,564,518,840,527,851,632,495,553,718,677,762
i'm ready.
about 300 kilometers.
1074,1345,1023,751,627,567,377,585,803,1186,1423,417,809,1230,1048,761,790,573,1209,1208,811,1129,1058,1187,1179,1048,598,755,599,655,542,1197
473,503,669,841,549,528,638,623,569,658,510,650,772,522,512,589,866,468,387,392,849,588,537,597,489,680,555,571,513,547,615,671
i'll pay.
did you take your medicine.
1094,1377,1163,1160,801,1228,423,797,1171,1453,624,1083,618,783,854,1195,963,811,769,445,1029,608,814,837,1114,925,695,835,986,611,666,990,736,994,876,608,1133
506,540,573,580,884,497,664,605,704,540,667,526,651,872,587,509,550,863,591,693,630,557,873,602,529,585,576,863,732,554,685,556,790,546,757,558,689
of course.
here you are.
1191,764,847,746,1252,1016,677,555,600,1176,1405,881,592,673,603,830,870,1207,975,861,473,706,628,1160
472,615,893,744,506,535,551,634,545,690,516,694,546,581,552,865,618,519,561,909,674,601,561,695
your children are very well behaved.
920,1246,1041,719,870,738,945,1065,1163,682,726,659,958,867,525,733,663,858,839,648,696,911,887,553,644,1189,1190,873,925,655,918,508,843,666,663,1182
577,485,522,536,855,742,680,522,590,672,571,529,753,860,652,576,545,869,768,575,567,603,859,575,544,585,590,879,772,564,660,657,771,554,617,702
i still have to brush my teeth and take a shower.
1157,847,556,800,1097,1209,1217,886,905,550,881,694,846,873,1226,881,935,738,1027,610,943,853,1047,914,904,828,659,651,806,927,867,523,972,703,849,820,522,1098,678,882,539,879,622,929,1184,575,654,727,1250
453,856,636,512,518,579,586,809,614,611,749,516,831,539,484,881,737,540,515,601,620,825,688,541,831,549,510,516,551,652,843,634,723,603,823,564,631,580,532,844,645,866,627,659,521,567,527,568,657
not recently.
1037,1310,816,904,746,659,752,670,1002,816,1178,898,1217
764,497,579,892,586,539,754,565,757,579,628,580,712
i'm coming to pick you up.
hi, is mrs. smith there, please.
1030,1333,1047,821,723,1144,1059,1058,960,811,828,788,1124,829,1259,1037,717,1065,826,844,1188,974,836,969,1192,1145,1413,868,1049,1075,826,1046,546,792,981,689,561,1143,850,559,987,1027,764,890,843,762,882,628,705,637,1046,851,1213,1152,609,446,545,608,1167
377,460,599,807,677,414,613,450,637,585,808,524,427,807,456,448,679,532,814,550,462,497,832,501,459,591,497,603,470,641,823,479,594,800,654,531,620,629,849,592,685,494,541,611,842,562,614,515,553,515,663,843,480,579,514,615,621,520,678
how long are you going to stay in california.
924,1202,509,853,1167,1186,967,832,852,482,717,635,813,860,1176,979,836,830,1163,1052,962,830,832,812,1130,835,585,786,497,747,864,1039,954,827,748,517,1126,1019,742,1109,714,931,1015,492,1193
660,476,513,866,604,474,681,636,862,617,561,524,843,599,525,558,863,650,539,525,690,658,862,596,536,857,641,581,631,538,878,538,709,861,715,650,626,565,642,543,568,743,563,643,667
how long are you going to stay in california.
867,1196,457,798,1153,1137,941,785,809,460,679,617,802,823,1146,955,815,803,1153,1026,928,792,823,768,1107,803,560,769,473,847,849,1013,903,815,715,494,1121,996,720,1090,715,917,994,486,1133
702,458,525,861,637,491,737,639,873,619,574,535,865,609,530,580,886,661,537,525,713,678,907,611,530,901,665,601,655,612,909,561,747,914,761,696,661,581,685,559,596,766,595,678,704
