here's a case study on how to use viral marketing to add people to your list
968,623,702,625,1334,555,979,473,989,688,490,573,626,993,552,788,992,650,890,938,1128,663,956,920,1133,580,988,778,1125,988,978,579,617,989,767,1051,713,489,1138,988,1030,501,710,1068,626,793,1043,826,991,983,810,1093,984,502,675,678,979,1212,654,1107,1210,1146,647,996,785,1113,985,881,1107,963,727,973,1111,1029,599,792
669,617,628,602,690,629,876,663,866,759,673,662,600,869,654,611,633,654,633,896,603,646,751,712,621,584,888,622,622,879,632,672,588,880,750,617,614,668,681,880,780,682,608,687,593,599,621,675,889,897,620,634,882,659,627,628,881,617,574,621,603,696,580,887,623,634,888,674,622,658,603,881,694,657,658,624
time warner is the devil.
791,1041,1008,649,992,578,522,735,968,644,723,990,1032,582,1001,929,641,1001,1012,677,663,771,1027,1121,1173
625,659,793,598,910,600,673,620,825,594,612,913,672,637,911,738,580,910,910,660,588,779,663,760,849
can i bring my friend.
what's your name.
700,514,962,984,1027,994,856,739,1018,951,829,976,1016,885,963,771,745,1040,668,957,682,1155,1330,570,905,531,807,1295,591,983,881,1136,969,729,961,956,510,1031,648,1174
780,687,832,921,671,920,780,635,682,820,700,932,818,685,925,694,629,670,606,836,680,831,726,609,737,700,636,735,654,932,680,647,657,620,917,819,683,824,605,824
mr. phelps is regarded here as the ultimate example of an irritating local gadfly.
1044,737,1169,997,1180,929,645,1133,1192,593,989,1044,597,997,731,646,828,521,739,672,644,681,985,915,662,730,651,991,511,603,991,789,925,648,987,975,1140,797,1049,1014,526,807,663,967,672,647,535,1008,1185,1125,660,994,1099,751,994,523,945,981,1033,741,738,1028,778,506,795,1020,924,817,950,1107,498,708,498,1118,949,805,503,678,739,1094,862,1126
819,644,808,923,691,764,618,773,684,702,923,684,686,925,639,609,716,692,638,672,597,689,925,779,640,649,607,927,687,682,918,640,756,606,921,693,720,655,683,813,683,656,600,924,617,786,708,833,678,761,612,908,684,691,913,691,829,914,671,624,621,671,633,692,642,676,847,688,935,752,689,780,698,738,946,707,697,659,699,760,711,831
we can eat italian or chinese food.
554,637,961,696,487,951,958,625,499,778,994,1036,782,489,1102,1024,499,959,993,1088,717,1002,689,915,1037,964,629,571,641,984,729,1127,651,1154,1148
599,601,907,742,675,857,930,598,676,618,934,688,634,673,738,675,677,844,931,694,624,916,771,754,683,867,613,688,599,939,685,679,642,857,920
when does the bus leave.
542,964,637,981,1001,665,1114,628,572,1018,765,949,630,1013,842,983,566,1001,1135,640,490,766,636,1182
597,766,606,858,948,692,697,618,681,934,638,763,602,943,782,713,658,940,776,617,690,792,615,873
jake's going to safeway.
1016,520,1089,644,1360,581,1010,808,1117,1051,964,798,1005,786,1094,995,597,505,742,638,572,513,885,1160
762,700,758,612,749,673,938,698,688,691,851,698,938,660,708,952,675,700,708,632,645,700,717,844
is your house like this one.
1079,573,976,904,1110,970,708,959,913,1078,951,558,628,963,1101,1007,1037,622,941,767,926,1046,540,958,1090,919,611,1149
626,635,890,684,646,677,636,886,756,667,661,676,626,908,726,663,732,620,896,603,727,646,672,932,673,828,616,799
i still have a lot of things to buy.
i'm lost.
1060,995,537,769,1014,1114,1114,928,988,483,760,643,1003,490,1002,1152,1113,764,997,1122,745,994,781,905,1037,938,799,560,983,762,1092,979,841,951,863,1162,1418,1028,1342,1011,970,1122,1087,570,779,1141
673,908,659,659,711,781,808,905,693,668,740,610,923,679,923,728,665,648,927,659,703,920,660,750,656,836,705,666,937,654,678,937,808,665,699,832,690,652,728,832,931,775,683,703,662,849
things are not looking good.
756,975,1094,989,815,568,1012,516,737,651,1021,986,1136,776,1014,1155,1119,1134,1062,1047,976,805,999,802,1096,1101,685,1152
688,748,682,842,757,688,938,729,691,660,924,832,703,690,939,786,704,691,785,696,840,742,939,740,676,666,712,823
in the case of mobile connectivity, a rising tide does not lift all boats.
1081,993,1022,786,968,652,1019,702,498,586,647,1019,1123,742,1006,1021,1146,865,1055,1133,663,996,701,1099,955,963,650,700,806,1041,788,1035,802,900,1090,998,515,996,730,1030,606,1016,929,812,984,781,1018,666,650,984,670,1075,645,590,979,933,1090,788,978,1104,1007,744,792,975,498,1103,1102,978,850,1086,517,793,562,1142
688,833,936,675,750,633,936,790,696,685,621,945,696,693,951,849,667,792,675,744,640,919,794,699,844,853,625,798,664,678,797,691,661,697,818,942,701,939,652,693,653,693,849,717,946,655,699,709,626,939,717,697,622,689,948,848,693,659,948,764,711,711,665,951,700,761,769,950,796,698,717,673,678,853
recovering from surgery.
743,654,711,1080,795,645,742,1018,948,821,975,753,730,1086,1007,985,588,958,724,830,647,747,873,1167
673,627,789,709,812,625,661,690,854,730,938,723,663,703,859,943,700,711,650,743,625,668,689,835
it's too late.
1049,779,1319,587,992,791,1109,1097,997,1133,543,819,633,1151
676,673,755,678,946,677,684,689,928,760,721,690,630,860
nothing makes you feel like more of an idiot than lambda calculus.
960,1104,765,912,1043,966,805,978,1027,529,1074,659,590,984,951,1148,992,954,748,644,657,1116,959,1120,1040,1062,639,963,1009,1122,708,617,976,1103,727,981,466,959,993,1014,632,1014,1091,748,953,763,919,479,967,972,1090,477,994,849,649,461,943,676,472,1123,695,927,1122,941,571,1141
854,695,684,794,692,844,750,942,880,721,753,635,714,953,679,653,666,913,688,603,621,723,912,711,655,727,605,911,799,649,623,578,909,648,677,895,665,820,889,665,656,676,665,624,915,632,683,651,801,920,714,655,826,791,639,640,943,759,660,738,769,668,742,660,667,855
let's go.
for anything shorter, it would be insane.
1141,620,785,1295,578,1009,798,1136,1172,1401,740,1148,995,950,489,970,905,771,935,1055,965,812,977,595,1111,724,778,652,724,730,1063,960,1038,772,976,576,1084,959,1113,678,974,846,656,963,1007,919,591,520,932,656,1132
655,572,602,697,624,869,665,629,789,660,652,598,852,862,643,751,621,604,700,622,802,659,883,641,634,609,616,582,603,600,828,911,642,620,888,587,642,660,709,662,890,783,585,882,656,814,659,671,819,591,801
google is always a good place to look.
pick up your clothes.
854,1149,1148,843,1185,693,1088,639,1045,1037,555,1170,615,559,954,640,1006,550,1019,864,1123,1124,718,1000,1224,1159,553,751,703,1044,834,1110,1022,1125,1051,1057,1082,1186,1296,1224,1058,738,1074,984,986,1187,998,922,1129,982,760,980,735,1133,1109,814,930,676,626,1158
679,640,645,664,720,592,640,658,869,907,655,713,579,658,666,638,902,657,897,678,663,657,636,901,656,733,650,733,589,886,631,673,908,652,644,646,743,806,729,658,689,744,734,929,680,666,911,688,669,684,610,916,755,752,682,613,744,585,656,828
it's north of here.
where did you go.
1077,751,1310,551,1004,961,1125,687,748,934,986,1113,709,989,924,606,683,598,1133,1386,504,933,608,678,610,996,628,1033,632,947,843,1120,941,938,790,1098,1143
541,557,641,592,817,705,581,575,586,655,827,590,599,830,656,552,577,538,725,657,539,650,554,577,544,835,645,599,618,858,607,577,602,837,646,584,762
what's the charge per night.
534,915,453,772,1296,518,920,743,891,587,931,664,877,445,677,763,608,911,1137,607,689,920,899,974,771,852,753,1096
554,663,620,598,683,550,817,563,641,511,836,672,661,596,550,612,517,861,600,518,547,852,755,619,615,716,566,748
nobody wants to read that.
942,1096,868,1088,662,873,957,566,512,937,793,593,962,799,1100,984,732,653,507,684,960,797,903,521,821,1149
793,635,722,638,604,640,907,548,620,807,590,608,913,591,654,891,573,565,625,640,906,589,733,629,597,813
i hope you and your wife have a nice trip.
1119,1039,976,1162,1252,670,1021,905,1154,992,1001,520,983,690,1011,909,1141,991,747,1000,575,1130,772,684,1014,987,528,806,700,1030,529,1007,994,1105,751,710,1014,845,757,1077,1228,1194
604,871,712,633,627,566,878,654,623,654,877,629,791,634,889,642,620,652,577,900,538,621,659,562,897,726,617,714,564,895,620,911,804,653,720,590,915,612,592,672,665,837
no plans today, going back to sleep i guess.
1092,1226,1088,1293,1235,568,1068,663,1066,836,1200,538,567,974,1148,1036,862,1158,1083,996,867,1018,912,578,779,1102,1016,855,1165,1016,663,1175,729,728,1242,1046,1095,1032,872,1039,717,665,658,1223
818,680,911,676,738,652,819,647,900,613,662,638,647,679,801,918,674,684,684,816,668,913,775,653,754,733,916,634,678,918,642,741,594,598,667,901,668,908,688,674,590,658,649,833
us planning to resume the military tribunals at guantanamo bay.
1046,587,1023,1238,1201,499,1012,1012,1084,1018,796,1020,788,1143,1013,724,659,593,985,1010,648,972,786,921,642,961,999,1041,1121,1031,791,493,739,880,934,801,728,1016,846,944,949,486,1116,587,981,797,981,808,826,987,509,964,802,510,968,504,1023,1101,979,866,516,906,1209
568,588,829,604,690,653,764,776,632,771,641,871,597,635,875,570,553,620,639,780,576,891,602,711,567,899,782,639,692,646,600,657,600,636,935,598,591,635,755,634,807,642,714,638,893,607,890,659,664,639,654,792,616,650,800,666,817,653,895,790,660,641,834
mean spirited chants and songs are also endemic in british soccer.
the committee worked in accord on the bill, and it eventually passed.
1022,549,407,958,966,516,1165,1034,710,1014,749,598,620,924,659,859,455,904,731,561,954,479,931,641,955,557,1067,938,772,555,966,494,696,624,964,482,1167,557,1114,974,640,952,669,642,1020,1036,690,974,1024,938,965,865,731,1026,784,1054,574,924,959,556,1171,707,701,647,716,1195,1387,758,932,642,978,677,1116,1014,1025,1042,767,773,641,616,954,549,1077,722,1026,638,652,954,1014,925,956,501,697,701,1079,723,655,971,1074,933,955,775,901,643,959,861,1010,1090,1094,1055,978,489,929,664,966,1011,771,962,645,778,643,933,786,926,487,1109,1111,892,947,1172,494,578,575,632,632,1135
797,649,703,816,917,708,643,675,665,701,677,653,731,956,832,770,736,863,711,771,958,756,864,729,973,729,716,865,744,715,953,757,690,671,956,714,741,703,690,930,640,835,703,628,865,714,783,950,713,872,957,793,662,725,679,704,675,772,968,648,712,759,761,640,652,836,713,671,770,636,953,842,730,853,863,716,721,704,687,684,966,674,712,695,781,670,743,953,721,879,961,750,812,803,714,686,725,933,707,854,939,696,763,656,935,817,692,766,765,845,933,734,841,712,932,709,679,930,655,798,645,875,683,723,737,773,768,698,937,679,729,707,719,654,707,844
the committee worked in accord on the bill, and it eventually passed.
767,937,636,983,684,1107,1016,1024,1044,764,760,636,636,977,557,1093,723,1047,634,645,978,1018,950,983,687,699,1085,1087,719,648,965,1071,926,973,776,901,648,978,859,1008,1074,1081,1047,970,421,995,622,978,1044,762,985,619,742,625,956,764,955,470,1135,1132,896,925,1186,463,555,557,618,634,1147
691,774,669,948,802,719,860,889,728,682,680,656,657,962,657,712,676,782,643,699,956,723,873,963,791,779,731,729,670,709,977,732,875,965,683,802,650,962,816,725,798,780,849,949,735,875,707,975,737,684,967,656,801,661,896,689,733,734,777,771,731,982,717,733,711,724,657,729,882
has been a bit crazy, with steep learning curve.
937,475,564,975,837,642,642,939,980,481,979,855,1009,789,963,705,693,486,540,883,1074,975,527,1050,762,927,971,549,799,627,621,1186,976,1135,625,490,696,946,1020,949,794,965,693,955,721,773,642,1160
820,740,702,985,830,661,671,896,992,735,986,825,743,695,997,837,664,721,821,743,908,981,637,718,689,787,985,721,685,645,661,726,972,807,676,744,683,897,748,894,747,975,824,747,689,865,658,895
can you give me an example.
682,496,949,957,879,1116,964,982,789,1020,761,627,968,1019,621,975,489,939,982,621,593,481,1002,1205,1152,617,1175
812,764,889,986,744,744,772,976,771,750,822,675,994,905,677,993,750,910,990,676,832,756,907,736,824,674,910
who wins.
i hate revision, it's so boring.
546,907,1120,981,542,1030,947,550,1159,1419,1061,964,934,472,753,632,975,709,627,770,1050,566,1042,1098,936,1060,975,1033,767,1329,567,983,587,1099,975,844,1089,712,1017,929,798,1162
688,841,767,989,677,751,915,723,912,807,741,981,818,729,665,633,984,659,626,774,728,699,722,737,855,855,973,723,673,791,694,961,702,723,965,778,732,664,712,877,723,860
but he was feeling deeply chagrined and mortified over his last escapade.
858,996,794,973,932,634,994,570,501,596,1004,744,650,647,1145,1049,965,798,997,660,644,646,1188,1132,917,947,695,925,498,801,717,1036,954,647,665,986,511,956,662,981,1004,1107,722,775,1047,753,1039,648,661,990,1091,766,644,725,1001,929,1044,598,978,1114,526,593,772,988,589,685,506,1189,519,670,644,1167,1172
826,725,695,967,809,649,963,646,712,693,950,722,653,654,764,725,864,732,954,674,635,643,717,799,721,970,789,813,735,726,674,733,888,647,719,966,724,881,708,956,858,734,671,672,722,735,724,645,721,962,734,788,645,678,950,807,712,719,957,775,742,720,671,962,716,776,734,715,730,722,645,848,905
she dozed at last, her face serene and beatific.
blink by malcolm gladwell amazing book and the tipping point.
566,922,646,985,674,1077,550,655,666,959,492,784,958,1086,495,583,773,1040,950,900,639,720,957,733,482,673,645,978,593,645,714,638,948,632,981,480,960,641,948,861,646,491,791,1004,746,1005,693,1115,1365,857,1093,1012,922,1027,961,858,879,921,990,467,1120,674,1084,1114,1000,961,784,481,1105,648,552,639,1111,1102,974,491,997,489,525,1009,938,788,965,825,1074,1068,1019,959,475,650,964,756,907,618,969,1154,754,1012,1182,1185,1019,918,804,949,1191,1078,1005,888,764,1131
670,793,642,954,691,727,783,636,684,976,731,680,974,779,726,701,671,874,968,820,653,671,973,723,726,772,664,957,749,673,683,665,897,660,961,723,896,693,1010,844,645,724,679,742,721,750,790,876,769,828,800,732,879,790,976,817,738,994,891,712,787,788,729,796,886,973,737,731,805,715,655,656,798,805,965,732,877,729,791,729,888,726,967,817,729,729,793,972,722,703,968,668,800,654,966,718,677,718,708,712,728,876,733,990,729,727,726,888,690,873
i forget.
why are we giving more money to the company.
1024,959,727,1072,705,779,632,764,1115,1381,539,899,865,897,493,708,625,934,533,617,961,794,1009,774,1018,931,805,964,1006,1091,697,615,976,988,1086,939,624,874,904,772,1055,958,764,885,615,942,686,1053,979,1158,459,932,859,1144
719,968,733,727,683,748,659,688,856,741,656,792,716,956,745,688,655,975,648,647,966,737,726,848,726,885,749,975,904,750,678,646,965,858,730,882,665,722,986,697,718,969,692,798,651,979,819,723,879,712,729,888,733,873
i want to give you a gift.
1014,976,532,445,926,761,960,747,1062,964,779,996,744,612,946,862,1075,936,963,472,979,785,1005,708,747,1145
732,953,655,722,893,679,976,684,742,969,771,734,844,648,995,759,708,752,972,719,969,748,717,736,679,865
thanks.
the circumstances leading up to the shootings was not immediately available.
748,891,429,918,1020,534,1142,1391,750,882,614,934,674,990,706,666,973,553,563,766,461,912,678,621,566,943,1079,617,465,642,987,914,764,940,918,1155,956,755,1066,959,751,884,609,950,550,871,1084,1080,753,979,901,773,540,954,536,462,549,957,918,1052,733,965,987,963,960,596,626,983,473,761,604,1083,857,900,456,735,491,975,1050,473,845,1043,606,1080
688,785,729,892,787,693,855,766,689,799,675,974,844,728,680,856,891,734,708,698,735,912,841,682,762,992,825,663,746,742,750,897,740,968,744,704,972,682,727,964,681,785,650,958,729,808,723,726,678,729,884,732,713,953,659,736,710,971,900,740,677,961,758,884,881,646,715,750,750,688,639,797,742,972,745,787,745,715,812,744,806,799,641,867
recovering from surgery.
check out his dinner speech on cnn.
711,622,677,1056,753,624,705,985,915,775,955,719,690,1047,978,948,553,937,704,791,617,690,846,1118,1352,698,483,641,682,1101,989,1102,965,760,974,935,1054,609,990,674,1048,959,959,649,717,986,580,1178,642,640,690,920,972,1074,940,972,700,936,934,1151
669,643,796,724,811,653,675,744,885,722,972,717,651,753,898,1001,716,747,671,756,653,670,755,890,772,809,724,653,813,782,987,761,770,693,977,780,716,725,965,715,715,852,868,678,691,970,729,712,675,662,807,804,974,727,876,966,811,887,890,844
taking katie to see night at the museum.
his detective work is fascinating and wide ranging.
774,473,1045,1029,966,794,982,1053,518,785,1031,650,981,768,1086,995,589,647,652,994,947,1026,798,912,776,986,509,789,988,781,919,649,979,998,948,598,651,944,1011,1141,1400,916,1033,598,978,679,658,785,650,694,800,1020,808,643,955,561,1076,729,665,963,1008,595,978,745,520,613,712,995,922,512,798,1015,927,793,975,500,939,653,987,560,1018,672,649,978,723,511,950,783,1004,933,785,1152
693,733,791,742,877,741,953,799,749,688,729,670,960,693,734,942,738,679,674,957,860,728,742,816,688,961,748,700,952,694,809,662,959,893,736,739,673,734,915,865,738,809,733,742,962,753,679,693,648,816,704,740,817,653,977,659,741,691,745,982,737,738,965,739,751,755,817,762,901,753,685,744,895,753,967,753,896,716,968,674,736,761,682,977,692,741,897,758,773,917,745,889
contracts with utilities will be signed starting next month, he said.
691,1120,968,770,694,452,687,782,574,995,559,1038,769,923,977,951,779,1024,1098,1007,788,1017,634,575,966,565,1007,1098,1098,972,821,630,585,999,796,933,627,639,660,974,578,773,499,717,788,1007,932,798,956,930,617,611,784,965,1001,1075,926,770,882,1052,957,879,625,962,570,471,990,649,1135
818,757,894,684,679,732,792,699,715,989,661,753,692,830,977,768,690,749,799,754,695,761,664,732,996,679,762,810,829,1001,827,663,723,748,738,900,652,673,742,1004,743,692,744,681,692,758,915,747,993,920,663,830,694,995,939,734,923,689,818,914,988,839,658,992,731,744,719,713,906
i love lebron.
do you know what this says.
1042,984,1117,1084,756,642,988,1114,631,848,718,1076,937,1161,1452,662,1084,943,886,1105,950,953,1047,923,1077,565,944,558,892,491,776,956,762,904,1025,573,956,581,517,864,598,1133
747,984,827,747,813,680,976,811,667,837,694,772,923,874,753,743,762,1009,774,742,756,990,813,899,761,688,972,680,812,758,711,975,690,824,738,740,970,747,766,753,736,903
let me check.
i'm very well, thank you.
1167,577,711,979,1021,605,979,735,956,665,726,1082,1169,1388,1052,1296,1046,983,757,659,721,891,934,565,644,1125,1121,1075,982,784,925,518,954,1051,967,885,1094,962,1152
733,583,613,917,818,594,918,781,767,633,804,747,834,751,676,764,854,938,774,652,655,695,944,628,618,775,770,836,929,664,787,714,856,765,934,714,679,711,851
who's that man over there.
should've mentioned i worked on the mustang with my dad.
576,956,1118,1351,608,986,780,514,796,783,982,1032,493,963,996,1094,768,642,732,992,780,927,644,722,650,1154,1393,604,899,1093,962,1111,681,1304,777,670,989,1029,675,968,799,1034,1129,960,663,668,963,1014,944,575,1083,738,663,678,974,992,1063,932,958,785,906,663,962,1009,956,593,803,517,938,815,971,547,1069,777,931,988,1006,900,954,676,495,673,1165
627,779,716,770,719,948,673,718,661,660,976,886,719,903,961,723,779,632,666,966,668,796,639,651,625,856,748,722,788,729,730,784,706,777,800,651,958,884,663,879,684,715,720,878,647,724,948,703,951,650,710,673,644,737,975,960,726,879,968,687,801,653,969,883,734,720,686,727,890,737,972,631,705,674,785,965,840,711,947,706,721,685,826
i love the lakers.
1084,981,1140,1122,764,648,993,770,937,622,996,1125,499,1038,631,713,570,1165
710,951,771,699,796,656,943,681,788,641,937,762,721,775,654,659,696,847
hordes of puzzled tourists, many with rolling suitcases attached, poured down the staircases.
987,1159,727,668,659,596,1015,1122,741,1012,1212,985,579,577,1153,666,663,1025,792,1120,998,726,1070,610,796,598,1085,1001,1034,532,986,918,969,564,1111,771,952,1003,720,1124,1122,1122,1049,974,795,1000,595,975,1043,775,704,499,585,649,594,998,520,776,776,508,691,930,647,667,1068,1000,1172,1093,961,713,638,657,1009,667,1108,548,973,990,779,918,645,1001,581,825,508,1108,737,706,512,590,662,596,1207
807,731,673,728,654,707,950,729,733,949,728,733,827,817,796,680,729,942,691,733,736,678,717,751,692,712,860,947,864,733,864,731,956,624,704,674,773,935,663,710,767,798,715,865,715,938,705,732,715,672,795,734,712,654,694,955,728,676,677,731,790,818,645,713,856,949,742,733,748,658,621,703,962,711,729,633,879,950,669,809,658,970,678,667,713,709,665,772,721,707,637,680,844
just changed my default pic to a nike basketball.
1033,1033,587,804,1019,731,981,519,1017,824,669,705,1022,1068,943,994,684,676,778,526,977,1152,786,1012,1180,1050,724,997,799,1119,994,509,1002,980,1049,1082,662,1008,853,531,599,1063,657,796,858,510,1135,1137,1161
762,703,704,673,921,796,771,716,856,718,648,718,938,859,699,945,666,631,724,714,730,789,670,946,713,699,780,951,679,718,953,709,952,892,723,807,644,962,790,711,683,800,636,670,810,726,806,797,882
please fill out this form.
1229,1160,618,477,568,624,1004,723,1045,1128,1128,969,1097,961,771,961,892,1031,575,572,966,723,1068,694,961,1123
694,761,652,729,714,656,933,727,693,764,783,937,714,717,676,947,782,699,726,704,972,712,699,661,865,877
found a safeway. picking up a few staples.
746,1087,953,942,658,980,483,983,577,502,728,635,550,498,866,1136,966,1176,1023,701,1048,1035,960,790,982,932,1184,998,482,989,725,615,543,965,575,771,475,1170,1129,617,554,1186
715,700,693,845,699,936,717,932,695,722,702,626,623,705,699,828,945,692,681,772,782,698,859,709,939,692,695,942,713,930,702,616,620,937,709,641,703,691,782,619,703,844
the circumstances leading up to the shootings was not immediately available.
771,973,676,701,724,1036,729,705,980,1008,607,781,494,995,712,675,605,1004,1137,655,504,661,1041,967,796,967,961,1179,985,776,1102,996,786,923,979,660,560,917,1070,1064,762,997,934,785,579,959,563,486,569,960,918,1058,765,965,985,964,971,634,663,992,502,769,640,1086,868,935,478,755,500,999,1080,496,841,1055,647,1107
663,780,655,798,824,714,681,804,731,866,728,704,717,892,813,660,725,973,796,659,723,711,736,880,726,971,746,714,956,684,721,958,693,786,978,649,713,798,736,740,676,721,882,733,692,953,645,717,689,954,867,735,675,950,736,859,865,646,705,724,732,679,645,779,750,948,731,771,734,732,788,729,791,802,645,874
would you like to buy this.
i wouldn't really have lived in east palo alto if i could have avoided it.
555,1058,937,1084,655,949,874,1070,939,936,1072,985,1006,654,959,760,1057,954,816,912,838,904,758,876,988,581,1094,1358,1011,940,549,1062,941,1093,641,925,1285,752,960,692,613,445,1084,1081,872,923,904,461,730,626,964,1101,1016,725,628,655,950,1002,930,966,602,455,548,730,966,1168,457,1095,1082,971,458,1095,733,1064,962,992,700,962,999,966,665,1047,927,1072,623,960,883,479,726,617,959,456,745,1050,981,640,623,643,954,982,738,1102
657,732,737,788,732,950,744,713,741,938,760,722,783,685,936,702,723,942,810,729,733,967,702,784,710,741,833,727,700,951,670,725,724,791,722,872,780,696,944,689,656,742,775,781,715,953,790,733,795,657,932,780,716,792,663,725,950,732,867,939,656,744,705,692,944,701,736,772,718,936,741,786,692,721,945,730,727,944,717,941,809,733,745,782,722,940,796,749,807,679,948,739,812,723,723,728,657,726,938,729,693,834
has been a bit crazy, with steep learning curve.
926,448,551,909,802,594,608,923,961,454,958,806,984,749,961,688,690,479,519,832,1001,939,534,972,735,866,950,537,737,601,609,1116,933,1070,594,467,680,886,946,887,750,926,670,891,690,748,621,1170
816,740,716,985,829,655,673,875,976,736,971,806,728,710,968,819,699,737,808,742,887,963,676,741,696,815,958,732,697,655,654,713,956,773,668,737,691,883,753,884,740,958,805,754,702,817,665,875
she dozed at last, her face serene and beatific.
i'm moving to east palo alto.
567,953,628,998,658,1107,527,622,654,1000,479,762,983,494,1109,572,768,1052,992,915,617,698,992,716,475,673,632,985,568,628,692,614,946,625,984,472,952,643,950,851,628,485,770,1016,735,1020,689,1116,1356,1017,1187,986,949,990,1076,741,1005,945,775,975,773,1066,984,621,474,562,758,982,1163,483,1115,1087,996,468,1106,766,1105,1145
747,781,676,950,730,716,800,679,737,955,758,697,961,742,771,737,694,864,941,815,658,679,941,719,731,793,669,951,724,671,683,656,885,664,956,739,875,716,944,834,650,733,691,727,751,730,788,865,741,716,838,867,964,880,741,793,752,898,733,952,685,745,950,657,729,696,678,952,718,725,797,733,945,732,801,679,731,843
i don't want to get into inter sport debates.
1038,999,642,1096,956,1295,758,1009,558,474,961,774,999,774,1102,1004,787,644,770,999,1026,951,769,1103,1006,1033,950,765,636,717,999,578,1177,1090,718,763,997,653,640,821,506,745,624,573,1167
694,924,683,697,836,751,656,918,635,729,875,671,942,672,715,939,726,641,673,946,731,860,673,721,940,728,869,667,620,654,943,703,711,718,662,669,955,695,655,777,733,663,628,712,857
be in good physical condition, with good eyesight.
863,674,1012,1046,975,1016,808,1118,1108,686,1011,1205,950,912,609,1054,708,516,1117,1008,725,1092,968,682,1037,788,1045,1091,949,1065,985,575,1027,775,917,996,801,1084,1081,691,986,663,894,664,609,1026,805,924,782,1132
788,627,938,723,858,945,716,714,721,684,937,696,801,743,694,705,757,723,780,930,761,724,857,684,714,673,703,717,840,862,940,635,714,665,793,934,712,712,717,681,938,633,737,642,711,730,719,799,674,832
it takes three hours by car.
1013,772,984,772,495,1028,642,587,992,773,904,720,640,642,961,896,1062,929,711,592,951,840,870,929,719,497,588,723
724,670,937,675,718,774,642,686,939,673,776,656,632,631,951,800,719,750,657,700,950,787,714,931,795,728,691,675
google wave developer sandbox account request.
803,1086,1090,785,1100,650,1016,563,483,754,651,1003,681,657,765,663,1102,1072,1152,651,718,986,584,494,944,662,855,1092,639,956,509,717,712,1063,925,912,783,941,723,652,483,922,645,605,794,1121
724,722,731,720,774,640,933,643,708,809,642,936,721,654,779,660,790,715,698,651,676,949,703,733,871,702,816,735,769,963,726,782,783,736,747,868,678,986,669,654,684,742,636,740,684,883
i'm listening to the music by danny gokey.
what time is it.
999,1288,976,953,1093,1002,581,767,642,920,999,914,792,950,767,1047,948,767,890,640,961,973,930,582,1003,707,954,829,877,926,671,493,922,927,862,921,797,1064,998,632,868,1108,1389,548,904,478,766,957,768,999,970,632,962,999,589,961,1008,764,1127
726,781,853,951,786,728,707,665,633,861,729,871,722,952,674,731,954,677,810,635,942,856,743,705,724,788,948,818,728,953,736,725,861,867,741,947,720,715,765,629,732,843,751,637,785,735,674,951,676,716,852,642,942,726,691,939,721,670,851
if you're being harassed by calls about your car warranty, changing your number won't fix that.
1034,722,963,886,1092,939,1290,712,631,954,840,639,990,909,795,964,886,503,715,508,580,579,639,659,955,837,862,921,708,486,1097,1084,594,966,496,847,1061,927,769,955,861,1075,921,700,943,690,489,719,950,558,493,720,716,497,919,760,852,1030,946,711,880,486,912,785,986,906,778,954,846,1061,900,704,943,907,907,982,849,614,722,941,537,1067,881,1261,765,940,731,975,612,949,776,866,486,772,1098
656,671,905,693,658,682,737,656,623,912,796,626,678,818,710,900,758,710,672,703,681,689,636,691,925,792,695,921,782,712,732,738,688,909,713,809,676,690,664,914,703,663,688,655,916,785,717,671,923,652,718,662,668,718,844,670,706,840,915,780,775,712,838,701,711,848,697,925,717,694,724,651,930,880,716,863,774,618,663,934,632,684,856,766,660,946,716,696,793,933,670,802,708,660,863
just blocked united blood services using google voice.
1006,980,578,777,978,847,1117,1100,697,1044,628,673,979,969,942,1022,776,649,662,962,847,1112,1085,1078,670,988,594,655,724,773,1026,702,646,600,982,951,594,1015,934,805,985,798,1084,1079,804,1135,661,1010,806,1085,1024,724,667,1138
818,735,710,677,951,825,817,733,814,799,645,746,949,741,865,730,679,644,702,961,810,800,735,741,711,941,743,677,669,795,721,788,655,734,951,746,721,744,876,729,943,724,729,729,733,780,651,943,812,720,714,795,661,857
i don't want to get into inter sport debates.
997,951,682,1060,906,1274,779,965,563,490,925,769,964,781,1062,963,793,642,783,955,986,904,781,1057,948,986,895,778,626,730,959,562,1148,1061,719,759,961,664,642,823,513,779,640,577,1127
748,972,736,749,866,789,692,959,645,719,874,676,957,687,731,952,744,636,680,943,727,861,676,722,951,721,853,674,632,660,947,723,705,724,665,671,945,700,654,803,720,674,630,712,881
your prayers worked.
i can't watch tv.
911,1116,955,719,943,1149,697,460,873,609,686,565,953,532,1063,681,1009,609,631,1101,1351,1001,954,681,476,921,1229,756,973,546,474,751,691,900,975,764,759,1111
721,692,703,651,918,690,641,702,714,614,633,676,945,617,709,636,766,626,697,851,769,696,943,774,730,858,773,661,927,638,715,659,798,788,925,669,791,841
have you ever had potato soup.
969,470,749,641,968,894,1085,945,957,625,749,627,710,965,893,482,652,964,1165,1067,754,488,761,1077,964,578,1064,926,1143,1130
777,701,764,648,928,732,712,731,927,639,780,632,661,929,778,711,695,932,702,709,657,717,661,702,931,702,717,728,703,847
do you sell batteries.
657,1092,976,897,1092,949,957,568,615,1104,1104,975,819,483,768,770,619,706,1005,617,564,1121
690,729,948,738,708,726,946,688,634,764,779,948,785,713,668,666,623,646,714,622,692,875
the committee worked in accord on the bill, and it eventually passed.
766,931,632,977,700,1073,985,987,997,772,758,621,623,950,549,1051,717,1001,636,649,967,994,923,966,490,682,686,1052,708,654,962,1033,912,948,770,884,641,953,855,988,1060,1057,1019,945,491,918,664,958,994,765,956,634,765,649,925,778,923,492,1084,1086,883,924,1129,492,587,578,624,651,1136
674,784,640,948,794,726,838,849,726,666,666,620,624,944,635,716,659,800,642,708,942,721,863,942,716,800,766,732,656,727,954,743,893,957,673,813,644,954,802,729,796,794,865,954,715,878,715,949,717,661,946,635,789,643,880,672,748,721,783,790,735,945,718,715,694,700,631,741,879
nobody in the nba comes even close.
the commercials alone on espn are going to drive me nuts.
968,1097,842,1093,684,887,937,1007,926,963,777,897,663,968,932,843,510,977,719,1069,975,655,601,970,663,764,660,929,968,703,1088,1070,593,1122,1180,1373,785,941,661,985,727,1075,997,995,661,727,719,1019,496,1103,605,986,516,1104,1087,954,644,982,1067,953,992,647,592,1156,946,983,520,727,648,983,795,1064,999,928,797,973,769,1043,977,658,715,1002,768,653,953,974,652,949,904,916,771,593,1129
856,695,803,696,708,719,944,699,848,945,672,776,644,934,851,783,709,932,789,711,846,646,718,933,655,780,645,875,934,772,769,701,715,834,858,755,684,779,644,941,788,741,857,863,643,662,799,709,725,767,716,940,729,783,716,871,635,939,727,875,935,641,699,706,881,941,725,677,638,934,729,726,727,877,721,937,679,735,942,703,659,736,790,645,959,874,648,958,887,758,676,701,854
are you american.
i have two sisters.
504,736,658,983,889,1085,940,958,508,983,651,714,1012,710,506,931,1135,1372,1030,959,905,519,771,651,966,777,578,1083,970,596,1016,600,796,644,732,601,1138
731,660,637,948,747,711,734,940,725,855,637,651,705,771,722,876,826,737,714,957,792,723,768,643,953,675,639,718,953,711,714,708,670,641,657,721,862
it's not too far.
1035,791,1293,592,980,940,1088,778,965,789,1081,1077,963,747,502,723,1150
758,676,793,711,951,884,748,664,960,673,735,735,958,724,724,663,882
contemporary art has never quite jibed with mainstream media.
720,1085,946,776,643,1001,1171,1070,710,507,713,879,926,510,722,759,953,888,513,587,958,935,641,768,644,729,979,498,955,1015,783,646,958,954,1002,870,652,673,964,578,1004,778,903,966,992,494,999,910,588,786,716,630,503,993,967,989,639,664,1015,494,1152
786,744,879,669,637,865,740,737,658,733,666,734,968,724,666,667,961,830,725,693,958,883,638,771,636,659,952,672,749,724,661,626,958,814,730,802,637,721,965,652,731,659,806,956,866,711,727,877,715,668,644,638,713,884,958,865,647,717,719,715,858
i hate comcast right now.
is your husband also from boston.
1025,982,922,491,783,636,972,704,1080,987,682,497,594,769,724,720,1059,815,924,784,975,917,1062,561,1377,1016,1012,566,961,864,1060,921,716,942,897,920,578,828,487,918,673,958,498,1089,591,1042,956,754,709,1077,991,967,819,1080,575,780,1052,899,1111
723,947,788,713,662,640,949,797,713,844,762,716,705,654,659,651,689,731,772,666,934,868,716,632,748,708,723,677,950,723,710,737,662,944,809,723,711,743,708,890,698,956,715,796,704,716,961,719,636,680,843,917,815,684,704,656,692,852,826
they call more than those car warranty guys.
i will take you on a date to see night at the museum.
790,943,645,882,931,693,491,1115,1104,979,1000,1102,715,640,990,770,918,492,942,977,783,893,1084,587,644,971,718,505,722,1000,587,522,726,722,498,953,774,892,956,800,946,879,595,1144,1426,1020,968,573,1018,1105,1103,986,782,503,1039,648,988,885,1089,941,951,1055,931,978,497,978,661,510,779,644,964,773,1080,982,573,647,648,960,923,998,801,883,776,953,497,956,960,769,881,635,951,994,944,594,661,938,992,1152
652,743,621,659,906,788,703,748,746,909,817,672,636,617,895,637,742,682,842,908,642,755,672,682,620,916,768,700,640,919,638,709,645,640,693,854,645,707,911,702,695,714,681,836,712,674,919,629,675,762,764,919,653,695,741,624,913,701,676,699,904,690,823,911,699,916,673,704,642,615,919,640,671,906,689,616,611,912,831,675,695,774,641,917,698,931,922,638,765,609,922,825,694,702,630,694,840,807
higher physics exam tomorrow, not looking forward to it much.
950,1067,798,937,650,723,983,1188,911,890,574,1015,707,588,960,642,614,503,1002,967,771,1093,997,1096,720,714,1091,550,1058,968,919,1081,775,972,1100,1078,1096,1034,1019,939,807,965,749,1083,730,563,498,724,666,963,772,1057,963,995,773,964,988,949,707,888,1152
771,673,698,761,607,623,923,679,777,698,661,683,754,694,931,631,802,715,843,932,641,681,818,684,640,626,689,612,811,920,831,687,639,914,754,687,666,751,693,820,691,913,698,682,640,616,699,646,684,932,650,704,927,702,647,914,837,701,784,788,809
hello.
they call every number.
909,630,1110,1117,1101,1154,1394,802,921,648,869,912,704,494,1106,1104,977,644,768,648,728,871,913,925,923,987,853,643,730,1155
799,623,783,803,700,886,750,655,779,630,693,936,779,706,767,768,936,633,776,640,665,699,944,847,705,846,793,616,652,855
i'm still bitter about this.
the survey's margin of error was plus or minus four percentage points.
1052,1319,1008,988,514,715,1028,1103,1109,983,798,1018,724,729,585,668,985,443,821,1067,942,749,961,753,918,1039,561,1135,1401,767,917,624,972,567,950,712,764,640,864,1262,590,941,983,489,727,798,1016,934,948,1071,741,972,649,725,721,1077,722,975,567,474,577,972,1142,1089,934,584,956,1061,715,947,965,997,913,912,571,948,742,1056,921,714,936,1123,639,710,700,638,911,764,476,789,619,942,1156,1077,993,898,758,566,1106
648,696,792,873,657,639,651,722,729,881,766,666,660,660,616,642,893,703,773,700,696,655,900,676,772,689,674,837,716,680,793,635,946,680,736,664,777,644,740,779,693,955,852,716,671,718,722,864,954,732,718,943,648,671,672,726,671,945,644,721,686,939,712,776,743,679,945,731,666,956,858,723,865,754,693,947,711,722,750,664,953,729,639,661,760,633,884,666,694,722,620,950,731,716,715,853,668,679,849
i know.
when does the bus leave.
1024,964,1034,944,1080,551,1129,1325,553,912,641,942,978,667,1083,632,582,979,771,904,642,980,853,959,567,984,1136,644,474,781,658,1157
722,964,783,883,745,639,869,779,638,807,636,883,967,701,732,640,710,968,675,816,633,962,804,758,687,968,768,651,706,788,654,867
have you arrived.
927,477,752,645,994,904,1117,978,1005,497,719,715,1046,763,644,674,1165
791,712,771,649,943,753,709,757,934,715,675,669,722,772,638,714,854
we should use that money for all the programs that support the unemployed.
562,652,1001,582,914,1104,970,1120,665,985,971,593,647,998,767,924,502,777,990,1010,1105,960,627,911,950,734,1083,709,983,491,1110,1114,1007,753,921,642,1170,1223,715,1112,791,720,478,1016,586,990,768,922,489,767,994,588,964,1178,1169,1085,721,751,989,759,909,643,984,958,941,643,988,1177,1106,1095,864,642,669,1153
639,648,970,687,804,741,738,803,703,957,736,707,657,954,679,805,726,686,963,870,740,881,636,745,970,724,735,660,962,714,802,802,943,681,792,635,736,730,675,743,729,677,711,855,708,958,676,805,722,674,953,702,753,722,728,737,670,673,961,674,812,638,963,742,898,646,874,732,809,735,745,639,716,860
can i bring my friend.
715,489,924,948,993,952,843,723,980,906,806,948,969,863,915,739,725,983,647,910,675,1111
796,722,903,977,750,972,811,678,750,886,733,969,884,751,971,730,678,759,644,888,711,873
the child was very sharp, and her memory was extremely retentive.
752,913,621,966,711,944,1039,1123,663,991,576,503,593,999,751,651,717,897,951,620,941,535,741,1170,1046,988,530,952,681,989,930,663,737,984,993,670,999,1076,728,885,954,583,499,591,978,649,623,783,738,671,999,663,1114,906,971,728,663,780,662,971,800,1031,788,665,1154
658,730,611,903,804,771,683,754,691,923,627,703,669,918,761,627,649,692,933,704,751,722,666,706,819,937,723,853,671,935,798,627,655,937,830,634,846,707,653,732,944,635,693,662,935,620,730,657,642,619,865,623,770,730,937,651,635,654,625,865,659,711,764,621,836
it was awesome.
i feel good.
1024,782,989,568,484,585,994,487,555,643,595,1070,990,633,1138,1384,1039,990,749,663,663,1122,1012,811,1097,1092,692,1149
728,645,948,611,685,650,945,693,602,601,678,732,848,612,862,753,722,949,688,632,626,778,933,707,720,735,676,862
try to say it.
how much are these earrings.
806,746,919,967,799,1105,993,608,527,901,965,1041,798,1156,1355,942,1122,578,999,1015,984,723,934,988,530,751,670,1005,791,935,664,596,661,997,663,530,745,741,1024,949,817,617,1135
673,645,752,968,670,731,958,672,696,721,953,714,652,859,753,802,721,622,947,857,718,787,807,949,710,659,627,941,657,791,623,678,637,950,640,721,652,645,738,864,705,685,866
i've never done that.
1046,1309,769,669,982,941,661,772,665,743,983,700,1085,934,666,971,778,908,518,788,1131
718,790,770,639,971,880,644,759,633,653,962,709,732,891,637,971,668,814,713,660,862
martello towers must be built within short distances all round the coast.
1039,536,763,808,681,1154,1145,1137,1016,811,1128,595,681,760,613,1014,1027,988,637,820,1005,883,700,1003,903,993,1053,1135,817,1006,598,1047,814,946,1052,962,995,610,933,1110,741,802,994,690,1040,614,805,545,958,731,679,624,986,555,1130,1117,1015,747,1100,976,952,996,817,931,662,992,991,739,1096,523,617,823,1167
855,721,671,671,626,783,800,728,940,676,739,633,641,663,714,946,877,746,736,681,954,810,655,954,799,729,719,793,672,944,636,722,671,789,714,867,956,714,805,731,657,665,953,729,722,723,676,724,885,795,654,740,957,747,800,799,942,656,742,733,873,945,673,809,627,949,963,785,721,724,711,669,891
i couldn't come up with warren buffet's name to save my soul.
1042,998,733,1095,975,1113,718,970,1299,814,1006,701,1054,975,662,944,965,1193,982,586,1029,798,924,984,591,507,750,741,663,948,990,829,955,757,755,660,784,1296,587,999,983,524,753,663,1005,790,1112,1011,608,510,770,675,974,1012,899,977,611,1084,951,1107,1135
732,952,793,737,753,815,738,859,793,677,947,845,748,865,702,940,715,697,941,681,712,698,780,943,668,741,688,688,661,858,935,811,740,721,724,660,685,769,722,919,829,735,777,651,927,679,703,917,710,717,791,659,962,859,754,946,720,716,725,769,856
follow me.
should've mentioned i worked on the mustang with my dad.
753,1090,1105,1102,1092,597,985,1012,681,1138,1294,608,951,1090,969,1104,680,1265,768,666,990,995,665,950,773,1006,1079,939,657,692,996,1025,993,560,1084,722,1019,659,683,985,1072,943,999,774,926,646,984,998,956,592,781,501,946,821,977,559,1010,778,913,979,984,863,971,678,485,681,1136
699,723,771,770,711,641,978,873,645,871,754,705,797,740,747,804,692,779,748,640,941,857,644,868,671,728,736,879,622,722,934,728,947,622,729,656,800,639,722,948,732,882,941,674,828,637,946,858,762,676,679,706,885,729,954,627,728,673,807,956,896,739,972,688,715,690,870
my wrist still hurts.
when are they coming.
1016,919,966,546,701,1027,568,756,984,573,761,1012,1114,1114,999,911,950,696,746,571,1119,1349,547,914,624,938,991,489,699,620,989,750,920,627,894,959,688,1080,984,1017,942,789,1152
846,718,921,616,635,705,679,649,931,682,645,709,780,786,934,787,733,634,650,679,841,749,620,779,616,857,933,696,637,613,935,643,790,608,717,950,755,712,836,711,854,695,855
lakers played great.
i get off of work at six.
1157,477,1078,622,700,561,1017,1190,1137,472,931,624,637,995,778,705,626,479,760,1142,1393,1046,987,770,616,752,1000,1103,723,721,1001,1083,714,1000,553,1085,696,1032,995,487,759,998,569,1038,617,1132
747,702,756,620,636,671,917,692,767,700,710,619,669,925,689,630,620,712,651,866,736,705,929,696,619,652,919,705,692,698,924,711,687,922,623,711,643,774,926,722,660,921,687,705,789,851
what day are they coming over.
his coat of arms was emblazoned on the cover.
543,954,463,754,997,643,468,907,971,483,694,624,989,748,929,618,898,940,706,1064,970,1006,929,810,957,1054,782,654,737,1097,1358,905,1014,605,965,694,1060,503,771,968,1050,735,966,503,724,978,593,966,571,499,586,975,639,975,819,1069,497,559,1055,922,639,661,974,1059,924,983,765,900,649,991,719,1058,761,642,723,1103
606,771,702,645,947,674,697,726,942,703,644,621,943,641,781,612,725,987,776,733,856,733,869,718,964,720,790,633,674,880,779,798,716,712,956,791,727,725,675,946,729,715,951,720,669,864,712,949,638,718,691,950,637,857,778,807,707,796,732,874,631,703,952,734,882,950,660,817,629,942,787,732,786,635,654,865
i want to show you something.
1038,1001,570,486,961,785,1000,783,1098,1007,595,939,1098,570,993,906,1092,951,970,608,1075,999,649,780,911,1030,942,800,1149
737,952,639,712,874,669,952,670,737,946,691,810,740,635,950,731,720,744,942,731,742,852,662,665,796,729,866,705,883
some specimens will appear in the papers appended to this report.
606,1104,1014,643,1009,594,1177,644,696,1036,1001,637,961,589,995,564,1037,1107,1111,1012,490,1161,1171,617,495,707,1001,1018,951,987,752,916,625,987,1151,494,1159,621,707,574,992,498,1156,1154,625,937,654,639,659,986,764,1061,983,760,896,1000,592,968,714,633,1152,1065,709,774,1094
699,729,855,633,943,706,732,635,777,729,868,629,891,722,956,647,728,797,805,947,721,751,748,633,718,656,967,750,883,972,661,831,631,969,740,720,738,649,655,704,962,722,747,742,642,871,703,652,711,971,661,756,976,668,829,755,715,972,663,646,751,761,659,670,880
have you arrived.
981,527,786,681,1012,950,1142,991,979,526,745,750,1055,785,671,664,1196
725,711,772,633,896,721,702,681,880,711,645,638,666,764,613,709,875
what can i do for you.
569,942,470,766,1024,758,541,984,1018,1060,1019,693,1114,1022,755,1112,736,1003,920,1099,987,1150
609,760,703,635,909,809,714,867,950,723,943,695,725,938,707,719,642,950,744,713,742,848
i want to contact our embassy.
1047,1012,572,493,958,776,1003,778,1095,1012,712,1084,956,791,515,700,785,997,1073,951,720,996,673,995,866,529,626,623,873,1138
721,947,618,690,877,651,948,649,723,940,779,731,871,650,713,782,657,961,738,761,635,953,640,886,792,706,707,703,752,853
i'm self employed.
how much altogether.
1036,1295,1014,1000,611,659,1112,751,1005,648,1000,1179,1128,1123,928,644,669,1188,1407,941,1111,571,1003,1015,977,708,931,993,504,1110,775,1084,795,633,770,919,625,716,1131
737,785,863,949,715,646,788,707,937,631,869,714,781,705,707,621,705,885,757,789,729,627,936,844,729,767,816,946,696,795,653,727,703,619,654,794,617,637,866
jake's going to safeway.
1014,510,1078,665,1357,602,1018,797,1134,1060,971,797,1005,766,1098,1008,602,489,740,631,567,502,907,1166
771,697,771,625,788,681,934,699,711,706,841,678,936,649,723,937,664,696,680,607,622,693,734,836
when did this happen.
548,944,632,966,1019,663,1044,661,1009,769,932,1039,593,985,911,503,1184,1176,638,951,1160
613,801,602,883,951,674,713,662,952,647,786,712,690,962,810,700,706,709,612,866,839
the minute stain on the document was not visible to the naked eye.
my dentist is great but she's expensive.
777,941,667,998,1005,1040,948,951,783,661,985,594,778,507,1018,953,989,1087,941,1004,770,925,654,997,690,1085,715,960,998,659,949,782,989,567,509,585,982,939,1085,776,989,785,1014,608,1014,858,1107,650,992,784,1075,976,776,913,663,931,992,506,1051,669,678,998,651,910,655,1141,1333,1037,933,968,678,663,969,776,1038,597,776,991,1040,602,1000,807,730,650,512,793,994,853,965,797,984,595,945,647,1331,591,1002,637,611,1185,624,974,587,1046,744,639,1153
655,797,633,946,843,718,861,754,652,609,951,681,654,698,732,864,946,722,872,938,656,801,624,937,676,723,771,730,867,631,874,649,939,619,710,669,942,869,728,640,941,755,732,687,726,769,783,607,935,650,723,948,643,805,630,867,896,708,793,646,707,958,637,734,633,853,753,863,714,941,703,632,862,661,720,710,658,953,711,694,941,698,643,636,715,664,952,787,734,661,951,684,771,628,779,718,933,648,788,700,633,855,704,707,779,633,847
would you like some wine.
573,1112,988,1142,663,998,925,1097,963,979,1088,1020,1044,629,994,585,1091,999,629,1015,555,1027,959,624,1144
634,706,709,779,681,919,728,697,722,929,796,721,803,625,935,695,728,861,621,926,629,724,863,620,859
brand new canon dslr camera canon.
do you take credit cards.
854,723,506,986,674,1004,979,641,571,1014,705,499,956,1094,964,996,677,609,1118,726,994,700,504,1015,653,720,513,988,695,519,963,1093,961,1155,1349,687,1120,1004,923,1097,971,981,787,510,1060,661,1024,709,739,665,685,1030,786,1006,717,517,745,686,598,1145
786,656,705,881,674,955,868,623,637,950,788,702,903,747,883,957,693,695,771,652,930,765,714,853,638,657,702,926,750,722,861,716,861,860,719,677,692,914,708,690,711,913,673,702,760,635,923,777,671,647,713,716,658,937,772,722,662,711,712,879
who would you like to speak to.
583,961,1122,1017,581,1107,976,1124,683,1053,909,1112,961,989,1110,1032,1046,660,996,778,1082,999,608,1167,659,489,1038,986,769,1082,1140
633,773,710,928,626,711,723,782,678,924,715,683,716,921,782,705,783,629,931,654,706,927,693,694,625,704,790,933,655,714,868
here is your salad.
988,650,723,646,1011,1045,604,1014,917,1106,971,726,995,596,507,1121,525,679,1155
798,628,642,621,943,728,694,937,744,713,764,653,947,699,721,802,725,700,872
i've been here for two days.
1058,1315,787,670,1009,861,666,674,975,1014,932,658,718,652,1012,756,1087,738,1009,778,583,1087,1006,676,520,904,612,1144
702,777,782,643,938,794,635,644,864,946,805,630,645,625,944,714,731,659,949,662,621,730,950,697,718,737,698,854
dick cheney's dishonest speech about torture, terror, and obama.
687,1096,715,1092,1030,715,968,676,994,676,918,1310,617,1004,689,1058,613,952,1114,966,656,598,789,995,602,1207,659,659,712,941,1013,527,879,1091,976,795,1003,798,1093,741,795,979,728,659,1068,1006,794,654,737,730,1097,722,1069,1006,527,961,674,1003,1090,857,543,1019,534,1151
688,678,789,752,920,774,777,644,847,637,704,760,701,938,705,695,709,773,711,854,627,728,656,942,704,697,646,640,800,795,937,713,808,740,735,663,937,664,722,656,661,733,649,630,858,926,660,621,642,642,709,642,829,927,705,859,686,931,718,774,719,866,724,866
he's not in right now.
they call every number.
937,643,1305,587,991,949,1089,765,982,1023,951,991,708,1026,812,921,785,986,938,1077,575,1121,1417,770,921,646,883,958,702,510,1112,1110,989,651,785,659,729,895,947,983,969,1036,834,668,742,1185
786,634,779,689,943,847,723,650,948,730,857,943,635,701,693,784,657,944,857,724,620,837,751,652,781,629,725,945,782,736,797,807,936,645,770,631,658,729,945,843,741,857,754,618,642,850
did comcast fail again.
it's delicious.
703,1056,685,1014,720,1105,1018,703,520,603,774,999,747,513,1058,1113,1016,507,802,509,1026,937,1114,1368,1026,776,1241,603,961,679,641,1090,1006,712,1013,1069,950,606,1134
717,704,664,926,758,712,825,769,700,693,640,925,689,693,675,734,901,692,684,696,677,841,855,724,682,647,762,698,930,708,622,754,696,760,693,712,719,697,829
the twitter api is slow and most client's aren't good.
768,931,656,998,770,566,1028,765,767,642,734,998,491,1165,1019,1000,1019,593,999,592,1094,1081,573,1013,516,949,665,989,995,1082,595,774,1000,706,1095,1019,657,951,781,1290,597,1000,521,730,655,949,1301,783,988,799,1098,1095,676,1155
659,791,631,940,655,625,716,653,655,618,639,944,699,709,720,939,724,696,940,697,797,721,631,936,707,873,679,940,855,742,676,652,935,753,791,733,628,873,656,771,702,935,717,667,647,873,772,661,943,712,729,731,672,854
i don't want to get into inter sport debates.
is john here.
993,964,679,1055,936,1245,776,981,579,504,931,786,981,775,1066,997,794,649,780,981,1006,934,780,1072,976,1002,929,778,655,733,982,605,1150,1080,730,775,980,686,643,864,534,797,654,601,1120,1335,1039,613,992,978,1107,908,945,965,919,642,719,647,1134
756,960,699,760,884,793,657,952,637,710,889,660,952,659,750,946,707,635,660,953,745,875,658,750,951,743,878,653,624,647,947,701,733,738,647,661,948,695,622,771,719,664,619,693,868,762,741,710,939,815,714,797,878,954,805,637,634,621,849
i'd like to speak to mr. smith please.
i'm looking for the post office.
1012,1284,667,981,1099,1025,1038,660,989,777,1077,999,611,1160,658,513,1028,988,774,1067,976,992,719,1114,956,594,999,1019,770,928,984,1159,1098,647,488,578,637,1123,1405,1037,1221,1002,983,1114,1076,1076,1036,1015,951,782,966,733,1073,721,975,758,922,647,981,1166,1091,581,760,980,1076,734,731,1016,704,646,1143
738,789,698,972,791,726,788,614,951,654,733,947,683,710,616,699,795,952,656,738,951,861,640,837,966,699,866,729,655,799,958,720,799,631,698,676,620,877,750,722,800,868,950,815,744,745,817,747,875,699,945,695,730,649,941,652,807,625,938,734,729,674,654,942,733,696,693,736,760,632,868
i've been here for two days.
1032,1295,771,661,990,829,648,647,956,983,916,644,712,648,978,742,1084,713,988,767,567,1084,995,670,519,886,602,1102
656,728,756,617,891,744,599,603,812,897,772,615,623,599,902,664,678,611,896,632,597,682,890,666,693,690,684,828
i hate car shopping.
1019,979,916,536,785,664,984,702,520,737,997,611,924,1082,1146,1130,1033,934,807,1142
702,916,770,696,646,603,920,711,691,631,911,671,771,695,681,688,679,821,686,836
do you have an appointment.
667,1122,979,894,1097,959,967,919,477,732,610,965,461,929,980,464,1160,1155,1074,1001,919,729,959,608,924,730,1114
698,693,915,710,695,712,904,776,668,717,598,916,669,845,911,673,673,686,689,690,819,612,837,580,839,619,827
i'd like a map of the city.
who would you like to speak to.
996,1259,625,991,1092,1010,1028,598,987,444,980,978,444,1148,982,1075,689,978,729,907,599,969,657,1001,730,872,1110,1388,530,894,1066,946,520,1053,919,1082,624,954,860,1052,905,694,927,1045,970,985,595,945,719,1020,531,1172,570,422,1010,957,707,1081,1111
723,755,654,924,783,708,766,596,926,669,926,825,665,702,925,712,663,932,628,796,594,935,734,707,633,720,843,755,609,770,719,940,600,715,721,797,650,945,736,724,734,667,937,783,718,779,600,941,627,728,676,657,601,695,738,915,636,670,797
like i make my hair all nice before i get it cut.
mean spirited chants and songs are also endemic in british soccer.
1074,993,1014,609,971,999,969,978,468,609,976,979,887,926,910,922,444,1010,683,963,455,1096,1099,977,925,1014,662,610,975,799,618,731,1067,685,601,965,999,976,768,610,764,961,1002,737,958,660,924,748,1117,1396,986,619,465,940,968,563,1144,1016,685,1018,751,617,647,963,677,888,488,911,762,565,950,451,931,623,951,549,1045,906,746,546,946,469,691,608,941,474,1060,555,1033,940,606,898,642,617,958,974,666,945,974,888,944,818,703,964,767,964,577,864,937,564,1086,683,674,625,700,1138
760,703,744,622,913,696,903,818,704,634,909,821,714,904,781,792,697,699,641,938,701,759,761,936,848,707,747,634,937,791,632,699,714,637,611,944,714,934,695,618,648,931,695,636,939,759,710,647,834,747,893,627,712,878,941,688,716,704,634,699,647,613,709,929,776,794,711,858,654,683,943,723,852,670,915,682,690,837,685,684,918,716,640,636,918,718,760,692,688,915,627,824,711,629,848,703,798,911,696,838,919,768,654,695,655,697,714,795,927,678,712,760,754,641,646,848
he's a very good student.
no plans today, going back to sleep i guess.
883,1009,1240,561,954,480,965,731,608,693,848,938,768,1065,1063,642,962,556,753,916,638,610,911,746,1111,1373,911,1055,941,1142,1093,472,923,557,941,745,1075,624,457,858,1017,953,768,1044,970,900,758,941,824,485,691,1019,943,755,1054,971,566,1087,622,623,1148,987,996,976,775,939,613,557,565,1119
797,699,781,705,935,712,939,785,627,656,714,936,713,711,714,705,937,705,657,715,702,631,872,657,856,754,863,723,943,716,788,716,872,694,936,664,679,688,708,692,796,908,692,685,685,801,683,902,789,679,774,761,932,655,683,907,677,751,627,626,689,919,700,920,694,712,618,672,682,839
the whole day.
741,918,625,973,527,909,1075,1094,615,992,647,468,884,1122
657,770,640,919,621,759,691,762,622,915,695,697,710,837
what's your favorite movie.
525,899,459,744,1257,546,946,866,1086,935,680,955,701,462,737,1050,690,986,745,612,939,956,1055,732,982,619,1109
612,789,695,638,780,677,936,712,702,719,624,923,684,691,753,709,643,702,641,612,936,841,709,769,708,619,854
us planning to resume the military tribunals at guantanamo bay.
you will not regret going to see star trek.
956,558,972,1144,1081,441,924,924,1000,936,759,952,734,1062,949,688,600,555,930,969,611,929,735,876,608,923,951,985,1059,984,721,441,668,846,889,718,670,964,805,895,879,450,1039,547,924,459,738,926,756,894,441,885,731,433,890,441,934,1032,923,798,460,842,1094,1328,852,1047,904,917,502,979,1071,1065,935,900,1029,720,930,669,588,755,674,590,729,930,755,1038,962,885,749,926,736,1027,927,541,602,604,935,529,743,458,679,931,720,668,580,975,1083
721,672,925,704,780,690,844,847,708,845,692,938,646,705,936,644,616,690,724,854,621,980,653,781,623,952,857,719,777,714,645,698,635,728,952,641,633,725,777,730,870,702,779,682,947,712,640,944,712,718,710,862,640,695,868,719,876,703,950,769,698,732,865,731,721,711,699,915,607,675,764,777,939,872,716,621,941,622,606,677,622,609,631,942,687,711,703,836,675,931,636,709,928,675,617,619,945,684,648,693,631,941,645,629,606,789,844
what's your name.
503,942,422,730,1319,504,971,877,1099,941,664,922,901,445,986,604,1111
607,765,690,641,784,634,926,714,692,716,629,956,863,685,883,626,869
i'm still bitter about this.
those men are speaking english.
1007,1263,975,950,537,735,993,1074,1077,956,792,988,741,741,607,680,958,440,818,1052,933,745,948,742,877,996,556,1101,1355,742,873,1050,553,615,946,951,609,901,941,466,683,609,949,553,1125,598,456,1001,988,926,738,954,593,918,744,1063,988,541,881,1100
719,788,885,945,681,657,719,796,807,947,756,724,664,660,620,646,948,702,785,738,733,668,951,677,805,719,700,858,774,671,815,736,712,633,955,869,656,903,953,714,659,638,946,691,724,634,711,807,731,867,701,945,635,865,704,802,734,692,825,856
he's not in right now.
893,587,1250,547,934,911,1035,739,926,957,881,935,668,963,755,854,728,934,868,1030,519,1084
834,636,798,709,956,869,746,673,957,729,872,942,650,715,722,807,674,945,868,725,633,865
i was going to the library.
982,947,525,444,540,945,752,1031,973,887,742,933,730,1028,934,726,851,587,930,1023,947,789,675,442,671,820,1065
729,954,645,709,677,947,710,717,710,857,704,945,657,715,950,663,807,627,941,784,715,770,658,703,653,744,878
the cast was awesome so it was well worth it.
730,885,603,951,663,467,559,743,947,516,436,550,961,471,542,608,565,1042,944,621,946,552,1047,951,970,733,949,530,429,529,959,501,595,1067,1058,947,519,1035,687,740,868,932,979,739,1100
677,793,631,952,766,724,700,666,951,634,710,708,944,715,642,631,707,736,860,629,954,689,731,951,742,663,952,637,726,690,954,630,626,789,795,953,635,741,662,664,818,961,733,663,863
i chose the camera for the  video feature.
986,961,656,880,1039,554,620,954,738,863,610,948,682,473,977,624,694,472,968,718,1074,703,977,739,905,611,973,986,748,1011,640,622,1075,954,713,610,457,732,933,678,596,1110
749,962,756,817,751,691,654,966,671,832,646,962,785,722,881,653,656,712,964,731,737,672,943,676,791,640,936,942,780,716,713,657,727,955,730,631,716,663,741,661,634,865
the river is a perpetual enjoyment, always something going on.
booz allen hamilton.
756,892,613,960,685,994,731,611,683,957,993,539,963,462,972,1140,607,669,1139,595,734,929,439,1062,957,597,917,937,1049,845,975,598,900,738,1023,941,429,1080,520,443,871,527,926,524,1042,948,572,709,865,994,900,749,935,744,1033,972,883,747,925,1026,882,1083,1354,804,1058,1066,500,940,463,1079,1081,595,911,937,880,463,963,986,1076,743,1043,904,1097
678,819,639,950,663,720,770,641,656,952,732,684,944,716,940,725,639,652,730,636,670,761,711,800,954,637,870,822,736,734,876,645,884,660,875,956,712,780,633,718,721,679,950,659,711,844,629,644,779,697,838,697,926,695,699,706,844,688,936,708,848,845,736,777,714,712,762,949,714,789,781,628,866,934,793,712,865,708,797,659,712,846,844
i was just told that nike layoffs started today.
1013,967,520,469,546,968,947,942,534,738,962,736,1058,1077,614,964,729,463,732,955,892,937,1008,1022,605,977,1104,453,879,1084,690,689,535,978,542,730,460,692,745,599,627,982,740,1074,621,437,890,1119
712,939,617,708,676,935,794,727,658,649,939,656,720,799,692,936,641,720,652,938,879,877,712,776,639,929,787,704,713,709,693,679,682,936,689,635,701,645,654,616,699,938,662,740,667,701,739,838
can't sleep. my tooth is aching.
678,484,934,1303,751,967,565,1107,624,624,1177,1132,958,983,883,930,751,1059,1063,744,886,962,989,548,963,458,663,875,992,910,760,1111
771,722,873,774,673,939,707,773,650,637,697,827,907,848,730,922,667,696,690,673,764,916,690,707,917,714,797,768,693,836,703,857
house correspondents dinner was last nigh
naive bayes using em for text classification.
907,1073,946,542,598,965,659,1063,675,668,595,532,1136,1059,914,620,600,912,731,536,967,626,994,909,907,593,663,967,512,434,530,974,1095,455,530,717,969,910,992,756,878,1367,909,450,994,716,601,964,789,421,848,593,532,945,931,529,965,899,750,928,590,975,961,678,1054,652,953,712,578,558,714,949,644,1070,423,523,530,976,666,979,623,423,704,984,1047,888,1094
787,723,724,693,621,939,771,703,653,655,628,680,716,710,854,691,636,866,660,692,935,695,711,852,864,635,644,938,631,703,675,908,768,712,678,650,924,858,709,701,797,762,852,709,702,749,634,944,789,706,728,633,672,962,718,685,730,861,698,941,626,861,934,698,715,645,932,659,617,775,658,942,789,790,717,693,689,726,700,727,766,715,651,719,731,867,859
contracts with utilities will be signed starting next month, he said.
they are here erecting a fine stone edifice for an episcopal church.
664,1056,918,732,664,433,646,733,534,926,521,971,730,867,932,912,748,977,1055,975,742,979,604,536,932,520,979,1063,1061,941,798,605,948,542,979,756,896,588,618,941,532,744,436,676,740,964,884,748,943,959,572,553,727,941,980,1067,920,715,880,1026,960,881,575,948,527,436,979,606,1102,1346,722,886,586,861,921,446,680,592,952,888,587,661,586,950,591,657,588,638,729,982,905,734,952,442,947,678,965,898,584,925,521,733,1024,873,576,933,585,607,949,662,949,631,577,941,684,1030,651,946,414,893,957,563,1125,956,500,632,1010,1106,395,1044,936,618,842,886,643,638,841,1074
761,758,889,666,660,705,783,679,692,960,635,731,662,814,951,736,664,728,780,730,667,717,634,702,951,638,719,790,795,947,788,636,945,694,722,708,865,621,701,953,696,655,702,640,659,737,873,699,947,875,617,783,653,961,865,728,878,649,803,864,940,817,617,951,691,716,718,668,861,741,650,790,620,718,936,709,653,624,943,796,629,645,620,945,626,640,615,765,655,712,853,701,945,706,942,698,714,861,635,950,692,657,717,851,621,934,628,675,715,688,718,738,627,944,696,713,645,924,698,871,928,618,704,723,660,752,743,714,712,795,944,761,806,735,646,789,823,864
just had mcdonalds for dinner.
925,916,521,713,933,863,441,619,950,957,634,617,1032,904,431,1053,597,520,937,673,1025,634,950,607,968,895,902,572,640,1095
807,751,703,657,952,816,711,694,946,885,785,716,731,886,709,809,704,692,966,713,740,639,949,693,732,875,879,628,639,866
does that old notion that defense wins championships still hold up these days.
617,1045,587,525,963,720,876,450,717,946,1043,1059,617,943,890,1043,731,966,1048,887,930,734,857,438,731,939,608,593,686,584,894,516,582,958,505,967,896,529,928,644,846,424,935,1116,959,1059,881,526,836,981,1127,524,910,535,724,949,1040,1045,905,818,1002,1044,607,877,870,1117,928,700,833,578,512,577,919,600,425,868,536,1094
686,718,638,688,930,661,783,708,664,938,711,769,687,938,857,716,661,713,709,847,935,659,796,710,663,937,710,648,697,630,882,698,640,938,638,716,854,693,940,770,800,705,864,715,709,708,847,684,794,702,707,682,949,685,650,715,781,781,940,789,711,790,681,929,731,697,961,639,791,613,699,616,953,666,697,653,681,837
who wins.
i'll come back later.
531,854,1025,921,506,949,874,513,1089,1339,961,1212,1062,1054,926,618,1023,941,565,930,764,420,629,989,923,1062,409,711,558,626,1097
636,770,703,919,623,695,847,681,858,756,695,776,790,797,945,739,713,832,635,939,765,705,790,775,943,774,699,656,617,626,867
