in other words, the rejection was a bureaucratic, procedural decision.
where is there an atm.
1116,1013,1033,1203,826,917,728,814,1066,663,1189,788,750,685,1175,1049,843,943,748,1062,802,718,1082,726,790,857,1122,1223,1038,1071,662,598,690,1066,609,1064,900,1081,786,713,587,1079,799,820,602,849,1127,813,1173,1076,1289,792,1210,817,725,771,1071,790,583,1211,1056,764,727,813,1140,694,1127,1208,1028,1244,1521,643,939,746,808,733,1070,1160,704,1069,850,960,745,808,732,1077,609,1058,1073,609,843,1147,1274
471,620,740,447,523,594,482,512,730,523,483,519,589,583,675,729,519,602,482,732,506,461,590,471,666,512,484,458,642,751,490,582,564,748,587,746,652,516,496,454,562,537,665,501,571,510,498,695,714,766,447,500,463,663,474,566,509,499,565,528,754,568,484,667,486,539,492,463,647,634,524,477,586,464,504,463,733,469,549,744,504,584,462,501,464,748,581,668,757,577,512,664,688
google is always a good place to look.
886,1212,1217,877,1245,741,1024,1158,702,1064,609,1244,677,608,923,681,1068,612,1077,872,1216,1226,762,1066,1370,1249,613,816,744,1082,838,1236,1051,1236,1240,1240,1158,1252
576,462,469,574,524,482,767,476,545,747,571,510,498,578,530,550,749,572,747,574,479,479,559,743,405,552,583,661,501,736,510,448,758,546,465,467,571,685
i need another key.
1182,1067,1077,728,728,764,1070,609,1062,1216,849,938,749,812,1091,1176,753,945,1269
469,753,643,483,493,570,733,579,678,476,514,584,483,513,726,557,484,532,688
do you like it here.
791,1233,1079,922,1235,1117,1093,1243,1168,1166,754,1078,1157,1084,1066,931,758,828,753,1264
582,462,720,523,460,496,704,556,486,563,468,746,478,736,734,583,470,510,466,729
it's august twentieth fifth.
can you speak louder please.
1192,866,1458,688,1098,594,1129,900,1131,701,867,1091,868,660,752,1096,863,1152,738,885,960,1101,847,1153,860,907,975,1273,1541,823,649,1087,1098,947,1270,1117,1087,723,1298,771,628,1170,1102,1259,1238,1109,781,753,836,1098,1360,1265,752,621,722,772,1302
489,519,558,586,728,571,513,581,520,565,514,738,518,488,472,673,518,516,460,513,582,750,572,528,560,524,612,712,563,687,590,679,756,540,453,527,721,567,482,493,571,580,733,556,475,497,572,505,519,755,459,570,504,585,594,510,744
when are you moving.
674,985,752,1083,1086,626,816,749,1104,921,1225,1112,1085,1128,1235,893,1155,1060,917,1286
512,620,483,664,751,595,531,474,745,538,491,537,734,655,485,671,511,654,598,715
he's not in right now.
949,734,1526,702,1111,1090,1248,870,1118,1155,1125,1106,815,1182,896,964,884,1107,1082,1239,673,1298
586,477,570,571,726,663,492,537,741,522,645,770,524,498,586,614,529,769,706,490,508,684
i have heard lots of women simply rave about him.
1186,1065,893,594,889,751,1063,913,749,588,807,769,1098,1276,1249,862,668,1103,1247,827,1099,670,1245,1138,730,1069,1091,676,1160,1111,1322,1228,922,1100,791,592,873,749,1099,600,930,1230,1098,871,1097,955,1159,1101,1281
473,755,580,538,632,479,757,579,460,548,498,539,746,524,472,518,544,737,473,564,744,483,465,639,467,697,766,567,486,653,435,569,529,752,503,556,622,484,759,561,649,482,527,518,748,599,488,660,785
the slide out screen scares me.
845,954,744,1099,697,1286,1216,782,748,1104,1261,1139,876,1091,685,832,846,753,750,1104,1097,719,817,640,827,749,715,1095,1133,753,1271
501,581,456,745,557,520,484,564,492,747,472,503,517,738,565,641,512,475,487,683,764,573,641,582,505,475,585,762,666,500,747
i love lebron.
1243,1116,1318,1299,891,773,1131,1308,757,940,832,1301,1099,1270
462,747,521,459,656,525,731,520,505,654,522,463,646,690
at fifth street.
619,861,1109,823,1223,825,858,948,1120,708,884,806,738,741,862,1342
581,525,751,576,478,578,516,593,752,569,526,500,476,483,510,683
at gwt fireside chat.
617,881,1127,917,682,888,1129,839,1225,813,744,705,1227,780,733,1129,814,967,639,905,1282
582,528,732,592,494,519,734,594,494,509,485,569,493,580,485,744,682,617,592,541,737
but though he listened he was not convinced.
malcolm gladwell might be my new man crush.
902,1117,915,1083,892,985,1247,1119,876,948,1091,949,767,1094,1252,1167,704,881,752,1087,752,778,1105,969,759,1103,665,613,703,1097,1078,1228,865,1099,821,1245,1088,870,1154,1077,809,753,791,1257,1569,1161,608,1287,800,1266,1288,1155,1092,902,1274,613,783,680,756,1273,1267,1104,1142,1184,885,963,885,1102,948,750,1104,1136,941,1101,1072,738,654,1092,1144,600,1082,1090,817,838,1093,720,955,1272
718,540,548,752,557,625,481,516,610,635,741,629,500,751,531,499,588,539,491,678,504,587,762,610,472,766,498,596,588,770,690,482,524,754,671,476,683,699,517,661,705,496,589,679,544,634,577,540,647,457,526,652,748,597,539,577,577,503,488,548,560,744,640,479,601,622,529,753,682,486,754,656,530,759,697,491,495,741,690,563,722,776,649,505,533,566,580,747
recovering from surgery.
795,726,797,1229,874,725,786,1175,1084,901,1089,821,798,1219,1121,1097,688,1089,797,889,756,810,945,1190
525,502,695,483,685,492,507,508,654,599,761,589,511,487,665,755,571,535,516,584,479,519,543,757
right there.
do you want to come with me.
788,1187,892,969,892,1100,867,971,756,808,744,1291,1530,793,1265,1090,939,1243,1118,1096,667,601,1087,891,1053,870,1207,1049,838,1220,1137,748,1096,678,1159,853,952,1090,1143,752,1244
519,498,586,620,531,759,526,603,473,513,476,738,563,590,497,753,550,498,524,736,502,581,699,531,762,527,477,768,653,446,645,497,747,512,501,524,602,757,685,493,694
i think those shoes are very good looking.
1194,1092,849,921,1197,1090,1173,1102,870,949,1237,693,748,1105,700,949,1230,745,693,1105,603,820,733,1121,922,753,831,971,1090,924,1236,1237,798,1100,1252,1241,1246,1181,1161,1065,890,1253
481,756,526,583,485,671,580,752,525,598,486,589,487,749,587,604,502,488,582,744,608,525,478,750,691,481,506,539,762,617,484,492,567,765,562,482,483,570,500,660,596,734
they call every number.
847,957,751,959,1098,840,638,1274,1278,1089,759,923,741,825,976,1087,1119,1091,1195,927,739,813,1293
517,607,477,542,749,685,607,550,554,745,487,678,485,505,523,761,495,694,732,703,481,505,699
who's that man over there.
672,958,1261,1501,709,1088,871,981,629,897,1101,1158,622,1096,1097,881,1245,746,816,1103,869,982,737,811,735,1290
502,591,467,554,597,738,526,617,584,536,751,657,596,703,770,673,475,499,515,756,519,607,486,513,483,726
everything is fine.
we will assume you mean a nasa astronaut.
724,894,729,793,952,887,980,1184,1092,922,1122,1184,707,1064,863,1157,1061,747,1276,1534,671,753,1099,667,1155,1260,1262,1057,595,693,694,1100,1141,734,1069,938,1224,1091,1083,1136,747,608,1065,1065,617,1080,1064,611,692,598,1058,610,691,895,807,1216,1060,610,1069,866,1308
488,688,486,505,539,513,622,498,642,600,760,492,577,776,583,501,673,501,735,560,521,493,764,504,450,503,520,746,598,592,608,489,639,520,732,557,467,531,722,661,510,597,696,752,597,748,664,603,579,598,764,606,586,538,517,479,675,596,518,527,703
the child was very sharp, and her memory was extremely retentive.
840,947,733,1084,814,982,1191,1269,784,1085,628,629,712,1085,897,748,828,961,1089,710,963,629,848,1325,1227,1072,623,1084,787,1098,966,746,810,1099,1136,732,1148,1240,811,941,680,611,716,1096,1078,745,766,877,817,734,1155,741,1226,903,1067,789,739,885,739,1091,870,1159,888,732,1269
526,602,487,743,693,636,468,504,601,737,620,622,607,742,694,485,511,535,736,571,607,600,535,446,645,733,597,667,574,744,618,497,516,748,657,491,650,474,530,538,519,615,618,761,750,494,632,515,500,483,695,489,576,521,742,503,479,524,460,689,511,493,691,480,753
i love the lakers.
1203,1085,1275,1274,876,739,1100,869,980,752,1097,1276,610,1190,745,805,682,1311
474,746,526,459,679,505,744,526,619,478,747,520,584,557,501,522,554,663
behaviours have changed and attitudes have changed.
939,753,951,608,882,1190,1255,1124,812,693,1074,954,619,911,767,1085,837,977,633,1092,896,757,790,1103,619,1091,791,1099,632,869,864,1151,865,1100,793,754,717,1072,993,648,889,768,1102,842,977,649,1111,898,781,806,1277
668,477,597,577,689,484,463,501,525,600,759,602,581,674,501,756,683,620,598,684,596,493,589,769,598,682,580,774,607,536,532,513,528,525,598,517,612,769,626,637,727,521,752,688,637,616,695,618,522,632,758
since it's probably impossible for a non russian to get into the cosmonaut corps.
i just created my first latex file from scratch.
720,1190,1091,837,775,1092,1179,886,1499,712,1108,1351,817,1273,925,625,955,1270,979,1106,1174,1143,1335,1250,718,713,1189,944,1255,778,1107,866,1246,831,1108,626,1107,1079,1239,1089,1101,822,1111,704,696,1162,615,1079,1092,867,1215,1105,927,758,882,1102,1159,1074,867,1222,1090,864,976,768,1061,831,1243,718,1120,1233,1079,604,1077,851,1063,812,1252,802,1325,696,1292,1507,1171,1090,1112,1097,694,881,1083,795,832,751,614,875,755,802,1086,1134,938,1090,856,1146,821,700,899,1083,1233,611,881,751,767,1090,846,1161,1245,749,1103,847,828,1219,1129,1056,693,813,839,598,877,843,978,1278
600,491,660,737,530,783,511,566,575,626,752,486,554,491,724,612,719,572,572,764,518,692,486,501,601,603,511,699,569,518,773,627,495,549,770,617,790,703,494,699,794,544,544,626,613,515,628,717,797,540,509,776,640,513,545,789,528,693,544,511,790,531,605,486,771,712,458,602,689,480,709,608,544,541,780,690,476,530,474,599,694,551,517,758,614,526,599,554,759,701,540,534,612,555,507,607,767,686,561,759,626,522,540,616,560,770,539,613,554,500,725,762,601,506,527,527,756,606,539,495,677,777,606,707,545,610,549,733,629,741
check this video out.
820,976,758,819,1213,1096,860,971,1192,708,1099,906,1184,803,768,1250,1083,1252,1120,877,1310
683,630,515,760,568,757,545,636,500,585,759,719,497,628,528,483,768,503,521,545,761
official names are decided by committees of the international astronomical union.
fill it up, please.
1259,840,837,1205,828,1204,625,1289,1083,1085,611,1170,749,688,1083,605,798,725,1089,803,758,839,1179,782,722,778,1089,905,962,1098,858,1244,1146,1141,1165,885,887,762,752,708,1097,1231,862,1072,903,1002,753,1067,1145,1056,873,741,804,1079,628,863,1128,1208,1062,598,1227,1067,611,697,861,787,1221,1063,1204,1144,1138,815,620,1214,1062,1083,1067,1149,1228,1051,1272,1501,823,1175,1246,1242,1070,1157,856,1083,1097,1318,1215,1079,1313,1266,732,585,684,747,1237
479,634,624,494,718,500,630,537,761,679,621,685,533,597,770,627,542,505,771,663,538,716,515,623,513,622,766,720,572,776,748,496,684,672,533,564,561,525,525,597,781,512,647,785,573,670,513,780,509,676,555,508,535,718,616,550,534,500,686,602,568,782,620,608,541,524,513,713,500,715,524,709,636,601,787,562,705,513,497,717,746,578,618,518,572,592,776,521,556,774,542,473,718,768,445,580,540,620,626,553,755
played with an android google phone.
1333,1254,605,887,701,755,1080,655,1173,847,938,1081,592,1063,1057,587,1055,768,796,1213,1138,1056,1043,882,1195,1205,861,1230,1059,1079,1323,925,1240,1074,716,1272
456,583,633,557,519,654,761,553,504,543,621,772,617,702,780,628,731,618,562,508,525,793,799,632,513,512,628,578,788,758,469,641,486,712,527,731
he volunteered a modicum of advice, limited in quantity, but valuable.
956,757,1079,885,1250,1256,1085,1062,885,750,753,816,746,777,1069,625,1079,1128,1254,784,1166,821,1090,1140,1069,1258,843,1077,613,771,871,1152,826,745,1228,1060,1253,1171,1154,1172,858,720,769,1084,1144,1066,1141,610,1093,611,1075,853,1144,844,924,1214,1073,911,1080,920,1063,876,639,1225,1092,648,944,1219,771,1282
623,505,741,732,457,526,502,683,559,506,500,530,488,605,763,620,769,685,470,595,490,735,519,683,754,446,612,753,633,591,714,505,740,523,702,760,546,513,707,521,558,488,593,758,522,670,760,537,563,645,718,559,528,555,558,754,766,685,553,564,773,740,635,570,544,643,693,591,537,739
my mistake.
1147,937,1074,1149,1167,713,850,608,1160,746,1259
711,564,779,715,507,601,563,632,620,532,675
he also told me that he hates lebron james.
here's a case study on how to use viral marketing to add people to your list
954,745,1083,606,1271,700,1237,1089,871,1250,1271,770,1092,1122,744,1093,883,979,628,890,1090,964,744,1101,973,634,901,749,693,1087,1247,743,951,831,1239,1079,1099,1108,627,1135,744,689,1324,1535,979,773,836,760,1389,712,1116,617,1051,822,648,719,764,1115,699,873,1131,798,963,1090,1253,1073,1112,986,1239,686,1101,904,1244,1092,1118,712,770,1083,900,1174,854,636,1257,1088,1141,642,836,1183,768,896,1141,915,1110,1083,874,1235,1065,634,805,806,1068,1341,756,1249,1338,1274,759,1082,886,1073,1046,884,1229,1093,786,1067,1233,1160,677,851
629,505,774,622,549,606,506,770,558,492,565,606,767,697,506,779,543,636,614,555,790,636,512,789,636,622,566,512,608,765,584,524,701,545,515,725,802,645,633,716,528,603,736,583,641,528,563,532,577,617,764,638,813,713,663,637,560,771,636,573,549,652,585,777,477,710,790,646,492,540,778,565,492,774,533,645,548,772,720,528,568,629,586,775,726,637,561,623,528,568,559,633,791,800,562,486,800,627,596,607,798,481,533,497,488,591,541,788,564,783,730,553,468,542,533,753,522,484,617,546
can you carry this for me.
827,608,1084,1084,920,1246,1108,1067,798,617,815,805,931,1079,841,972,1162,709,1077,867,1244,834,1098,1136,747,1275
690,610,695,765,546,462,524,798,628,613,527,521,539,762,523,603,491,580,764,601,464,535,749,677,500,765
we like it very much.
653,734,1077,1278,1197,1182,735,1083,1172,865,1081,878,734,808,954,1077,1151,1113,839,980,1263
516,495,743,500,466,559,502,736,482,532,751,727,500,526,540,755,693,516,745,638,762
it's a bank holiday, yet i'm only out of work now.
1213,891,1518,690,1089,608,1100,942,636,1085,1191,1093,937,1272,1271,1192,772,631,918,1243,1097,916,750,890,1117,1199,1533,1198,1115,1306,1084,1295,919,1111,1276,1108,865,1084,1274,851,1078,679,1265,823,1207,1084,1071,1280,683,1302
457,546,544,603,748,601,759,678,606,693,570,753,607,471,569,514,600,611,549,738,790,548,498,540,782,503,562,693,775,478,694,551,550,773,493,540,545,786,466,604,786,532,479,549,608,788,717,477,543,760
i've seen it.
1182,1494,896,771,1103,712,757,749,1100,1086,1183,846,1334
515,558,738,540,780,616,536,532,699,780,495,553,727
he's a very good student.
974,743,1476,694,1090,604,1104,893,750,827,980,1090,916,1257,1256,796,1101,723,883,1098,808,758,1091,885,1283
634,510,563,623,776,618,772,705,528,539,555,782,661,499,509,609,775,635,543,557,631,533,728,562,741
i'm waiting for you.
1204,1519,1214,1099,685,622,1208,866,1175,1089,894,1104,839,1273,827,1115,956,1252,1114,1300
509,558,694,787,552,618,523,551,531,702,633,795,645,486,562,785,582,496,558,703
how lucky are they
sarkozy has attempted to tone down his image, becoming more discreet about his private life.
970,1285,693,1103,1276,1112,845,1180,983,1100,645,852,771,1107,898,1001,799,983,1647,719,632,832,1225,1282,694,937,1100,978,642,728,1114,652,887,891,760,1179,1359,890,751,782,892,1269,1117,901,1282,1099,772,1120,803,1256,714,1086,1110,1107,969,1185,740,1101,1180,1172,657,922,794,1271,1112,954,792,853,1274,1169,1177,1082,925,1100,1164,1279,835,752,1104,814,1192,745,852,865,765,761,904,1134,642,948,1262,1150,914,1122,999,1189,726,1112,1371,858,1209,900,671,763,1103,1098,1268,1181,861,768,1316
633,478,538,775,578,524,712,588,578,786,625,562,518,786,555,634,519,554,582,625,630,556,578,483,713,567,753,655,618,618,758,618,562,556,515,692,473,551,507,608,551,488,749,559,468,676,516,769,637,489,559,707,776,777,639,506,635,787,520,729,626,636,540,718,771,724,522,713,498,701,523,678,637,801,729,492,550,506,776,590,511,608,723,548,525,503,548,747,623,730,505,540,560,768,630,517,607,766,470,546,509,732,635,506,774,744,543,525,616,529,721
would you like to rent a movie.
698,1278,1148,1288,817,1090,962,1272,1123,1099,1268,1187,1193,760,1072,907,1246,1070,816,758,1083,885,1096,631,1094,1152,1259,907,1175,786,1299
544,487,524,578,629,772,569,501,534,751,567,505,602,521,784,563,488,784,539,515,721,551,796,612,796,714,495,720,526,539,777
but cain was already too far gone to heed the warning voice.
974,1127,949,1085,866,659,1197,1093,1137,709,649,747,1110,619,1281,837,759,632,795,954,1099,941,1280,1279,1084,864,640,852,1080,956,1257,1090,768,1084,883,1253,1084,973,758,764,804,1099,904,1002,775,1101,702,647,847,1109,1176,1102,922,1090,932,1240,1184,857,790,1360
733,544,575,783,744,637,518,696,786,562,634,633,793,628,578,563,532,632,616,569,783,567,479,485,788,645,635,550,785,654,493,682,534,767,551,472,769,633,512,525,607,777,558,652,523,780,545,628,551,732,532,716,631,803,729,513,522,758,539,709
he found his unionized warehouse job after a stint working for his father, an accountant.
902,706,1078,791,1239,1129,1097,730,1069,877,1157,674,1070,1093,1059,1146,1247,1062,1149,640,711,731,1073,656,583,785,706,902,1218,1106,663,723,1063,1095,1219,866,1073,606,816,868,713,780,1031,579,1043,662,821,1122,1033,820,1041,650,1173,772,1132,1105,1019,845,1032,799,1182,785,1041,912,1108,674,1032,819,590,860,938,731,795,1165,1049,593,1037,752,1045,605,786,789,1166,1062,1038,597,1042,836,1301
565,444,723,564,430,470,670,561,728,573,481,562,728,483,653,469,437,638,473,641,464,545,737,499,567,492,482,595,465,496,591,504,738,600,475,666,732,580,586,523,485,500,746,561,748,555,507,492,663,517,762,497,494,504,584,502,660,581,762,583,469,506,752,587,505,577,759,577,571,516,597,472,500,704,757,574,694,566,783,579,643,647,520,497,671,579,674,519,649
is twitter's connections api broken.
1173,675,1081,847,669,1163,840,847,722,790,1491,670,1084,782,1254,1059,1062,738,788,855,1217,1042,1110,696,1078,621,1303,1173,1099,923,818,1269,1178,749,1057,1253
482,565,764,530,496,511,524,527,486,514,570,612,765,676,495,682,690,511,704,536,501,713,691,592,780,594,480,502,762,680,533,430,583,502,693,682
can you hold this for me.
need suggestions for a good ir filter for my canon.
810,626,1119,1125,917,1265,1140,1129,925,1278,1289,794,1106,841,945,1198,698,1106,844,1247,821,1116,1139,742,1281,1509,1092,749,746,779,1099,717,1118,885,889,757,706,866,1223,1292,1110,694,1114,832,1261,810,1119,587,1103,892,1250,1247,775,1103,1172,812,1098,839,1171,1255,871,738,807,1102,834,1279,814,1109,1144,941,1107,815,626,1085,1231,1084,1272
692,584,663,750,526,444,478,703,598,455,549,580,732,523,601,489,614,744,596,482,519,747,651,492,695,555,692,500,502,593,718,597,522,596,591,494,579,537,429,430,653,553,745,582,484,522,747,575,756,588,490,495,566,766,506,521,776,606,506,568,530,484,520,769,600,475,519,754,680,538,768,687,598,707,508,693,691
google wave developer sandbox account request.
801,1229,1229,797,1257,687,1092,615,543,790,700,1087,720,704,806,704,1224,1232,1308,697,753,1070,647,574,1054,730,871,1187,692,1059,564,746,749,1215,1084,1087,820,1065,740,679,587,1081,693,644,803,1254
429,358,359,465,418,378,631,398,478,546,390,637,491,419,590,404,465,378,396,404,406,650,485,501,602,473,569,405,586,674,500,523,535,381,409,615,421,666,404,390,396,448,394,491,430,646
still prefer my iphone.
648,806,1180,1274,1270,1087,1318,746,677,763,681,747,1088,1125,864,1085,1160,1311,882,1224,1061,695,1303
481,427,397,449,464,656,392,430,395,494,407,428,662,577,436,666,404,379,484,396,599,406,651
where did it happen.
617,901,691,752,682,1088,721,1185,715,1080,1180,808,1073,876,541,1286,1280,699,1077,1246
417,506,384,413,381,674,465,423,483,691,422,434,684,506,486,426,432,404,590,608
please take off your shoes.
1345,1278,689,544,641,697,1084,807,545,1185,684,1090,1240,783,786,1102,886,1230,1113,771,1078,644,917,1237,706,646,1274
386,508,409,493,506,424,690,441,498,486,412,680,416,504,496,676,455,420,460,424,695,486,536,410,423,501,650
can you speak louder please.
767,577,1082,1078,889,1243,1104,1078,648,1324,697,560,1181,1082,1270,1254,1109,731,711,772,1074,1350,1247,699,577,650,710,1254
627,513,609,689,449,402,464,681,505,397,425,512,507,690,481,402,441,511,453,436,693,393,509,432,520,520,434,653
he also told me that he hates lebron james.
929,705,1090,586,1284,664,1295,1042,829,1232,1251,744,1069,1124,719,1070,828,928,586,834,1069,931,707,1068,898,577,833,706,663,1080,1260,705,897,809,1268,1085,1107,1137,609,1160,716,682,1324
520,399,693,518,499,527,397,712,448,406,487,525,694,616,444,698,458,542,525,460,705,551,408,730,520,508,446,409,519,730,497,414,589,451,427,626,718,559,530,631,417,515,665
it's there.
i'd like to buy a bottle of water, please.
1219,836,1472,654,1120,900,918,720,784,719,1309,1539,1203,1469,761,1080,1271,1184,1185,736,1091,859,1238,1087,917,1101,917,1065,596,1072,914,1244,1239,884,1244,753,1085,1284,846,1102,666,605,897,721,790,1227,1102,1363,1255,724,585,681,733,1285
444,465,523,543,708,502,511,410,443,407,661,540,466,519,560,731,535,471,555,460,719,472,481,727,611,505,479,736,532,735,608,445,459,474,536,429,730,397,527,700,465,534,467,424,448,713,720,431,551,445,529,546,454,680
they are here erecting a fine stone edifice for an episcopal church.
850,959,736,922,1096,609,809,731,1105,978,741,824,739,1108,740,822,738,821,890,1193,1098,918,1101,639,1105,863,1167,1096,776,1106,719,886,1241,1094,760,1103,766,793,1182,862,1186,841,789,1100,885,1319,828,1139,625,1119,1129,748,1339,1210,726,807,1283,1378,626,1272,1121,804,972,1140,813,818,948,1260
453,555,417,463,724,541,448,431,713,570,423,452,415,714,448,466,431,624,478,436,632,548,738,541,737,544,486,648,458,754,545,482,476,675,454,753,453,551,487,568,495,654,466,759,563,400,458,721,539,664,738,443,451,465,578,637,412,405,548,542,744,640,575,490,459,626,545,674
glad i didn't do bay to breakers today.
930,1303,644,798,1122,1205,1120,795,1191,788,1095,1469,892,1124,793,1290,1124,934,645,956,1122,876,1358,1110,947,849,770,656,1220,764,835,721,1122,913,1286,804,660,949,1325
551,495,538,543,726,455,733,555,476,533,665,554,485,723,544,461,719,635,545,498,743,484,363,719,641,473,453,546,534,452,467,560,740,481,455,533,537,486,669
but cain was already too far gone to heed the warning voice.
962,1144,919,1101,849,655,1208,1083,1127,701,639,726,1121,646,1285,820,752,630,787,955,1121,896,1262,1260,1118,865,658,829,1122,952,1279,1089,762,1133,890,1311,1120,964,788,786,828,1128,907,1002,788,1126,709,646,857,1124,1196,1107,927,1124,911,1279,1208,794,777,1358
644,483,485,741,630,550,475,638,742,478,556,543,747,556,539,468,452,560,541,497,737,482,471,476,733,572,571,468,741,582,459,661,444,745,478,389,735,570,442,451,550,737,497,574,445,743,481,561,478,656,481,657,565,762,652,471,500,674,483,710
how's business.
do you have a swimming pool.
994,1292,709,1539,744,1142,965,1160,749,1222,1105,779,730,731,1341,1521,832,1284,1128,959,1273,1133,1119,989,631,961,799,1114,650,1116,735,705,1193,1161,1168,1183,1096,924,1122,1339,1256,1248,1278,1288
567,466,481,550,583,729,657,500,555,472,655,474,559,563,646,559,571,483,735,508,464,499,730,575,561,637,456,742,568,751,581,502,473,662,683,499,683,560,762,484,491,497,565,751
like i make my hair all nice before i get it cut.
is your husband also from boston.
1293,1208,1214,779,1104,1203,1118,1145,1197,771,773,1125,1160,980,1118,991,660,1200,858,1112,655,1285,1280,1117,1100,1191,842,803,1109,979,784,891,1301,845,773,1120,1203,1112,954,796,922,1198,921,1118,1080,843,1114,911,1259,1516,1190,734,1089,958,1246,1122,835,1089,990,1114,744,956,674,1100,824,1097,655,1269,749,1250,1079,874,843,1226,1142,1085,950,1226,773,915,1219,1062,1263
559,485,573,486,763,488,771,670,587,483,469,764,677,515,771,575,571,505,495,775,570,555,571,779,694,498,675,520,779,685,492,563,434,495,463,760,511,768,578,476,500,516,502,779,766,672,539,516,682,559,502,549,771,519,523,547,492,770,585,548,569,646,577,729,555,784,563,607,556,507,785,559,487,530,697,776,634,512,562,505,516,696,688
how can you not love obama. he makes jokes about himself.
need suggestions for a good ir filter for my canon.
974,1289,712,1118,842,661,1092,1114,968,1260,1130,1089,1114,1291,894,1001,1277,1237,885,761,1050,1240,928,637,1123,632,1295,1072,940,750,1082,1149,607,1198,736,694,1081,1123,1253,1181,730,682,1068,614,950,1226,1109,882,1071,965,1164,1150,703,751,1267,843,1320,1508,1092,747,748,791,1093,710,1131,893,893,754,708,874,1170,1277,1084,708,1082,851,1257,832,1107,619,1096,903,1263,1267,781,1087,1170,818,1083,849,1183,1262,894,753,820,1093,850,1256,820,1082,1143,941,1082,835,639,1077,1302,1102,1295
563,477,478,755,657,570,712,784,510,510,536,776,684,473,489,836,539,481,689,497,784,476,667,566,718,579,676,773,580,463,772,665,576,572,481,561,770,608,486,590,488,561,762,579,659,516,546,506,738,594,505,680,551,483,557,558,720,579,705,486,493,578,759,562,509,582,582,491,580,537,513,473,684,568,760,587,481,530,755,584,770,588,482,489,557,766,522,517,776,611,508,561,532,486,518,770,600,491,520,770,684,534,774,696,598,724,436,688,726
that looks great.
863,951,622,866,1102,1288,1274,1283,1202,725,1107,909,827,751,625,876,1289
502,582,579,509,783,555,477,474,571,597,763,585,513,509,598,524,669
i'm coming to pick you up.
nvidia names stanford's bill dally chief scientist.
1202,1505,1206,1113,811,1274,1173,1178,1084,887,1116,866,1260,1106,1348,1174,825,1185,1105,945,1253,1107,1083,1103,1333,1279,1559,1096,862,1174,796,1177,633,1092,1076,640,1167,747,697,1100,703,865,608,1083,841,1223,820,788,1502,710,1098,918,1173,1259,1253,1099,778,640,1261,1264,952,1100,826,983,1167,759,859,1114,707,823,759,753,1078,884,1148,714,893,1314
487,557,677,770,663,481,673,523,655,599,773,517,484,769,489,500,663,591,774,527,497,525,747,526,465,670,564,691,675,501,591,507,606,773,687,617,678,507,593,769,588,524,594,694,606,510,520,603,565,612,777,665,514,561,581,781,584,599,577,588,541,776,682,618,544,499,578,780,591,667,500,490,703,522,538,593,541,740
the cars are american.
how long have you been here.
849,962,731,1107,799,627,814,694,1109,620,809,724,1118,601,1152,722,798,1170,791,620,1080,1272,1519,968,1247,680,1104,1256,1248,1077,917,1101,961,633,895,760,1118,900,1223,1098,1084,934,763,751,1063,1079,924,745,808,743,1281
513,603,483,774,668,615,518,598,773,619,522,505,773,602,702,501,526,519,661,622,699,717,573,615,521,513,780,595,510,703,598,801,628,606,670,512,747,532,508,541,783,678,519,526,742,790,597,495,519,492,753
where are the t shirts.
652,961,746,810,741,1104,608,801,732,1101,859,957,766,1103,865,1102,690,948,1176,806,880,696,1286
498,598,474,506,475,766,592,513,495,774,507,588,484,777,508,780,567,589,527,505,517,581,737
how long are you going to stay in california.
955,1275,671,1103,1291,1259,1090,898,1103,621,814,732,1102,950,1240,1099,1073,948,1234,1144,1058,922,1088,912,1236,1079,696,887,613,911,1081,1135,1052,1096,821,633,1221,1153,853,1233,826,1068,1192,624,1308
589,485,495,761,551,482,681,583,784,598,512,481,787,539,523,534,771,608,490,530,693,600,783,537,489,783,586,531,585,524,789,525,687,801,675,598,599,541,582,503,508,712,456,599,710
are you going to take a plane or train.
632,816,730,1096,949,1257,1114,1085,938,1241,1130,1063,931,1084,907,1246,1068,891,611,1187,753,1083,631,1089,1327,1259,630,1076,750,1096,1228,823,1084,875,813,600,1144,1049,1281
598,511,484,765,541,466,538,751,621,474,544,691,622,774,540,479,775,541,577,587,488,771,602,772,482,580,621,697,494,783,500,518,775,524,505,593,529,667,762
it's delicious.
five things wolfram alpha does better.
1175,878,1480,683,1084,788,762,1267,1180,818,1170,1253,1095,706,1292,1560,852,1187,888,754,1090,878,987,1182,1092,922,723,1107,692,1272,1254,869,836,620,1163,1116,638,1255,1348,949,634,1107,792,1247,758,714,1107,931,760,929,922,758,831,1275
505,531,576,605,776,597,524,577,527,719,530,511,557,603,711,571,580,522,681,498,793,525,616,486,687,615,593,781,524,494,586,599,522,604,714,783,607,628,479,609,593,756,592,506,524,600,770,701,505,540,540,486,519,734
i am sick of scams out there.
since it's probably impossible for a non russian to get into the cosmonaut corps.
1209,1101,622,1165,1122,711,1205,819,1194,1113,1277,856,1121,708,815,647,1172,721,1115,1268,1137,900,1107,904,994,775,835,760,1310,1532,726,1216,1097,834,788,1112,1203,922,1478,727,1115,1349,838,1277,939,646,939,1276,974,1107,1188,1158,1319,1250,723,723,1187,933,1269,791,1090,873,1243,841,1085,639,1082,1072,1237,1071,1101,831,1091,708,714,1155,642,1070,1066,888,1302,1073,919,746,877,1077,1152,1047,877,1234,1074,880,978,758,1071,829,1221,738,1139,1245,1081,645,1082,886,1056,828,1215,850,1307,723,1307
493,777,599,671,764,579,505,668,599,771,485,599,765,585,646,618,706,594,764,502,539,539,758,542,623,497,524,497,696,561,628,514,690,715,545,772,500,553,580,606,769,502,536,491,718,616,677,581,559,776,511,694,523,513,597,598,528,688,580,513,748,634,491,541,757,606,775,692,485,684,780,522,543,619,612,510,617,704,792,527,434,751,606,496,519,778,505,681,522,501,778,529,609,495,792,694,503,605,735,501,683,602,539,527,793,682,514,513,508,580,734
guess i'll be retiring my g and start using my developer g
can't sleep. my tooth is aching.
926,1112,745,701,697,1106,1209,1541,1313,1311,1091,915,761,1102,822,741,898,1174,815,1165,1072,912,1080,1160,960,1092,939,1088,633,1068,793,1080,711,885,614,817,917,1080,1114,695,1155,1068,911,1088,1186,934,1069,804,767,923,772,1251,1235,1327,765,822,1082,931,1479,818,624,1075,1478,908,1089,702,1269,748,752,1324,1242,1084,1129,939,1079,905,1233,1222,881,964,1081,1141,703,1077,627,827,993,1143,1053,888,1270
600,525,486,575,587,768,481,506,607,614,774,693,512,787,520,500,533,540,513,535,707,613,806,721,551,791,640,803,607,751,597,815,585,528,604,521,531,806,568,596,550,705,615,780,722,528,781,611,531,679,500,582,515,514,511,519,801,601,561,674,605,727,599,544,793,596,612,502,512,526,741,800,732,543,821,536,527,550,526,584,817,550,592,830,612,704,617,561,733,611,754
nobody is really in charge, and decisions are made on whim and caprice.
1097,1279,968,1258,822,964,1103,1167,727,1103,837,766,624,1251,1269,928,1110,1167,1074,1101,833,964,636,845,904,769,1221,1097,645,1079,798,1099,805,783,826,1167,730,1152,1248,1067,721,1091,637,825,752,1090,1142,628,794,768,1082,1220,1062,1098,680,955,1150,1168,1096,639,1082,797,1092,807,642,1293,829,1162,826,756,1282
710,497,715,517,607,551,788,539,585,802,525,500,585,594,597,539,759,531,694,800,721,626,605,531,611,521,742,801,608,719,592,816,623,539,698,555,608,569,535,733,600,817,614,538,499,819,729,615,624,535,811,524,716,823,527,601,546,712,809,626,727,613,808,701,633,537,534,557,693,511,790
it's north of here.
1185,906,1402,708,1103,1096,1255,816,894,972,1111,1243,850,1109,974,758,826,759,1312
523,564,569,623,798,703,527,535,537,617,796,523,597,795,620,500,536,507,750
have you arrived.
954,638,911,769,1088,944,1262,1122,1091,610,833,826,1181,912,756,785,1278
622,593,678,508,772,545,490,556,769,606,539,532,522,701,493,605,771
i'm a size eight.
how much altogether.
1194,1501,1201,1103,609,1103,698,1227,688,771,1098,760,1175,884,979,898,1314,1472,954,1282,690,1098,1155,1126,830,966,1098,631,1271,887,1248,932,760,873,988,768,824,1352
494,562,709,780,598,793,599,464,698,539,822,531,534,617,639,545,732,596,626,465,523,771,646,520,722,623,793,613,572,543,513,626,495,527,618,499,527,703
that's not fair.
817,919,591,825,1478,652,1114,1077,1247,845,1099,821,602,1170,775,1310
521,582,585,517,573,575,774,721,506,522,794,589,599,521,525,762
i feel good.
1189,1089,815,718,719,1260,1114,895,1257,1250,767,1314
500,772,594,496,505,567,781,606,498,516,581,740
it's shorter than three miles.
1186,827,1466,663,1101,690,931,1253,807,889,729,797,1103,838,950,613,1093,1083,858,964,816,740,741,1087,1133,1179,1251,742,695,1332
489,522,576,617,769,590,591,491,534,543,504,517,769,523,599,581,715,796,523,608,508,481,487,790,721,529,573,492,586,691
sorry, we don't accept credit cards.
700,1285,821,807,938,1281,1083,671,745,1104,791,1275,1077,1454,900,1098,629,828,826,762,1331,902,1089,822,858,764,803,1188,898,1096,823,651,837,801,726,1262
563,472,526,526,539,684,789,514,484,779,594,491,708,579,535,789,599,668,663,500,512,536,795,695,526,499,619,541,526,805,693,608,525,585,596,739
you're welcome.
943,1281,1148,1479,840,759,1106,691,764,1295,824,1287,1166,759,1356
543,485,524,576,519,502,761,520,507,563,702,483,693,512,666
i was just told that nike layoffs started today.
1195,1095,689,611,711,1112,1122,1125,715,905,1080,906,1254,1274,806,1091,907,994,625,906,1087,1079,1176,1180,773,1069,1260,643,975,1241,875,879,738,1082,658,917,656,836,922,774,818,1063,923,1243,823,669,1000,1333
521,807,541,598,615,746,618,519,608,542,774,553,489,566,613,772,539,620,579,540,782,713,499,615,515,801,598,619,559,525,626,620,625,798,623,556,629,536,558,502,606,813,551,530,629,608,575,741
is eating  home made yema.
1209,727,1104,789,655,914,1212,1107,949,1111,1016,1272,1179,790,1104,1135,1172,641,1218,776,1127,971,783,1184,650,1333
527,605,784,524,601,546,531,714,624,795,643,514,715,519,798,784,731,617,636,524,801,568,510,731,618,729
does that old notion that defense wins championships still hold up these days.
820,1308,795,731,1123,924,999,678,903,1125,1311,1326,804,1121,1109,1290,904,1205,1280,1100,1122,880,979,616,890,1109,807,775,894,776,1123,721,771,1078,691,1162,1079,712,1095,823,975,646,1157,1328,1191,1272,1084,726,956,1203,1336,714,1100,716,901,1167,1267,1261,1101,953,1262,1257,804,1099,1119,1332,1097,910,996,773,715,773,1101,796,650,964,713,1346
616,494,554,619,792,560,637,623,557,795,505,569,588,784,694,511,545,547,520,714,814,534,602,602,538,791,584,524,603,496,711,602,524,775,531,532,707,613,802,700,618,605,731,523,523,516,708,599,604,467,464,584,787,607,540,535,583,603,791,615,497,600,595,797,547,522,769,532,610,491,606,508,790,603,606,553,601,777
i've been here for two days.
very good, thanks.
1227,1542,892,783,1122,989,787,783,1122,1118,988,771,838,768,1124,875,1280,852,1118,931,685,1256,1133,806,663,983,745,1310,1573,914,787,866,1000,1125,941,1276,1279,822,1218,1132,900,988,636,1099,1197,710,1309
486,542,691,516,768,699,506,521,701,789,610,501,525,496,779,610,498,531,784,544,505,507,771,600,597,555,599,751,573,713,520,528,555,784,636,505,511,600,728,716,530,604,600,723,586,596,710
are you afraid.
627,824,747,1103,946,1274,1126,1093,607,853,839,620,1173,784,1322
603,520,498,786,549,483,552,787,600,586,529,609,530,590,741
try to say it.
887,806,960,1117,868,1283,1122,692,626,961,1099,1174,880,1324
524,509,542,783,526,487,783,605,601,541,793,525,523,719
i got in an accident.
i'd like to make a reservation.
1217,1107,919,1277,905,1121,1187,1078,1141,627,1087,1141,624,820,835,1191,798,760,1091,888,1284,1498,1202,1528,778,1116,1278,1184,1197,753,1107,904,1237,1108,1138,626,1187,757,1097,615,1109,813,739,700,753,829,885,629,889,1213,1301,1099,1275
484,786,612,484,537,778,523,688,792,603,707,805,603,635,656,519,613,519,712,545,739,573,531,563,591,791,589,531,623,530,799,549,530,796,689,612,612,518,765,612,777,530,503,593,521,526,677,612,540,501,497,695,730
i'm not american.
1195,1484,1193,1118,1095,1278,861,1115,601,1160,741,804,1178,808,613,1091,1329
502,558,694,789,719,496,527,800,610,699,506,527,544,708,630,718,733
these buildings were grand and stylized with intricate details and a bit of an imposing presence.
864,974,748,704,755,1104,938,1123,1187,1274,799,1182,1071,916,727,1098,687,769,828,752,1103,945,840,627,1092,808,1092,652,1090,795,1086,707,919,1000,1251,1175,691,768,812,1094,708,1173,904,994,1103,1172,1072,907,823,1172,839,653,904,760,1107,797,768,891,632,1169,1257,721,1107,645,1095,798,1111,648,1116,940,1173,937,1104,1228,880,1114,655,1083,1111,1166,1145,1327,1240,734,1167,1085,922,1118,1318,881,748,716,750,1114,832,758,1352
528,614,491,597,494,793,675,555,501,563,598,525,695,604,592,812,511,502,526,505,806,626,536,603,741,597,814,633,746,586,824,591,530,566,613,551,707,508,617,820,535,553,543,622,817,553,741,546,521,548,723,618,548,490,787,599,528,540,602,546,588,601,793,620,713,590,796,618,802,687,540,543,807,530,623,793,619,729,802,557,726,519,541,587,558,692,597,803,531,527,503,608,508,719,661,504,725
such an inclined passage following a seam of coal is known as a slope.
can you translate this for me.
720,1136,834,1001,1109,657,1094,1125,1199,1093,846,1277,1185,1094,772,810,1099,1346,634,727,723,647,952,784,1110,866,1274,1286,1282,1266,693,1153,1080,913,1098,647,1103,728,779,634,1182,1115,1274,852,1109,824,1257,655,1268,1118,1203,730,1117,1193,1077,1251,683,1077,1116,626,718,1113,635,1114,715,1255,1270,1343,765,1310,1516,841,654,1094,1109,953,1270,1133,1101,913,846,639,1097,733,1252,656,897,765,1098,898,990,1181,741,1102,900,1244,860,1118,1149,785,1270
612,531,670,621,784,617,731,793,495,700,691,545,521,692,531,629,810,507,624,612,608,637,604,514,796,617,512,590,615,523,524,528,714,614,791,621,793,611,527,626,705,783,489,603,795,675,509,650,615,795,520,608,808,608,734,517,526,726,819,618,606,815,622,823,607,631,512,514,500,809,591,689,632,731,814,560,497,577,807,553,532,617,759,623,609,636,557,507,823,554,633,542,606,818,615,526,547,805,712,533,742
would you like to watch tv.
688,1268,1143,1266,804,1100,955,1252,1125,1115,1274,1197,1197,790,1110,934,1265,1095,721,657,900,851,1000,1091,931,938,1269
524,501,535,603,615,775,558,514,562,769,582,504,605,510,779,546,512,788,543,627,554,672,621,786,561,732,746
i love lebron.
1232,1125,1322,1310,899,788,1140,1305,790,967,871,1281,1113,1294
487,785,573,490,734,538,780,585,542,714,557,521,707,730
try it.
do you like the book.
933,861,1000,1144,1217,928,1357,1544,822,1292,1134,964,1255,1123,1092,1281,1200,1195,774,1078,908,995,782,1082,959,1251,1278,1212,1275
561,544,564,770,530,554,693,567,636,521,786,560,494,539,765,574,522,616,486,788,543,613,499,787,712,506,485,603,711
i am totally unprepared for my exam tomorrow.
1192,1089,642,1160,1109,890,1276,887,624,1280,1275,959,1122,1118,1102,1335,829,761,1339,631,839,763,793,1104,870,1256,842,1102,1145,964,1136,775,774,623,1167,1111,903,1252,1172,1256,822,823,1253,692,1261
495,790,597,718,782,535,491,535,594,568,595,543,732,532,694,508,517,491,503,596,522,496,565,774,582,489,524,785,683,544,728,500,675,598,719,770,537,489,716,453,518,520,477,504,705
since it's probably impossible for a non russian to get into the cosmonaut corps.
tell me.
711,1188,1080,831,787,1086,1182,904,1495,709,1098,1323,827,1258,914,640,941,1252,971,1097,1188,1176,1345,1274,732,726,1209,944,1274,788,1114,888,1268,865,1106,638,1110,1088,1277,1091,1111,843,1109,729,731,1174,647,1108,1098,895,1233,1091,929,783,917,1097,1166,1078,914,1236,1090,926,1007,791,1093,849,1225,760,1147,1252,1087,680,1129,902,1123,847,1254,870,1349,737,1306,1484,912,772,1295,1292,1121,1184,779,1300
583,499,684,753,539,783,506,559,573,608,783,507,537,502,683,603,690,604,559,788,501,681,510,513,567,575,523,677,592,511,785,605,506,544,791,599,794,731,499,706,793,531,534,590,590,530,615,715,792,551,511,792,626,506,536,793,540,725,543,514,801,554,621,502,812,723,527,619,751,516,723,640,503,551,768,711,524,543,503,615,774,595,555,504,602,610,794,718,513,712
i understand.
1212,1114,1153,1111,823,802,873,753,923,657,1123,833,1325
513,790,525,712,625,573,562,599,569,601,726,620,714
what is today's date.
729,963,674,925,1119,1208,739,1099,912,1291,827,673,984,1461,729,1107,821,672,926,791,1380
535,615,616,560,770,497,570,797,553,493,615,602,562,578,595,788,614,616,551,506,680
going to see star trek soon with my dad.
971,1288,1183,1091,952,1100,935,1257,1101,735,791,790,1103,741,915,649,866,1091,942,851,796,1278,1121,736,1287,1288,1137,1125,719,1217,920,991,1119,1192,1009,1122,841,683,839,1348
625,483,525,713,636,799,564,497,796,603,513,527,791,604,561,606,545,796,565,539,524,558,757,595,492,492,684,781,524,523,543,608,792,709,574,788,611,618,606,742
things are not looking good.
893,1000,1238,1136,931,757,1134,680,877,795,1136,1129,1317,916,1123,1300,1294,1276,1227,1186,1098,933,1129,946,1255,1257,831,1285
539,623,501,677,614,581,799,619,546,512,792,716,486,565,797,599,519,541,616,568,700,624,814,619,537,548,610,750
do you sell batteries.
741,1247,1111,862,1265,1120,1081,668,728,1250,1247,1086,906,617,853,851,726,791,1175,732,685,1245
553,511,776,539,474,534,765,601,512,577,579,770,673,592,544,542,496,529,517,519,593,770
which one.
would you take a message please.
658,938,1185,815,944,1094,1242,1072,745,1262,1491,687,1248,1123,1248,771,1083,920,1232,1083,1066,904,605,1178,753,1084,624,1084,1130,751,696,694,616,903,760,1108,1340,1242,740,610,692,749,1268
511,600,503,680,628,774,499,695,524,703,561,540,511,534,612,579,777,559,500,559,762,549,587,588,507,771,598,785,693,507,584,587,602,597,504,739,449,616,513,607,596,519,736
please take off your shoes.
what size.
1345,1290,731,604,687,736,1091,843,591,1197,730,1091,1247,825,826,1102,919,1233,1111,816,1079,685,957,1236,743,689,1273,1504,670,950,632,890,1103,706,1204,702,768,1333
488,601,507,601,590,510,766,543,590,585,494,777,501,589,594,781,554,515,549,525,783,604,609,509,502,595,718,565,522,610,608,545,786,590,444,671,510,731
who wins.
i have to go to booz allen hamilton for a two hour meeting.
670,947,1285,1120,686,1199,1100,713,1302,1529,1205,1112,921,628,887,769,1122,905,1277,1119,917,1261,1120,902,1262,1104,920,1260,1269,686,1109,625,1292,1293,752,1112,1127,943,628,1173,1186,1280,891,1275,1101,1060,862,1235,838,1074,628,1083,882,678,1234,1065,957,1224,1090,817,1058,1147,760,766,903,1140,1050,922,1244
516,602,466,754,539,501,657,621,714,559,508,779,633,598,691,522,785,563,493,793,625,505,794,569,504,802,716,510,513,699,795,625,601,621,513,698,791,624,600,715,533,592,554,501,698,749,627,484,553,771,616,776,559,529,491,788,634,520,540,535,801,712,512,515,558,549,687,636,729
so much fun.
what's your favorite movie.
709,1251,1049,1137,1103,822,959,1075,866,1092,1072,1262,1525,690,954,643,897,1535,721,1090,959,1255,1114,834,1091,864,622,919,1230,829,1160,922,773,1083,1151,1242,879,760,1171,1292
581,489,799,681,545,669,617,780,606,550,712,737,563,521,611,599,546,575,593,775,569,515,540,536,717,602,598,695,484,535,503,560,512,774,667,500,695,502,517,718
found nothing at nike factory.
844,1298,1175,1101,774,1110,1104,1279,868,942,1177,1090,889,1105,632,871,1109,1086,1175,1174,768,1110,843,605,821,927,1253,851,976,1288
569,469,485,697,567,768,683,483,526,594,519,686,609,781,607,539,786,690,499,599,512,775,602,608,700,556,495,540,565,732
we're from california.
689,768,1523,833,756,1118,876,850,1270,1168,1110,819,650,1277,1193,876,1261,848,1093,1171,641,1340
507,500,576,520,484,774,601,527,506,695,774,696,608,584,529,608,515,531,709,539,593,725
what do you study.
702,974,632,904,1109,808,1277,1112,972,1272,1128,1098,721,905,1122,809,983,1347
507,613,583,541,775,578,495,770,556,502,549,770,598,540,555,582,565,731
annoying new trend on the internets.
son has me looking at cars online.
656,1110,1118,1287,976,1215,1089,932,1119,1102,771,701,1102,915,846,773,1094,806,1095,1237,1079,1125,898,994,780,1114,1166,1071,910,762,830,1083,768,889,713,1340,1561,714,1278,1084,1117,975,636,725,1122,1149,767,1115,1276,1258,1259,1170,1160,1083,920,1104,634,887,1109,824,643,842,725,1115,1236,1066,1251,1154,1057,757,1325
597,690,695,494,560,508,688,635,803,725,516,520,792,555,532,520,725,609,817,518,719,809,546,633,502,809,539,713,544,493,525,717,508,541,594,681,531,566,478,676,787,620,587,575,778,680,507,789,579,491,497,589,519,708,604,799,605,546,795,678,618,528,601,792,503,714,592,525,673,506,718
i was going to the library.
1202,1103,688,627,723,1115,920,1280,1191,1080,923,1138,917,1266,1120,911,1015,784,1122,1276,1191,982,877,639,904,994,1332
513,794,531,607,599,789,610,491,519,676,611,786,547,491,787,548,640,509,790,576,514,697,548,595,527,559,712
more than two hundreds miles.
1186,1278,835,767,1138,899,988,655,1106,1126,941,697,1258,1129,993,1131,1097,814,863,772,806,745,1135,1172,1192,1269,766,727,1320
663,484,532,499,766,540,622,593,698,783,555,521,508,775,617,546,705,585,539,512,607,612,776,695,504,578,510,610,729
since it's probably impossible for a non russian to get into the cosmonaut corps.
727,1216,1114,843,789,1137,1219,913,1511,709,1123,1364,853,1301,929,672,949,1301,998,1140,1228,1192,1379,1288,725,730,1224,979,1299,798,1128,893,1283,860,1135,663,1134,1090,1278,1096,1141,860,1131,728,730,1190,653,1097,1114,917,1259,1131,955,798,925,1119,1192,1096,934,1257,1115,924,1006,787,1107,846,1252,760,1151,1256,1092,669,1111,916,1091,828,1229,865,1324,747,1325
594,509,667,713,521,789,474,555,585,636,775,512,545,499,697,611,697,598,574,786,516,699,508,522,596,597,521,689,596,519,795,604,520,546,796,616,803,723,510,702,805,536,568,608,611,531,617,730,819,554,523,792,631,522,547,816,530,714,557,524,809,544,621,511,820,710,527,625,723,531,733,623,569,558,814,710,541,546,527,618,734
my throat is sore.
1165,958,1116,873,999,929,1245,677,904,1123,1172,735,1128,750,1224,846,778,1275
733,565,805,540,637,554,532,619,565,802,561,600,808,611,550,546,522,719
i don't understand.
1222,1124,821,1284,1105,1495,923,1121,1137,1109,815,782,859,738,935,640,1109,827,1363
525,792,617,513,694,586,564,808,552,714,627,543,557,610,579,622,731,610,696
cheney and bush are the real culprits.
773,925,738,1105,745,944,1092,638,1113,798,1107,936,1141,735,968,1102,645,843,773,1099,929,1000,796,1101,839,766,631,1278,1102,825,1131,1278,1335,835,1188,909,708,1326
676,609,491,667,505,547,748,599,678,581,751,675,519,596,598,754,611,530,487,767,547,620,508,768,520,500,598,570,761,667,545,590,511,524,522,546,602,693
there literally is an app for just about anything.
879,982,771,833,759,1116,1280,1203,915,758,828,631,1289,1289,974,1119,1207,717,1119,639,1097,1133,652,1325,1314,1113,853,1260,839,1115,1114,1109,718,917,1096,630,964,1240,1117,922,1096,648,1079,974,895,1006,1151,1076,909,1276
534,610,488,522,483,769,569,498,532,477,512,597,560,573,553,769,504,577,772,598,685,772,603,499,515,770,596,481,524,772,608,534,582,535,771,596,666,509,521,528,763,592,700,544,520,602,530,672,601,662
how's business.
971,1274,705,1483,725,1098,957,1130,730,1161,1078,773,721,720,1311
583,482,501,554,582,773,651,511,575,480,676,512,583,578,690
contemporary art has never quite jibed with mainstream media.
850,1279,1101,923,772,1189,1384,1302,834,632,848,965,1110,644,850,951,1120,994,671,742,1116,1099,782,931,790,865,1121,684,1131,1177,936,787,1112,1131,1183,944,782,821,1116,711,1212,912,990,1116,1170,641,1155,1085,720,918,838,770,641,1175,1111,1157,768,803,1178,659,1322
674,490,697,543,485,682,483,477,523,594,524,542,776,607,521,541,783,631,598,589,784,693,497,656,496,521,781,508,544,510,550,492,774,635,513,678,495,598,772,519,443,542,617,759,675,611,556,681,582,544,522,506,604,718,771,683,503,569,543,603,685
i have three children, two girls and one boy.
do you know what this says.
1211,1106,995,650,915,804,1118,897,1000,848,787,788,1114,856,1001,1205,1279,831,873,788,1114,1249,1120,934,702,1269,1120,950,1190,856,1276,737,1121,661,1091,812,1132,1228,1093,782,1106,960,1233,999,1293,1508,807,1262,1116,976,1250,1110,1093,1170,1075,1262,710,1107,700,1015,670,941,1104,946,1029,1172,758,1105,740,675,995,751,1308
503,790,620,582,672,514,785,542,618,529,498,505,767,719,637,500,546,598,538,499,693,687,770,545,509,506,769,614,510,535,579,601,777,608,705,600,785,480,659,516,760,653,492,564,739,549,587,504,748,558,497,515,732,562,677,472,514,753,509,621,594,543,767,554,623,517,588,769,607,600,566,616,687
i don't have any money.
1188,1089,1284,1069,808,1505,928,1115,989,668,922,799,1123,663,1090,983,1122,1148,1258,1084,793,974,1306
495,771,471,682,566,570,544,768,620,593,663,516,764,610,698,560,778,685,508,692,507,548,710
i'm ok.
but though he listened he was not convinced.
1205,1496,1203,1126,1299,1214,1303,1591,955,1128,931,1103,933,1008,1258,1126,921,1004,1105,1009,810,1116,1258,1174,745,945,785,1095,788,818,1118,1002,800,1124,721,672,744,1118,1088,1269,928,1126,855,1257,1092,908,1176,1084,854,809,840,1347
492,555,672,767,473,582,682,561,662,532,542,774,551,607,500,533,602,618,770,634,503,768,559,502,595,555,500,695,506,584,788,638,507,780,519,628,591,789,705,484,546,759,673,502,702,714,526,688,722,513,600,675
she turned toward him, her face troubled, her eyes most wistful.
736,1008,799,1122,945,1141,854,1115,780,807,1128,917,1281,698,641,860,811,1131,1009,1197,1192,1275,1128,1009,804,865,1126,906,643,853,797,1099,933,867,1247,1137,962,1262,791,827,1237,1098,997,791,856,1114,801,997,788,748,1123,1164,1289,753,929,1124,724,1194,747,944,892,1111,1276,1292
595,627,507,764,552,528,527,716,503,579,765,543,493,513,604,529,580,765,606,509,693,748,766,619,495,527,778,597,613,684,512,787,544,522,524,536,701,595,504,598,729,789,615,498,527,777,499,558,483,598,772,711,521,570,537,773,511,534,590,543,608,557,610,774
have to brush well in the morning.
994,649,919,812,1103,965,1255,1110,989,885,1141,752,985,1121,728,805,1306,1321,1136,1207,1118,1144,916,1000,803,1138,1208,1310,859,1127,1205,1111,950,1306
616,592,681,539,755,543,469,757,686,531,530,606,598,764,529,505,568,532,749,496,659,767,541,620,504,765,656,468,524,671,499,648,598,739
can i take a message.
830,650,1128,1125,1215,1135,921,641,1224,792,1141,660,1145,1190,789,738,731,662,922,796,1312
681,599,677,756,474,760,543,590,562,505,750,604,752,661,505,579,584,613,596,516,693
i would rather pay reasonable yearly taxes for free fast internet
1219,1114,710,1295,1152,1301,823,1119,855,658,921,996,794,860,1121,1386,672,1002,1136,854,783,662,732,1291,1117,665,974,1295,784,1097,968,791,652,873,1295,995,1122,919,651,848,798,758,1123,909,1293,876,1117,893,877,797,792,1113,890,670,758,972,1173,1214,1130,924,790,850,1142,783,919
484,768,515,472,518,560,582,758,534,610,541,619,515,531,762,465,619,561,750,530,519,615,595,477,675,608,697,566,512,781,564,501,597,531,567,562,751,541,601,670,489,615,755,608,489,538,764,608,531,508,521,763,617,611,586,551,705,492,653,546,491,527,684,484,532
i love the nerdy stanford human biology videos.
1229,1124,1325,1312,936,806,1129,932,1026,797,1096,1097,780,845,815,982,1105,734,934,642,1116,874,1282,856,818,1124,1001,1116,1173,657,1099,1107,952,1181,1285,1294,1266,947,1002,1108,963,1191,835,802,1248,754,1276
471,767,537,472,709,515,765,543,637,496,756,716,492,525,584,553,785,588,555,601,712,625,481,531,608,771,630,512,718,604,750,792,690,503,483,597,497,626,561,781,693,498,596,527,506,623,711
some specimens will appear in the papers appended to this report.
745,1286,1169,773,1139,746,1325,789,849,1208,1158,777,1110,730,1119,709,1197,1298,1294,1129,615,1332,1336,769,647,842,1111,1179,1092,1126,874,980,791,1129,1376,630,1344,761,842,701,1075,627,1367,1359,760,1104,807,767,800,1103,922,1261,1100,900,981,1186,725,1102,837,768,1290,1287,851,914,1335
601,478,680,516,767,617,505,521,696,508,681,516,699,630,785,545,456,549,552,735,616,492,501,540,617,543,724,506,653,754,550,622,514,746,446,618,455,518,538,608,760,621,464,465,522,686,612,536,606,756,565,479,762,561,640,511,620,769,551,537,537,472,541,558,739
try it.
i hate comcast right now.
897,822,977,1089,1159,887,1230,1519,1183,1082,953,631,911,755,1098,810,1253,1146,811,622,720,906,1099,819,1171,899,984,893,1100,1072,1246,690,1254
556,540,569,763,512,546,750,559,522,778,646,612,559,524,774,705,490,693,712,635,628,551,774,544,520,637,667,549,775,714,503,546,692
behaviours have changed and attitudes have changed.
1001,804,999,655,909,1192,1314,1146,872,722,1104,980,658,919,803,1109,854,1007,672,1116,933,802,822,1107,664,1124,820,1103,665,913,904,1180,923,1129,846,804,751,1107,988,665,943,830,1133,877,1025,670,1130,942,804,831,1333
745,553,647,610,734,514,471,532,574,639,754,648,612,707,544,754,753,663,626,700,655,537,633,770,640,716,635,780,630,569,563,532,572,540,661,551,652,732,643,601,715,541,753,719,653,616,720,627,524,639,708
i love dwight howard's vitamin water commercial.
1218,1122,1280,1314,914,797,1109,826,721,1211,936,1012,938,1118,1026,1288,708,654,865,821,1589,747,1144,921,1212,932,660,1190,1198,1099,1127,727,675,933,787,853,1128,858,1283,1160,1167,792,860,856,1211,680,1282,1362
492,771,579,459,713,535,746,615,542,491,633,656,565,758,655,487,548,638,556,621,558,628,754,726,521,562,626,692,529,679,777,558,636,560,524,546,771,719,498,703,699,539,549,693,522,643,587,668
where are the t shirts.
ust got back from church, and i totally hate insects.
683,974,768,836,764,1105,646,828,756,1108,887,989,784,1105,907,1101,727,990,1177,856,921,721,1279,1520,1163,691,896,1135,907,1265,907,1111,930,667,848,1212,1109,876,854,1263,1172,1114,841,1015,1137,857,858,1001,1235,1096,636,1114,798,1097,1187,1099,873,1309,867,610,1273,1277,960,1120,977,630,929,774,1118,1197,1104,715,768,833,899,728,1327
524,628,511,551,519,752,632,549,515,755,541,628,516,762,546,782,615,629,534,538,563,610,694,555,412,570,543,728,609,472,545,759,712,624,726,596,760,598,546,490,676,772,730,665,540,544,740,650,727,784,619,700,592,766,478,721,549,411,546,606,572,582,562,755,632,605,556,511,757,511,697,620,525,679,555,599,719
i currently use the nikon d and love it, but not as much as the canon d.
thank you sir.
1203,1102,836,1140,863,857,778,1106,903,1302,986,1131,1130,723,778,1104,904,1000,787,1103,1098,1199,1188,1256,1087,1114,804,1083,615,1089,793,1106,1272,1246,899,773,1136,1172,917,1224,1115,966,1116,939,1089,1090,1248,914,1115,663,738,1095,1146,1118,842,992,1088,677,750,1084,920,1009,768,1106,838,659,1107,1267,1099,1120,818,1305,1492,866,958,619,1064,1180,1107,958,1254,1094,1092,696,1164,841,1255
504,779,719,538,544,550,524,699,552,517,578,771,533,613,519,777,552,633,511,791,719,502,613,515,704,800,619,772,615,667,600,782,578,506,732,538,774,522,577,723,793,721,552,580,781,734,509,581,779,645,655,795,715,536,734,666,788,643,634,795,572,653,529,776,710,638,722,491,706,796,617,748,568,540,597,607,703,585,798,545,476,541,771,588,517,533,730
tell me again
897,749,1276,1271,1083,1118,750,1079,635,898,635,1164,1040
541,495,574,586,804,685,508,803,631,612,625,504,696
it's a charade and a slogan, but they want to destroy conservatism.
1212,904,1521,692,1127,617,1122,815,995,646,853,645,812,787,1136,655,1093,812,1124,662,1142,752,1311,1298,989,658,1120,1257,1151,986,1183,988,1150,967,1055,851,1063,1138,740,675,1133,956,1135,945,1286,1137,830,802,772,971,899,1310,1012,1132,861,1260,1103,761,821,891,954,683,943,1178,758,1179,1258
491,539,567,593,754,616,782,704,612,617,534,622,618,533,768,635,693,627,791,634,742,614,574,485,622,622,705,691,788,700,498,541,770,559,644,508,562,787,524,614,723,539,784,538,497,772,618,505,616,549,538,418,535,761,713,508,700,581,517,528,688,613,527,531,604,719,732
