do you think you'll be back by eleven thirty.
i'm very busy. i don't have time now.
551,1108,707,747,1099,975,737,672,790,1024,915,1007,736,745,1090,956,1128,1134,1127,722,793,579,743,802,419,626,1021,723,790,774,772,581,1120,714,581,582,925,753,723,819,1013,672,730,785,1370,1338,1039,1156,1001,756,751,580,652,780,802,790,958,527,819,1134,791,1063,791,620,1133,928,1310,743,808,840,475,790,622,775,753,1060,1004,619,788,949,1111,509,1171
559,531,760,526,527,539,743,496,569,531,652,599,746,516,529,545,605,596,609,752,653,488,754,650,558,608,626,735,635,505,729,467,612,637,474,452,698,732,482,563,553,477,483,505,572,580,506,593,663,741,628,461,469,494,731,627,539,545,510,665,733,506,745,525,505,637,562,483,743,577,525,639,468,729,492,524,637,464,728,668,519,458,679
can you call back later.
676,467,951,773,807,1142,1004,794,675,466,1136,1130,751,816,476,678,1058,748,1140,468,737,599,670,1195
625,549,670,731,524,547,555,742,597,536,605,605,726,630,558,620,603,726,601,557,502,458,480,696
please tell her john called.
1186,1140,579,444,525,587,767,723,592,1146,1149,771,824,593,670,791,1132,1109,828,958,781,668,455,1128,1129,606,611,1198
541,612,497,561,558,500,737,512,483,611,613,745,572,479,490,737,523,549,577,719,756,627,559,624,622,483,566,711
what is that.
472,789,459,713,778,533,518,759,719,804,455,653,730
483,583,565,509,739,564,559,748,507,570,559,951,522
that's not right.
it's raining.
695,811,471,730,1233,549,769,644,962,747,769,660,1046,741,821,751,1147,1360,1030,721,1192,529,778,650,439,1035,951,1044,948,740,1172
525,601,579,525,617,579,762,951,704,523,748,523,581,578,602,530,712,594,576,527,631,588,758,507,580,582,699,566,691,568,743
i can't hear you.
who are they.
1023,776,642,437,948,1206,720,758,806,601,454,663,761,786,660,1105,967,1101,508,810,1082,762,457,667,597,760,751,661,840,632,845
602,758,622,578,736,644,515,747,588,512,583,512,745,539,950,581,595,697,497,592,529,754,577,516,486,742,525,940,587,491,530
just a little.
1007,545,747,830,455,819,806,1114,1015,736,729,1107,599,1099
614,613,565,788,609,788,810,617,582,594,590,641,550,737
i can't hear you clearly.
988,741,660,431,898,727,724,795,802,572,444,644,790,807,1046,912,797,650,1057,589,444,663,1059,813,1097
579,799,657,600,718,571,573,809,630,544,606,539,786,582,594,604,802,679,657,539,612,542,664,569,741
how do you know.
820,1094,526,794,617,1135,800,801,1109,968,800,1043,921,1106,497,1130
641,567,542,800,620,532,807,574,571,591,809,650,724,595,537,751
i'm not going.
1015,1148,979,760,913,1081,734,803,759,1089,991,896,762,1129
530,578,665,769,675,558,524,770,598,555,560,675,598,680
i'll take it.
1051,1189,1079,1083,700,425,1027,568,565,782,1025,712,1152
535,625,588,607,520,583,633,496,496,765,559,516,714
are you going to take a plane or train.
438,644,595,787,789,1103,967,797,770,1099,1014,904,764,799,754,1102,802,743,465,1051,619,781,475,774,1167,1107,466,930,607,785,1092,677,789,753,679,454,1022,918,1129
592,524,502,774,558,540,558,777,598,539,525,658,590,789,534,540,779,540,579,569,510,762,587,760,540,601,575,675,502,772,531,514,761,534,521,588,554,671,704
more than two hundreds miles.
waitress.
991,1110,660,593,801,737,821,483,955,816,768,533,1122,799,845,943,930,620,680,600,607,546,771,1000,1015,1088,618,560,1137,1361,534,473,1074,759,665,694,561,552,1168
666,528,540,514,779,534,585,594,698,782,548,539,535,779,612,561,710,589,532,521,577,588,763,699,553,624,520,600,712,539,531,606,513,546,947,543,597,601,691
i speak a little english.
1050,778,556,1197,610,469,1070,789,471,794,1135,1042,750,753,1124,610,795,609,956,780,1120,1025,568,856,1144
546,778,605,556,549,619,627,789,621,788,631,585,573,571,657,532,793,539,750,620,647,601,637,645,743
how do i get to the american embassy.
are you busy.
836,1162,549,804,620,1169,794,1069,791,786,630,770,665,843,1124,820,783,879,645,838,520,1015,642,728,1033,701,534,958,799,656,1017,854,551,616,615,881,1128,849,564,740,680,841,887,1096,955,873,890,955,637,907,1117
637,573,554,804,616,569,790,562,788,623,533,569,971,814,563,810,578,652,551,824,628,726,545,563,598,700,649,734,810,552,733,715,622,621,630,595,779,816,580,570,538,807,594,612,623,813,703,624,619,588,758
many viewers, bored by the languid pace of the show, tuned out early.
985,467,933,663,784,802,1020,625,547,616,703,581,1088,788,846,1097,715,646,657,792,835,872,851,777,894,647,836,1115,520,937,821,946,1002,650,822,1160,1098,506,712,638,822,727,822,788,880,654,848,606,877,1089,593,1060,844,780,926,945,620,644,789,1107,981,776,837,640,508,726,1086,864,1092
732,608,752,958,814,739,595,572,555,552,575,652,757,816,750,579,588,563,636,809,711,616,815,576,674,579,809,641,647,737,656,627,617,634,808,594,673,647,712,567,809,658,825,593,665,571,824,651,665,606,585,737,843,582,637,681,586,645,812,550,545,598,821,577,639,583,638,606,716
when do you get off work.
499,834,612,967,804,628,1137,801,809,1136,1001,806,788,624,771,836,1134,715,720,817,551,1129,726,1041,1125
581,642,548,727,804,616,585,799,585,581,591,804,627,546,568,813,584,612,615,807,569,597,567,645,732
it's here.
in other words, apple's stock is cheap, and you should buy it.
1065,646,1175,468,738,755,518,606,527,1087,1232,998,905,744,1084,686,811,585,682,808,503,1075,670,584,505,1040,764,450,1144,1151,1065,582,1190,530,767,534,729,1080,655,1009,770,1024,542,756,655,864,618,455,1128,1025,797,483,921,626,796,816,1086,941,832,588,865,1086,945,1072,646,817,851,945,853,873,1017,800,1114
513,541,560,561,771,591,501,521,496,666,582,575,679,793,501,528,603,498,525,766,520,531,525,564,574,664,753,569,527,526,621,502,602,580,762,576,528,559,621,641,747,567,569,748,626,598,486,545,541,697,745,570,717,554,745,524,561,585,747,548,583,577,590,661,554,752,655,593,541,762,571,519,716
what time did you wake up.
is it ready.
526,826,485,757,842,755,1032,969,605,850,614,1034,615,818,819,1100,957,846,532,475,1028,609,835,943,1122,1093,1357,1008,570,834,1019,769,851,682,612,477,621,1080,865
504,584,579,534,753,527,577,699,500,770,569,577,573,759,531,575,580,755,505,577,656,507,746,585,558,748,568,574,570,766,575,521,765,524,501,582,567,704,539
do you sell medicine.
594,1093,786,784,1115,978,816,526,600,1112,1110,805,980,590,593,1017,629,1022,916,610,1128
572,544,775,542,556,556,755,572,496,616,620,758,699,499,563,572,626,563,697,502,721
how do i use this.
how do you spell the word seattle.
791,1049,516,789,591,1065,769,1001,767,916,520,585,801,715,994,827,548,1084,1332,828,1066,528,836,611,1084,798,797,1077,934,826,544,1147,1143,602,1080,818,765,853,637,863,543,717,648,659,829,619,482,484,768,769,1063,640,1079
603,569,525,772,572,554,763,565,762,602,582,511,775,525,580,602,582,743,581,619,577,528,787,589,594,778,556,581,588,773,567,567,570,506,668,782,549,602,507,793,525,525,603,583,781,524,592,594,542,547,681,519,750
would you like a glass of water.
469,1109,969,1129,597,802,825,1111,971,849,1093,1003,1001,609,838,464,820,791,1109,464,565,556,792,1084,706,803,536,469,748,618,696,1110
537,576,567,637,603,806,572,575,578,794,656,589,682,541,790,611,794,635,641,619,607,616,789,596,623,800,556,618,565,543,556,732
will you remind me.
479,1033,1110,1102,812,801,1129,988,825,666,599,986,1020,921,610,809,975,595,1123
559,589,643,641,810,594,579,588,805,566,547,731,605,717,621,805,748,546,725
i have to wash my clothes.
1051,785,835,470,793,639,830,772,1129,833,532,469,550,852,848,988,859,879,692,1125,1138,784,875,625,559,1133
564,793,645,617,686,557,805,569,555,801,543,623,591,633,805,730,584,795,680,644,580,561,631,530,600,735
they're waiting for us.
is it possible.
749,849,632,860,1311,690,609,843,521,459,1039,751,1038,931,773,825,704,1136,679,832,986,562,1354,1017,554,827,1030,1020,759,852,1131,1053,568,567,1006,833,1080,617,1104
573,635,547,589,587,556,535,790,550,620,555,571,579,690,642,806,617,580,558,796,594,640,556,584,626,803,586,601,575,807,597,578,630,639,601,703,689,558,752
i'm going to bed.
i have a cold.
1032,1171,983,840,778,1092,1018,929,792,838,764,1100,848,849,624,642,1103,1315,1034,829,845,499,800,647,846,496,829,690,1081,1082,627,1098
578,621,730,817,640,593,616,735,654,817,583,593,813,712,565,633,750,591,596,817,654,631,712,559,808,625,801,671,607,699,618,762
i'm worried too.
1065,1175,1047,824,524,697,696,695,1075,625,619,811,750,1124,1123,1129
577,624,722,823,561,578,579,580,595,571,633,815,582,603,604,756
i only have five dollars.
1071,822,1128,954,1132,846,897,847,489,798,646,843,729,1060,770,606,819,640,1130,1122,1130,482,697,564,1168
575,816,592,709,658,593,835,675,628,714,568,811,642,599,722,573,806,640,579,651,661,635,570,642,720
i have a headache.
1071,819,823,460,785,620,834,497,818,843,643,494,626,489,706,859,630,1230
572,812,643,616,682,563,814,636,804,653,555,632,619,633,695,647,544,710
help.
can you call back later.
840,620,1170,1249,1145,1378,692,475,987,802,821,1148,1019,822,670,448,1132,1127,792,828,487,671,1081,785,1121,487,755,607,663,1130
651,543,623,542,721,572,714,642,739,834,596,608,606,808,680,633,664,663,802,721,616,695,669,807,675,645,585,540,568,733
across from the post office.
473,663,674,1079,542,537,789,688,673,1100,993,808,745,854,599,821,1182,1092,557,755,821,1087,697,700,495,1095,615,1160
654,732,599,543,665,663,818,643,586,572,696,819,599,665,562,821,577,555,668,600,830,579,646,645,647,541,574,754
i like italian food.
1127,801,1172,1084,1068,596,811,1097,742,474,1169,1071,478,965,802,701,1163,619,618,1181
582,830,652,608,685,578,823,592,594,645,657,609,653,728,826,656,572,639,641,724
i'd like to call the united states.
1091,1179,798,783,1189,1088,1072,618,808,760,1138,831,673,480,1161,1161,760,849,645,854,843,1003,934,1053,770,642,672,820,565,759,481,753,613,564,1136
565,640,823,814,632,566,658,574,823,593,585,829,703,654,660,656,593,643,555,836,827,599,721,567,585,554,619,824,648,599,649,596,576,653,723
i'll take that one also.
1073,1100,1252,1231,818,781,494,1064,659,849,783,891,528,794,875,1106,941,659,865,518,1125,598,1049,1122
583,654,627,636,825,594,644,667,586,826,595,668,637,603,843,590,759,584,831,644,658,642,657,579
it's going to be hot today.
1033,775,1184,590,859,829,1112,1022,926,828,867,800,1130,876,874,659,864,882,1123,808,876,811,1137,683,527,912,1141
614,594,671,663,843,658,574,607,743,654,838,600,570,845,722,570,829,675,581,593,842,603,574,648,617,602,742
how long is it.
870,1110,589,869,1148,1139,965,836,873,1070,597,1050,882,808,1167
660,588,588,845,654,558,720,642,829,581,636,581,829,596,749
certainly.
i'll take that one also.
734,666,743,817,546,1110,993,1107,1002,1153,1462,1097,1134,1262,1228,879,807,530,1098,681,883,818,904,553,813,905,1147,962,679,551,1864,894,520,1197,603
721,574,584,585,651,582,714,581,706,753,584,613,695,665,673,818,592,658,658,585,822,599,670,673,610,827,609,735,582,671,80,835,655,630,650
nobody is there right now.
975,1174,856,1185,669,942,873,1093,614,872,815,924,709,788,700,902,777,1105,853,950,862,937,999,1186,605,1186
702,585,717,589,631,811,825,568,642,820,581,664,566,595,573,827,584,588,658,686,603,850,713,596,577,730
one day overcome by exertion, she fainted in the street.
1101,924,562,811,581,420,786,843,1129,751,611,692,668,1117,987,600,784,833,832,818,644,638,618,707,785,1055,1143,953,1083,824,595,868,655,850,748,513,1039,951,796,641,679,840,1054,960,858,805,883,700,876,617,814,725,675,672,819,1120
608,734,541,796,603,625,592,809,605,715,564,574,694,607,720,556,797,705,585,814,551,679,559,565,585,594,585,721,704,818,652,647,561,820,636,645,618,733,590,575,643,816,607,731,824,593,656,558,837,653,600,578,562,565,594,786
i hope you and your wife have a nice trip.
1059,869,896,1177,1274,686,890,897,1168,1032,889,557,958,710,893,879,1166,1014,748,898,596,1078,788,696,905,934,563,856,730,897,584,904,950,1065,764,703,897,842,775,1063,1203,1093
580,822,669,524,536,573,835,615,541,555,822,657,708,639,843,616,550,560,591,836,590,562,648,593,830,684,660,740,603,838,657,832,717,566,701,592,845,612,593,575,558,715
i trust you.
i want to show you something.
1082,885,818,753,1026,626,853,902,906,1176,1022,1161,1384,1071,903,625,557,963,858,926,860,1160,924,663,931,1153,660,929,915,1141,1009,927,678,1154,1033,737,883,970,1092,980,883,934
566,832,601,583,574,649,607,831,618,547,568,717,541,577,848,584,657,728,613,852,610,580,853,658,663,595,596,859,628,582,598,853,655,599,719,575,615,689,589,729,661,861
i don't understand.
1083,866,688,1145,950,1174,813,909,959,896,673,671,754,607,836,537,915,690,1142
583,832,636,594,707,655,586,841,617,735,644,582,587,660,613,657,750,655,761
are you allergic to anything.
551,765,694,911,894,1118,986,904,572,1112,1112,723,801,877,1036,777,898,848,1128,914,595,954,923,856,933,1056,943,884,1123
660,607,573,859,619,599,623,842,665,673,674,585,614,683,626,739,856,610,584,850,646,760,625,602,678,621,757,678,781
what time are you going to the bus station.
592,908,556,820,903,817,1114,1047,700,908,564,788,714,913,902,1177,1038,911,903,1186,1104,984,892,928,865,1190,934,858,968,734,939,941,1032,691,933,895,686,899,609,884,1090,1175,982
582,679,672,613,848,609,594,741,588,850,665,602,576,853,622,598,609,845,675,608,594,729,664,859,607,607,866,616,689,582,860,741,620,676,858,620,654,622,650,619,625,625,759
i'm hungry.
i don't want it.
1049,1137,1019,848,885,999,960,844,761,907,1115,1361,1098,860,701,1131,994,1198,809,892,608,531,1004,827,903,1099,817,1179
644,692,769,832,669,648,818,675,601,617,796,625,611,865,652,585,754,684,615,862,598,666,754,617,853,620,615,762
good afternoon.
828,1157,1170,684,864,537,778,829,692,746,977,1182,1181,983,1182
674,577,579,655,848,695,671,641,595,616,748,616,620,750,751
do you like to watch tv.
650,1154,834,839,1188,1063,877,1130,1060,1065,682,889,842,1142,894,608,542,824,752,940,941,866,876,1175
633,584,828,601,593,600,834,672,617,698,584,842,606,597,843,596,666,602,722,697,870,605,751,772
what did you do last night.
567,895,565,826,931,732,1123,726,957,924,1197,1068,939,722,1190,891,1129,510,611,816,927,951,1076,843,934,848,1152
577,657,646,598,843,641,598,642,853,608,595,599,845,644,610,839,664,646,620,588,830,781,630,665,690,607,774
are you sure.
do you like your coworkers.
502,714,641,854,863,1189,1064,875,630,1060,764,695,1159,1460,706,1173,872,883,1208,1075,897,1175,1099,1104,705,903,905,1199,1063,922,783,1187,1181,627,1182,808,1107,716,792,675,1210
620,580,547,833,599,555,559,816,626,562,579,537,706,542,631,551,826,599,558,558,823,627,575,610,553,823,601,555,563,824,688,540,549,557,553,577,622,561,580,639,718
but the flames grew too large, compelling firefighters to call off the rescue.
868,1054,843,946,870,955,731,946,836,1210,601,1073,771,706,912,872,828,754,679,932,904,1189,1201,941,1208,624,817,924,769,1137,940,821,1188,1064,1239,1181,753,1102,1118,1007,949,966,863,1118,845,779,865,1149,933,999,926,775,852,732,960,936,1171,967,839,650,1205,1208,940,1167,1173,881,938,905,1000,801,976,863,781,721,848,1057,859,782
715,623,601,848,598,673,580,857,667,644,640,737,584,647,840,646,596,567,575,843,601,588,583,841,652,642,586,660,567,752,841,722,593,727,614,677,578,612,612,757,663,847,657,617,600,574,661,563,675,687,603,590,594,668,843,613,566,849,717,657,624,626,831,573,562,664,832,611,680,581,848,605,575,650,737,618,599,565
but he was feeling deeply chagrined and mortified over his last escapade.
919,1074,882,948,983,769,947,714,615,699,934,872,771,763,1202,1105,1006,925,954,785,756,755,1261,1205,959,992,822,1005,659,958,872,1118,1018,790,799,950,655,1026,805,1081,1077,1204,837,897,1160,862,1138,753,758,936,1204,877,754,825,951,953,1155,715,941,1220,704,903,983,941,787,732,822,640,1280,647,824,767,1298
723,631,609,843,678,577,849,579,669,636,835,658,594,588,672,623,755,668,849,642,592,587,619,695,623,863,718,691,654,674,610,621,769,587,660,846,682,767,655,758,777,603,593,602,606,657,633,590,648,863,616,752,606,610,857,678,633,673,849,694,646,621,860,860,611,684,754,684,633,685,740,607,789
i'd like to go home.
1131,1204,798,946,1235,1155,1145,761,964,921,1237,985,977,1231,971,1032,1243,1125,804,1263
618,673,672,873,676,614,693,605,875,635,576,876,707,605,884,736,604,774,613,766
he is, as you say, a senile old man in his dotage.
i'm very busy. i don't have time now.
811,624,844,1097,582,1096,838,499,603,844,861,1197,1062,864,607,524,886,1131,870,533,854,623,702,1050,1122,1180,702,862,1187,1199,730,879,1094,576,1034,886,1123,1032,882,920,1133,658,884,717,1164,843,587,885,731,1208,1443,1112,1219,1112,903,867,729,815,961,974,957,1050,696,995,1210,949,1121,952,786,1206,1025,1220,902,962,986,661,948,792,949,929,1118,1088,798,954,1036,1203,717,1244
598,505,786,544,595,641,793,591,584,794,565,541,546,792,581,587,561,680,783,600,775,581,524,697,564,616,521,780,546,623,591,793,687,607,702,791,574,697,799,622,539,606,803,580,553,547,605,615,525,700,559,576,634,700,809,671,549,561,581,818,693,585,629,590,734,806,571,818,611,580,700,659,563,811,647,612,704,550,800,575,588,718,540,807,712,592,543,752
are they coming this evening.
548,791,711,911,852,944,726,941,959,821,1144,1038,1071,982,919,940,890,980,735,713,922,768,922,768,1010,1079,991,928,1152
594,527,496,776,533,598,506,559,789,642,579,695,596,707,603,801,548,616,600,592,793,518,680,521,710,586,721,612,733
my watch has been stolen.
1024,919,964,673,604,882,811,981,958,976,639,704,987,776,778,784,1016,947,712,908,1181,1165,778,1010,1197
695,563,801,540,613,550,675,636,808,635,610,614,700,541,539,540,730,807,614,569,574,651,532,735,726
the roads are slippery.
886,985,768,973,872,1199,629,797,703,934,637,856,778,962,701,1216,1138,1292,1296,789,878,1000,1218
570,631,541,814,558,573,617,597,609,786,613,560,537,803,610,638,575,574,573,543,563,591,707
does that old notion that defense wins championships still hold up these days.
770,1195,738,693,959,904,986,673,927,1003,1195,1186,790,984,1033,1208,928,1203,1028,1035,999,921,998,691,940,1017,831,814,912,821,1094,753,817,978,727,1182,1088,730,978,857,1047,683,1144,1329,1171,1262,1088,755,1051,1198,1339,791,999,805,986,1267,1261,1272,1006,1047,1270,1284,855,996,1115,1304,992,942,1036,822,769,837,1011,847,673,1019,799,1261
593,558,544,626,784,558,614,616,565,818,559,655,603,800,706,561,569,598,706,707,822,572,624,625,577,825,617,560,636,562,717,626,560,812,551,603,712,636,812,705,656,638,719,587,587,597,717,633,659,585,581,640,830,638,603,657,643,646,833,674,646,650,639,847,606,590,839,596,665,581,657,588,863,670,669,620,652,762
who sent this letter.
684,1001,996,994,744,811,1069,947,1022,950,1029,1164,798,1007,1228,835,955,965,833,911,1247
581,677,849,850,655,597,743,618,860,622,686,632,676,870,684,600,621,624,603,615,745
that way.
the book is near the table.
870,954,657,911,1019,712,660,998,1211,1395,936,1033,819,1026,1050,1212,1210,1152,997,1169,696,975,1045,786,641,854,987,953,1012,794,1001,952,664,989,1229,799,1235
607,652,675,610,847,589,662,635,764,612,617,678,594,866,704,620,620,684,863,570,620,818,726,579,644,588,836,610,658,564,842,607,634,712,664,563,738
he's right.
do you know where i can get a taxi.
972,767,1242,716,965,859,1130,944,997,928,1234,1397,781,961,975,957,1230,1089,993,1143,1030,1225,678,974,678,993,782,856,768,992,1147,986,842,648,1051,940,959,803,946,1005,662,936,911,661,778,1133,1219
663,559,652,645,831,580,590,654,668,599,743,587,624,831,843,609,580,593,860,654,734,564,566,836,562,662,575,589,569,851,597,844,724,658,726,825,666,575,616,857,668,837,607,644,722,592,734
his coat of arms was emblazoned on the cover.
970,1162,732,961,645,839,1225,907,979,1221,877,963,655,868,1106,735,967,711,646,731,982,784,1080,976,1236,665,717,1232,1055,789,794,1232,1236,1052,989,927,1004,802,992,894,1219,957,802,888,1228
675,595,662,847,684,723,579,610,842,587,662,841,652,613,732,671,846,577,657,645,832,594,719,731,646,657,741,613,729,587,643,619,621,746,865,620,674,593,864,734,607,733,596,602,730
i don't have enough money.
do you want to come with me.
1170,959,806,1003,1021,1275,907,997,1000,643,943,794,980,794,1052,1214,1072,939,1016,994,1093,1221,1032,821,999,1206,1358,823,1179,982,984,1214,1076,993,731,673,1037,944,1004,941,1222,996,866,1211,1095,792,981,753,1137,956,1031,1003,1106,843,1226
619,843,659,772,774,663,606,866,680,652,734,584,845,564,768,614,616,659,683,870,769,618,777,591,624,764,622,652,622,848,622,633,632,851,579,655,754,612,850,607,639,851,707,622,759,574,821,577,633,601,665,856,761,578,760
at eight o'clock in the morning.
all day.
656,910,1003,815,1180,964,1031,972,1019,1227,1264,854,1208,1201,863,1130,969,1135,1058,974,952,1032,832,1122,997,1215,894,1056,1161,1057,977,1235,1346,677,1170,1172,836,844,676,991,993
659,603,846,569,623,666,685,630,867,608,683,733,682,619,736,705,850,640,766,853,623,687,587,755,855,635,609,772,636,761,684,760,630,674,704,711,663,663,656,633,627
i got in an accident.
1129,986,963,1240,931,1010,1151,1064,994,691,682,979,681,879,882,1138,823,797,1059,941,1219
650,848,673,643,615,869,654,754,864,648,659,857,647,718,725,649,658,584,766,615,770
how much altogether.
859,1125,555,876,1020,1004,879,881,899,572,1138,813,1131,859,693,828,927,700,1129,1140
615,569,526,797,729,613,649,629,822,628,662,576,590,650,569,581,649,568,739,745
i'll pay.
do you know what this says.
1097,1138,1242,1231,896,1247,589,898,1168,1342,721,1164,879,901,1175,1044,904,1101,1005,1172,606,898,611,922,598,860,916,851,929,1091,682,901,670,591,927,697,1172
592,678,661,668,844,613,642,603,741,618,633,597,815,601,615,621,826,684,746,595,557,825,555,648,620,604,834,598,654,617,647,839,633,655,615,657,740
where did you put it.
577,896,685,775,683,896,719,1111,722,884,884,1175,1032,899,1217,1025,862,923,1085,852,1149
543,626,538,548,535,804,611,573,606,806,585,583,585,826,574,583,581,825,578,578,723
i'll tell him you called.
968,1045,1011,1029,828,756,611,1054,1056,821,836,992,954,809,825,1080,926,829,687,469,1073,1073,655,656,1077
490,573,594,597,755,508,468,603,606,742,575,563,681,741,515,555,568,736,623,556,600,608,491,549,691
follow me.
it's not very expensive.
714,1107,1118,1119,1129,528,849,996,620,1136,1363,1065,745,1136,562,833,964,1120,768,861,802,642,714,896,882,684,684,1182,693,959,618,1038,833,693,1121
572,524,591,595,505,491,766,692,488,660,516,549,518,617,566,757,677,558,512,769,637,491,502,778,771,487,659,543,508,685,574,550,643,488,644
he's never been to america.
854,669,1129,606,859,961,685,853,700,774,887,904,691,696,965,878,846,1106,893,553,1011,710,793,1065,778,575,1140
579,493,603,586,766,675,496,657,502,521,770,655,489,499,679,769,527,522,779,567,673,488,513,520,637,572,684
right here.
745,1108,843,925,854,925,943,730,815,730,1166
511,528,592,616,527,781,606,514,526,497,674
do you accept u.s. dollars.
663,1122,866,882,1179,1039,881,548,772,764,707,1218,860,911,1021,1129,642,1175,869,716,1144,1155,1161,560,780,648,1167
562,524,785,539,518,526,780,587,671,667,520,527,550,796,539,680,593,650,789,596,541,626,627,602,537,599,695
the book is near the table.
818,911,691,885,918,1146,1136,1069,867,1074,654,873,994,721,568,787,895,864,931,713,914,872,605,933,1162,745,1160
544,616,526,789,622,526,530,602,783,540,605,788,680,520,594,531,788,538,594,511,786,543,591,678,601,518,693
i have two sisters.
1054,879,926,568,881,726,928,899,676,1141,913,665,1063,664,872,740,816,693,1147
561,786,620,595,674,525,805,566,526,534,793,598,567,599,564,532,544,601,674
what are you going to do tonight.
566,899,558,836,924,557,768,693,926,917,1184,1045,934,901,1179,1085,991,899,944,879,1189,939,731,1196,915,846,1198,996,1094,897,973,895,1169
537,617,623,548,784,621,543,524,783,564,512,523,794,600,488,522,655,595,800,545,500,794,581,505,779,540,505,669,529,607,632,562,668
is everything ok.
1111,608,879,657,874,681,754,898,819,921,1131,1028,853,892,1216,1132,1198
514,581,794,517,697,526,538,557,528,630,545,668,603,790,504,591,666
the book is under the table.
i know.
777,887,687,903,933,1165,1166,1092,883,1117,625,894,1073,1024,743,703,785,902,859,962,738,917,875,605,942,1182,757,1197,1376,1086,885,1066,965,1147,620,1134
539,620,524,788,690,534,538,610,800,545,588,814,570,678,631,555,565,810,575,649,558,826,581,626,714,605,556,689,525,527,802,577,693,555,524,683
its bright scarlet fruits are conspicuous in late autumn.
1060,755,602,830,883,739,1063,821,903,822,880,637,751,544,753,1108,693,838,888,781,749,994,1087,821,627,853,545,749,690,870,761,1155,980,645,1208,1069,768,1020,1144,1009,630,840,1082,971,855,1127,566,821,703,878,563,1065,817,1044,1068,990,1158
521,521,580,759,670,512,521,581,601,526,771,585,650,577,518,582,491,532,764,583,503,547,503,518,577,759,584,513,501,758,626,539,670,568,524,537,644,544,534,546,581,755,522,679,757,599,575,517,486,765,569,506,522,546,673,703,668
my grandmother passed away last year.
989,863,907,860,774,565,1003,725,1038,1184,811,902,690,781,896,1212,569,655,652,712,733,876,580,635,565,899,919,1160,593,665,879,927,937,734,586,801,1137
704,523,774,588,522,590,691,576,697,516,508,581,487,506,761,534,568,564,564,494,560,751,570,488,572,528,769,594,573,570,521,769,543,501,582,511,711
i have a cold.
1079,891,938,614,894,748,915,597,894,821,1187,1167,750,1165
546,759,603,594,672,513,785,592,784,664,537,609,589,675
maybe.
were there any problems.
1057,567,921,969,722,1214,1392,625,722,646,727,922,858,938,740,821,744,945,621,1032,935,971,1261,821,1164,970,1213,773,1097,708,1203
676,588,549,672,504,672,507,520,516,502,506,768,536,600,512,527,505,797,582,713,557,800,551,526,543,681,616,523,680,597,678
near the bank.
1098,683,550,790,961,860,948,745,950,967,623,1094,1186,1237
695,516,582,514,783,526,592,507,784,686,591,710,608,676
please take me to the airport.
when will he be back.
1279,1209,725,591,673,740,952,877,625,1137,748,945,1110,751,944,889,1216,943,888,978,779,960,639,1152,852,1304,1223,845,908,1236,1393,657,979,763,1070,961,680,1165,1227,1229,956,984,770,974,995,761,963,1006,664,871,1164,1262
573,637,517,587,579,515,781,531,581,647,516,781,704,507,783,539,581,783,541,611,508,794,577,578,535,557,557,527,545,699,551,513,622,513,705,799,513,560,613,607,795,609,502,810,617,500,791,697,586,654,627,683
can i make an appointment for next wednesday.
837,613,1082,942,1211,931,1134,628,1179,787,955,645,1072,944,639,1310,1317,1224,1165,1076,952,1148,769,1079,940,997,908,1225,866,984,1089,826,806,952,1008,710,803,821,1094,815,757,848,676,1012,1251
665,601,713,792,564,789,722,614,632,535,804,613,731,786,602,577,577,571,584,710,561,727,539,740,564,806,638,572,559,807,735,539,683,565,809,541,538,609,737,545,620,618,639,581,713
i'm leaving tomorrow.
1164,1262,1128,987,1227,803,668,945,1162,1077,977,1001,952,1220,1134,1230,890,891,1227,713,1235
602,630,736,811,641,546,627,711,608,723,638,824,576,584,711,575,564,564,568,537,704
soups are presented in big tureens and can be quite good.
734,1256,1131,1321,760,998,683,917,817,998,1302,899,821,775,843,1092,975,838,856,990,1182,1088,998,1037,1002,1020,1022,963,739,1119,842,840,1077,783,1001,704,1082,864,1011,909,713,1083,991,1041,851,1022,698,1114,1164,985,843,1029,1022,1219,1209,860,1237
607,583,599,559,642,825,628,575,539,815,583,573,543,639,557,726,585,565,627,824,602,733,824,723,653,843,842,588,551,618,562,559,739,648,831,639,744,636,832,707,644,746,824,721,563,841,571,607,598,586,561,837,656,585,588,635,696
what's your favorite food.
696,997,675,937,1250,776,1018,1015,1091,890,1024,1015,926,671,959,1196,881,1141,949,807,1028,930,1195,1192,843,1212
557,656,632,589,647,633,831,600,630,563,819,824,635,632,704,600,569,619,577,559,826,641,602,602,633,731
but he was feeling deeply chagrined and mortified over his last escapade.
1030,1122,995,1041,1079,825,1033,745,692,772,1022,942,838,828,1256,1165,1085,1009,1048,864,837,837,1317,1263,1039,1078,919,1074,717,1017,932,1165,1080,864,861,1030,713,1093,863,1032,1145,1241,909,976,1161,932,1153,841,869,788,1253,1005,846,939,1051,1059,1205,812,1041,1255,717,803,1010,1062,870,837,935,724,1300,738,884,872,1370
740,615,607,837,681,553,844,558,637,607,819,630,574,570,656,602,718,662,857,648,578,577,607,680,615,859,714,678,643,657,585,627,758,577,634,837,666,762,639,842,749,601,583,598,628,646,625,580,638,582,520,741,575,595,850,654,589,660,857,640,661,652,613,846,583,649,725,665,602,655,661,581,781
i'd like to call the united states.
that's too expensive.
1152,1260,850,1001,1236,1150,1143,830,1014,997,1198,1003,926,700,1240,1239,979,973,1058,852,1034,1097,1041,1138,977,861,877,1017,779,979,719,973,850,810,1236,1409,979,1088,729,986,1288,821,1037,999,1249,1249,1047,883,881,1111,880,1100,820,1191,1025,884,1244
587,661,648,844,669,617,710,574,851,615,623,839,716,646,683,682,837,606,667,569,864,649,775,637,597,575,628,841,635,609,657,610,568,664,752,567,604,693,651,610,671,667,860,606,621,622,863,569,726,765,573,767,643,631,732,582,752
what did you do yesterday.
616,947,619,881,938,794,1156,790,962,959,1235,1092,972,801,1184,968,993,809,749,937,804,864,821,649,998,1199
541,654,634,587,826,624,611,627,841,600,604,623,845,632,603,840,612,563,652,594,556,577,632,648,601,751
very good, thanks.
forget it.
918,798,872,1014,1037,982,1246,1248,814,1195,974,921,1012,691,1160,1165,771,1231,1360,905,1216,880,978,821,963,1023,1161,957,1231
734,579,606,621,856,682,613,608,653,747,856,601,679,661,648,670,676,739,613,678,603,602,684,597,617,869,630,623,753
is that ok.
i'm ok.
1150,721,1002,922,1018,687,945,1026,1194,1129,1165,1332,1114,1199,1091,1002,1189,1115,1214
596,644,849,604,679,652,618,870,583,667,707,606,615,676,741,861,596,685,729
no, i'm american.
does anyone here speak english.
1040,1242,1169,1186,1259,1139,973,658,1140,805,886,1182,874,874,682,1089,1229,1357,807,1237,782,738,961,660,1091,1002,1252,1105,1064,960,1036,835,911,829,1011,768,1283,849,718,1145,997,850,1073,1016,1248,1152,797,1070,1258
753,604,725,594,655,735,861,638,736,578,598,599,723,727,663,757,713,624,649,592,570,660,830,652,759,625,604,641,755,837,675,577,596,574,868,641,621,579,646,690,848,580,765,669,667,635,661,698,751
nobody is really in charge, and decisions are made on whim and caprice.
1099,1294,1008,1301,809,1033,1045,1202,797,1005,903,844,720,1297,1299,1053,1062,1197,1100,1026,917,1084,754,962,1033,900,1227,1026,738,1112,1030,1028,891,885,941,1200,809,1193,1286,1093,802,1018,729,955,866,1030,1153,727,883,870,1043,1295,1113,1035,779,1090,1205,1166,1052,740,1116,894,1036,924,738,1320,950,1190,931,866,1275
747,603,733,611,633,626,853,613,655,845,590,559,631,672,672,626,858,615,750,854,713,676,655,595,673,580,751,847,661,771,852,852,654,582,743,613,670,614,618,738,638,839,655,605,571,850,733,656,666,594,863,613,725,863,575,692,617,736,883,665,751,652,863,722,677,612,601,628,732,586,752
can you carry this for me.
859,634,1095,936,990,1270,1130,981,881,663,878,882,1013,1025,983,1061,1155,797,994,930,1212,899,1018,1130,830,1252
678,633,734,817,617,612,623,831,692,638,581,579,601,840,581,668,603,637,842,656,588,580,833,731,572,719
i'll call you when i leave.
1149,1191,1251,1252,960,872,654,1201,1212,931,994,1260,1117,986,701,1042,820,1072,1002,1178,986,1217,814,722,974,866,1248
596,657,671,676,863,750,672,668,684,853,610,624,638,843,587,689,578,769,858,620,847,698,576,664,754,616,726
where's the closest restaurant.
604,890,708,798,1231,643,649,915,863,943,720,933,786,1181,1190,661,729,670,859,940,808,750,693,884,610,1091,812,612,1031,890,1201
528,617,531,544,602,615,608,811,558,623,526,814,664,634,567,613,540,615,558,809,566,538,636,572,635,545,567,621,721,579,685
at four o'clock.
540,820,959,798,1220,1081,777,935,1179,1195,768,1152,1154,778,1093,1148
621,560,818,617,563,576,558,812,556,640,697,656,576,717,669,710
the big one or the small one.
818,902,701,937,938,1143,901,911,1212,1022,741,930,1168,824,946,888,972,761,957,688,1084,606,1202,1203,911,1146,1012,744,1325
547,619,542,825,712,568,629,801,585,709,563,827,581,579,834,589,657,564,844,632,712,636,647,644,803,583,736,556,730
are you married.
what did you do last night.
572,797,726,949,906,1203,1068,949,1078,823,821,814,1104,744,751,1148,1304,615,933,606,882,958,771,1083,758,953,929,1165,1031,968,756,950,1136,1141,622,704,904,984,986,1057,910,977,907,1129
619,574,549,821,595,563,590,824,708,578,578,579,590,557,622,711,572,558,654,642,591,825,636,601,627,841,603,585,604,851,627,830,662,671,635,625,599,841,742,612,647,675,600,747
what is the area code.
582,909,580,857,965,1145,686,941,865,957,738,954,609,837,753,625,948,839,1167,760,747,1160
557,644,640,587,829,582,644,829,579,652,562,832,637,588,559,637,823,695,587,639,577,724
are you here alone.
583,797,734,952,937,1230,1095,949,978,759,849,755,947,613,1218,1203,1045,770,1213
637,585,560,836,602,547,559,827,654,568,585,557,826,628,635,563,700,563,700
he's an engineer.
how do you know.
975,765,1228,696,948,635,1054,942,768,1042,931,1132,1038,783,864,855,1193,1342,984,1221,715,976,818,1223,953,991,1222,1073,994,1130,1037,1206,704,1194
680,562,645,643,845,636,737,831,567,742,645,601,751,575,596,592,738,600,665,609,582,853,625,619,842,612,612,618,847,684,752,617,556,759
your things are all here.
944,1246,1105,854,1000,926,1003,1148,1049,934,756,975,673,893,820,997,689,1217,1219,972,1018,827,900,822,1220
595,589,602,575,838,582,644,610,732,643,647,838,631,594,560,845,629,672,668,834,673,572,598,569,746
if you like it i can buy more.
i'll pay.
1205,882,992,987,1271,1128,1008,1241,1142,1147,816,1001,1150,948,1001,1230,997,897,1114,1113,986,1037,1145,1039,1051,1146,1273,931,860,1263,1420,1199,1231,1305,1303,1008,1308,695,1034,1250
603,639,839,600,534,547,842,617,572,634,564,841,578,594,838,531,832,720,715,733,836,736,604,621,857,735,577,587,568,712,606,594,672,687,678,834,602,640,607,746
there's a book under the table.
he said this is a nice place.
838,940,749,843,759,1227,696,618,631,964,986,1178,1175,1128,958,1068,998,761,738,825,945,873,967,768,941,893,619,972,1170,781,1161,1272,975,779,946,733,639,1086,794,929,908,994,1101,734,941,1084,725,932,659,931,998,1124,823,776,949,1198,1155,655,839,778,1148
565,649,557,575,554,638,640,644,626,823,729,582,583,656,825,569,697,656,583,602,857,600,695,589,861,613,672,748,632,588,701,588,702,597,868,666,678,596,673,857,624,708,607,674,868,607,669,864,664,857,752,616,734,602,862,602,657,670,716,600,735
i'd like to make a reservation.
1099,1143,766,932,1168,1099,1125,746,900,892,1152,946,1062,614,1096,763,938,629,915,844,776,696,773,842,907,644,915,1093,1186,993,1199
612,669,653,853,672,597,668,602,616,621,611,862,750,674,688,597,869,690,901,622,604,673,609,609,751,688,633,625,613,753,760
here is your salad.
who taught you that.
930,744,826,746,961,1155,712,934,966,1238,1093,825,971,707,623,1219,626,798,1205,1412,673,990,1199,975,911,648,1078,943,1014,933,992,979,1221,1087,987,928,1028,685,937,1190
673,588,603,577,856,603,665,852,622,599,612,592,849,654,677,652,672,656,724,565,581,684,592,870,613,668,616,684,702,628,877,639,604,619,865,617,704,676,638,738
good idea.
i'll take you to the bus stop.
911,1194,1194,780,985,1146,779,763,627,1205,1345,1115,1148,1207,1216,975,913,638,1110,759,970,955,1227,1079,978,925,1196,992,932,1012,798,998,994,1081,757,998,757,947,1169,1269,1186
679,603,604,660,865,612,657,595,691,741,596,611,676,696,688,851,617,663,693,598,844,626,597,620,851,620,625,866,633,695,598,877,733,633,690,878,688,633,607,610,760
one ticket to new york please.
i've been there.
1224,1032,799,990,944,1144,867,1164,798,947,1020,947,1252,1030,1086,813,746,1014,1018,1235,893,1198,1010,1269,1197,794,652,749,806,1186,1333,1122,1151,953,816,1001,1015,843,1035,1039,1007,950,1054,844,925,839,1217
615,750,607,871,634,568,758,625,605,625,873,618,573,880,684,604,616,871,651,560,625,669,863,587,676,610,681,664,618,760,602,599,673,778,620,861,760,625,779,782,877,639,724,626,640,615,746
are you going to help her.
who won.
422,646,562,795,765,1112,989,793,781,1133,1026,927,780,812,1120,822,824,858,644,1106,1178,807,847,654,736,1085,1218,559,845,1056,822,572,1050,899,1049
642,594,563,838,612,604,613,837,647,605,600,733,645,855,616,862,865,680,582,678,598,848,667,572,602,729,619,585,674,616,861,577,595,764,732
can you carry this for me.
there's a book under the table.
737,542,960,806,826,1150,1027,827,758,534,726,734,862,868,805,896,1074,627,855,779,1107,750,1024,1020,667,1114,1329,789,883,693,777,690,1178,624,858,555,847,902,1095,1094,1039,982,939,989,942,683,765,881,828,911,712,881,830,561,889,1103,718,1108
759,681,755,841,633,603,613,843,720,659,601,606,634,861,603,682,609,661,849,653,603,600,746,741,577,731,633,603,674,581,602,590,663,661,863,655,842,732,606,605,679,638,757,652,754,592,598,862,616,676,587,863,615,648,737,693,598,759
the recovering economy is bringing more people back into the market.
808,905,713,907,797,703,768,1118,854,715,796,1065,979,892,902,753,777,1142,973,1039,916,936,1077,672,892,897,923,809,1069,982,904,1061,972,898,915,1021,1137,828,747,920,1193,750,1203,1206,1135,739,921,950,618,829,1100,904,1073,966,873,1139,918,882,956,749,920,1024,624,828,1063,747,867,1140
617,678,588,866,606,590,749,596,753,592,606,619,744,678,866,584,733,585,753,736,627,879,602,668,855,857,751,609,605,746,682,612,736,680,876,742,600,613,592,868,601,599,597,597,668,595,870,784,667,746,659,868,603,746,624,588,880,626,708,602,888,761,669,619,678,601,621,751
what day are they coming over.
561,898,578,824,912,728,560,905,941,592,806,731,936,880,972,748,944,968,809,1060,1062,1112,1009,921,959,1190,911,772,847,1211
570,676,660,603,860,656,684,624,883,661,607,588,883,622,693,609,641,894,741,739,736,606,745,669,885,588,769,601,612,716
i'm full.
she later found work as a teacher's aide in a head start program in harlem.
1121,1198,1087,946,850,1083,1193,1193,1180,1342,682,944,768,952,1236,639,890,764,830,959,865,1228,1075,1030,798,947,700,854,855,1117,954,628,715,950,637,940,896,769,652,839,1009,795,878,1244,739,963,644,1120,810,787,969,1126,1037,962,659,969,994,821,680,826,975,741,938,674,884,951,1014,796,1248,879,954,877,666,1092,1115,1127,1031,992,998,667,877,1210,807,1097,1214
606,654,748,868,680,619,641,641,737,616,657,680,599,866,638,668,620,603,607,881,688,578,600,729,655,860,591,612,616,672,870,689,671,870,679,861,630,596,687,735,701,608,628,648,688,869,686,607,679,599,882,609,735,875,674,876,696,597,681,666,889,682,644,683,622,642,906,1067,604,623,692,632,679,760,628,616,754,895,698,685,624,674,607,753,734
do you want me to come and pick you up.
508,1115,875,874,1167,1032,570,521,555,564,971,550,842,916,552,843,1110,922,570,604,769,1142,1021,562,986,730,904,1171,1058,782,1054,893,888,1143,1021,909,1024,1185,1161
988,554,817,591,562,578,1021,989,631,1029,716,978,578,823,977,578,583,842,1035,1073,708,579,727,650,750,629,833,609,614,716,698,839,609,621,641,836,632,607,743
your children are very well behaved.
are they coming this evening.
1008,1237,1101,766,896,801,947,1203,730,740,804,729,1030,903,595,808,736,911,898,757,948,947,966,677,773,1158,730,1155,916,737,979,646,912,789,797,1198,1360,636,848,788,949,921,1012,798,990,989,849,1203,1080,1117,1029,969,979,942,1027,1141,772,965,821,962,825,1051,1127,1041,973,1221
624,537,554,557,815,668,647,605,608,607,562,526,704,817,614,566,537,824,704,547,594,591,834,557,549,617,1010,615,807,1013,713,619,698,556,624,691,565,616,576,548,823,585,661,559,607,842,692,566,697,593,708,627,832,577,657,588,639,836,539,705,553,726,595,710,638,711
i'd like to send a fax.
1139,1213,784,916,1191,1132,1131,763,935,906,1204,934,729,785,1079,818,945,642,940,646,890,784,1232
542,618,605,831,628,573,649,550,848,582,569,833,635,544,709,607,833,618,830,618,622,674,731
good luck.
who taught you.
928,1220,1225,698,836,661,1180,750,1077,1108,1266,576,876,1112,852,814,1012,1013,842,904,836,904,894,1127,994,1128
647,583,580,559,772,988,559,654,614,648,535,528,633,543,788,545,563,566,616,636,550,794,571,559,580,684
i'm not going.
how does it taste.
1068,1106,1007,872,989,1154,840,906,873,1161,1056,969,862,1129,1327,901,1148,610,725,1144,697,704,637,903,1081,844,908,846,578,656,838,724,1167
515,600,691,783,693,563,544,797,599,566,574,694,600,665,553,613,544,525,581,553,520,526,598,791,556,543,790,547,594,583,544,525,684
what should i wear.
598,901,569,831,919,672,941,1204,1068,1183,752,920,1118,934,648,735,567,801,1188
510,602,588,536,784,578,615,522,531,589,573,790,537,804,515,513,589,521,689
nobody is helping us.
1040,1224,920,737,743,942,986,1132,720,957,990,778,1217,1295,1116,1026,926,965,1071,709,1207
677,552,676,589,585,552,807,559,618,806,639,519,630,532,558,688,607,803,567,603,680
everyone knows it.
703,871,738,806,929,1285,1087,759,953,1163,1088,1263,688,686,935,1170,1244,1247
524,654,534,540,558,545,653,526,795,580,664,543,535,608,791,550,652,658
over here.
she turned toward him, her face troubled, her eyes most wistful.
1243,897,778,849,966,988,787,852,780,1220,1401,707,993,762,963,919,1117,855,1067,791,814,970,920,1213,717,642,854,791,988,981,1152,1110,1191,981,1006,815,880,994,903,804,853,802,991,904,852,673,1244,1117,1235,824,849,1204,1016,1018,840,909,1024,832,1019,845,779,1016,1123,1231,780,981,1044,746,765,765,975,901,1092,1205,1227
573,688,539,550,799,624,522,539,517,666,525,603,637,529,796,563,565,546,705,531,595,807,564,553,537,617,544,602,819,617,579,683,716,819,637,525,560,824,626,544,665,536,823,560,550,567,572,581,643,554,626,712,831,640,540,568,833,549,585,549,621,830,734,575,625,584,841,540,626,622,583,639,610,655,713
he broke the window.
what time did you go to sleep.
833,668,890,872,759,1122,1053,693,893,820,900,714,916,628,1077,1000,712,1141,589,1134,1236,584,873,559,832,924,831,1094,1026,698,912,699,1094,715,917,875,1195,1054,918,885,1142,912,859,1141,673,665,745,732,729,1227,1172
639,533,803,688,551,541,623,538,797,555,621,526,815,544,559,670,620,540,542,682,578,537,635,612,574,819,565,562,666,540,819,608,560,602,823,582,553,578,814,622,555,815,575,557,604,612,548,544,543,574,711
