who taught you.
459,878,1165,882,645,355,939,649,841,665,871,905,1121,954,1246
362,505,369,707,396,485,433,487,541,390,729,443,408,429,570
yay for slide animations.
931,366,941,892,694,1141,602,900,503,1196,1074,607,533,918,413,938,1073,988,428,637,1033,1124,898,512,1239
388,485,390,663,507,375,406,674,483,490,405,514,416,659,502,585,405,592,490,358,365,369,564,452,556
such an inclined passage following a seam of coal is known as a slope.
lebron is a beast, but i'm still cheering for the a.
488,1004,590,879,878,395,903,901,1038,909,613,1114,1047,908,550,599,908,1269,392,502,508,396,684,534,941,651,1220,1169,1178,1173,525,1079,934,727,929,383,925,485,530,365,1116,952,1220,616,955,574,1189,404,1169,945,1115,513,939,1094,917,1163,506,932,931,429,520,948,414,937,541,1153,1155,1296,548,1238,1374,1107,546,649,589,1160,924,948,1068,497,951,376,949,675,582,417,526,697,1043,958,924,989,709,935,1091,1360,1221,964,506,656,1134,1206,1208,967,612,961,504,514,599,1024,893,622,913,587,1086,571,893,684,853,520,880,383,1197
440,353,550,506,685,487,554,700,374,568,563,460,384,561,387,496,694,389,493,471,470,495,486,402,661,495,331,462,452,360,369,370,541,469,688,481,687,466,382,481,596,661,333,477,657,594,369,484,465,680,360,462,680,473,598,385,386,594,705,508,472,692,502,698,481,480,400,403,402,570,447,445,393,565,424,366,587,691,382,467,692,510,686,589,417,501,494,437,605,681,617,407,401,725,404,507,575,661,487,418,372,486,492,674,587,497,365,368,387,372,568,503,695,484,388,396,697,429,521,407,735,501,551
it costs twenty dollars per hour.
1052,655,888,390,1123,505,654,499,907,642,443,530,961,653,610,900,537,1129,1126,1122,366,567,472,917,1259,516,584,927,960,1244,958,618,1254
340,404,674,526,352,520,437,510,689,416,393,377,577,394,365,638,489,397,492,497,527,412,501,679,383,404,394,663,501,358,424,391,586
what can i do for you.
463,887,394,656,890,574,401,905,922,1051,908,508,1165,918,578,1164,565,925,987,1208,1045,1279
397,497,488,400,704,575,520,575,681,359,693,488,366,686,521,371,374,698,353,333,347,603
clearly he would not venture to descend while his enemy moved.
just blocked united blood services using google voice.
554,1137,492,347,589,1140,941,894,911,550,926,454,1210,973,1210,546,932,986,1191,636,935,660,540,931,681,989,595,536,940,693,1191,935,603,538,470,605,566,957,514,930,472,939,1094,1192,969,944,966,1087,503,954,545,978,566,1043,925,937,1041,1187,676,569,611,1323,1609,962,974,513,668,913,618,1151,1150,559,1085,545,509,950,1002,946,1102,605,491,557,947,627,1147,1197,1189,597,557,494,556,640,651,1057,577,550,497,934,1027,507,937,692,948,940,688,1174,1165,699,1186,571,976,635,1190,1094,658,585,1302
586,461,370,506,398,479,389,691,505,411,709,387,380,424,492,500,682,570,374,404,693,584,416,590,411,402,420,382,705,414,333,669,520,423,452,596,456,595,498,687,405,491,370,466,685,725,517,364,489,694,406,569,407,556,346,683,562,348,600,410,515,530,362,460,373,452,395,681,577,455,352,603,462,406,502,675,345,572,349,384,394,510,678,568,473,355,364,493,408,491,416,401,585,360,596,425,519,667,355,487,564,485,684,704,488,369,369,504,500,391,670,591,387,400,574,423,585
i just checked my google for my business
1046,911,969,1006,523,677,913,621,919,564,609,1133,592,622,944,1046,967,904,648,1204,1203,637,1208,573,984,686,1190,620,968,1061,1001,967,747,1075,581,1127,986,584,550,554
371,697,495,384,479,423,712,587,515,412,587,461,413,469,690,560,390,700,510,376,375,505,459,423,676,509,372,415,679,560,353,672,600,369,486,379,601,411,503,494
what can i do for you.
489,918,392,671,930,611,434,942,945,1085,932,598,962,951,646,1168,583,955,966,1194,1032,1321
407,496,492,415,692,596,526,574,707,355,689,479,688,695,498,372,395,680,327,305,331,499
loves twitter.
1157,1136,631,533,496,942,664,465,1103,670,663,493,567,1244
449,371,546,407,473,667,397,374,311,358,353,350,337,567
right there.
564,997,659,1805,675,872,662,857,491,579,472,1288
381,374,500,82,375,701,414,523,368,369,365,549
i hate revision, it's so boring.
i'd like to use the internet.
1074,935,929,694,511,929,894,582,524,637,990,508,1017,1123,917,1185,981,1087,657,1359,498,969,498,1278,998,674,1242,639,1109,984,718,1306,1518,1078,1368,544,971,1215,1114,1113,564,985,670,1204,971,1039,536,595,931,714,554,945,970,1155,974,685,560,644,1002,579,712,1321
320,651,465,399,378,675,690,329,347,569,345,468,378,347,594,602,708,359,365,475,471,683,479,344,671,581,366,390,370,565,480,558,416,352,456,472,668,477,386,485,396,657,415,366,675,388,467,395,674,415,391,702,688,364,570,401,388,393,557,390,393,528
he needs someone to explain lambda calculus to him.
i have to get it looked at.
942,554,951,943,572,563,611,513,989,509,1170,1028,568,1319,974,550,993,678,1191,1000,508,510,1295,1233,407,1166,1012,1008,1219,429,1055,727,602,438,1005,607,434,1245,655,1054,1233,1036,554,963,721,1224,971,1010,1128,1077,1279,1561,1122,984,965,405,685,535,989,709,1250,990,743,560,656,986,1164,707,987,1217,1220,1209,1148,617,657,986,420,693,1300
466,390,658,568,388,385,462,486,666,464,358,547,401,335,583,384,693,415,371,683,394,606,390,475,484,372,553,685,489,481,596,593,500,492,684,580,511,467,606,405,493,409,489,689,426,370,694,517,388,570,568,490,366,688,516,486,585,411,689,415,347,663,520,411,404,687,367,415,683,476,373,374,501,411,477,695,498,413,544
it costs twenty dollars per hour.
clearly he would not venture to descend while his enemy moved.
1094,698,953,640,1195,541,725,520,955,721,497,603,952,695,905,900,618,1175,1209,1207,412,653,524,990,1335,556,637,1007,998,1237,1002,644,1295,1750,601,1216,533,386,613,1224,989,929,969,556,955,479,1220,999,1226,588,992,979,1230,693,992,617,552,985,691,1008,636,566,962,720,1199,977,602,572,512,612,574,979,600,986,515,950,1132,1232,629,976,999,1117,537,985,614,1048,604,1105,947,942,1080,1191,739,641,643,1318
330,399,647,567,364,478,398,477,678,410,372,366,559,393,388,666,511,378,480,479,496,383,474,684,386,380,372,672,491,380,439,371,574,506,562,447,394,483,391,466,393,674,488,385,677,378,367,400,483,487,673,561,366,409,669,569,431,563,425,386,414,388,665,426,351,663,511,431,485,572,412,576,493,683,403,539,392,483,410,701,502,385,489,691,405,569,424,569,419,742,562,386,572,442,523,543
i have two sisters.
1093,913,922,388,684,546,918,727,495,1219,939,521,1121,507,625,483,574,465,1420
329,669,478,468,580,389,699,423,380,390,708,467,329,428,333,332,341,474,555
i was going to the library.
1100,915,450,367,479,930,710,1203,1095,978,713,946,712,1211,969,739,953,560,942,1228,1169,732,587,398,610,904,1245
315,651,367,466,430,641,468,386,382,574,468,707,402,366,663,393,505,387,707,481,386,568,353,445,359,334,561
need suggestions for a good ir filter for my canon.
right there.
937,569,572,595,947,520,1016,757,748,582,539,721,1112,1204,926,518,941,677,1198,642,955,415,948,761,1202,1192,660,947,1154,672,948,694,1109,1188,744,597,690,935,703,1135,674,926,982,919,899,660,436,935,1205,939,1267,1561,695,1101,744,715,955,946,747,945,604,672,590,1242
560,372,377,480,675,452,391,477,471,368,464,400,399,369,593,469,682,495,369,392,660,480,670,518,404,409,486,683,376,397,679,505,398,513,430,405,423,698,502,397,408,683,566,400,701,582,499,585,372,583,574,430,393,374,496,411,695,691,430,496,409,412,417,562
really.
i love the lakers.
617,554,410,1179,1182,961,1361,1569,1096,948,1175,1149,687,574,950,710,920,582,913,1165,424,1077,568,652,537,1254
378,369,481,489,488,339,519,401,330,649,429,360,545,387,657,387,487,366,679,464,488,475,377,376,478,513
i've already seen it.
the great indian tamasha truly will unfold.
1121,1429,735,572,974,446,1216,661,578,432,648,964,931,542,599,609,994,995,1132,740,1327,1602,714,919,551,949,684,625,524,480,673,966,1114,966,582,1097,442,984,977,708,419,1074,442,657,965,433,981,703,638,1045,1232,942,917,520,1125,1214,1293,970,1103,1003,675,1187,1227,625,1288
343,436,572,398,660,473,457,397,371,473,466,404,668,457,367,377,544,669,351,404,518,421,390,452,369,637,491,386,376,446,360,634,335,511,447,331,465,530,644,369,464,519,461,529,449,456,647,363,351,374,448,377,637,355,347,441,445,653,318,524,473,337,444,446,525
are you american.
do you want to come with me.
409,645,543,963,1042,1246,1080,956,433,1046,590,687,1144,679,446,969,1303,1568,567,1236,985,1007,1243,1067,967,490,408,964,693,963,709,1203,957,593,1157,1036,581,989,503,1142,729,967,980,1087,579,1298
451,337,341,616,331,319,329,587,441,505,350,359,303,537,452,529,490,410,452,314,613,344,310,337,613,351,452,510,348,635,360,295,641,540,352,541,374,654,354,327,373,450,649,544,364,506
it's not very expensive.
1080,705,1377,509,985,1017,1229,692,976,625,527,648,951,963,531,583,1333,579,1025,557,1156,692,593,1370
282,344,397,424,614,505,313,346,625,522,360,354,338,632,346,552,339,323,508,453,348,532,352,501
i finally got around to using jquery to make my bio collapse.
1102,940,637,1078,942,411,1260,1260,988,914,722,1196,708,941,424,675,1254,1036,1008,637,984,713,1236,971,1087,566,1167,985,751,1001,1172,435,1105,610,666,943,970,749,1211,980,1073,456,1136,602,1006,1048,951,944,703,1122,1244,972,666,1207,1249,1250,451,1346,560,613,1333
316,637,440,353,551,450,442,449,364,652,481,362,398,659,472,378,372,386,506,454,656,380,347,669,380,456,352,560,461,677,486,360,384,373,395,427,684,392,371,685,560,465,464,378,686,564,355,709,565,399,423,679,561,415,498,493,463,421,468,384,553
the derivation of the word thus appears to be merely accidental and adventitious.
718,938,589,955,613,585,684,1169,678,435,730,1134,1270,993,1001,1262,681,989,747,610,977,976,512,1266,655,618,983,769,1113,1148,552,973,449,1333,1332,622,452,726,566,985,761,1274,976,767,622,964,1083,622,683,624,1256,999,964,462,645,658,1185,651,618,989,758,421,1237,977,441,978,674,982,473,647,700,586,982,787,1123,769,1131,1282,1060,610,1341
392,465,377,657,500,390,391,353,561,484,398,382,351,542,669,354,465,648,399,388,662,661,349,384,373,489,656,400,365,356,477,676,481,391,393,386,470,382,480,663,384,363,667,579,379,707,590,371,391,374,485,385,692,483,555,548,361,493,352,540,386,481,454,665,488,565,492,682,476,463,575,390,598,419,392,407,403,376,411,500,568
that's too expensive.
757,976,465,791,1385,583,992,788,1303,1293,983,584,636,1343,638,1047,606,1235,726,628,1454
390,496,485,407,507,514,696,399,384,385,712,395,587,388,390,569,512,359,575,403,554
not much of an update.
1010,1242,776,1040,1115,1047,588,720,914,1286,664,906,429,919,920,1009,1309,656,473,766,592,1342
568,365,397,685,545,365,467,564,698,364,476,709,464,598,713,403,419,479,474,387,369,536
is twitter's connections api broken.
it's august twentieth fifth.
1121,550,964,728,537,1129,748,758,577,664,1440,567,968,627,1209,1050,1044,655,664,774,1160,1263,993,598,1025,504,1408,1238,1017,790,749,1288,1224,666,1029,1369,1567,1130,719,1379,522,988,419,1040,700,1067,558,753,938,697,529,623,994,710,1144,579,713,924,911,646,1146,652,721,901,1234
363,482,683,403,377,383,405,405,394,392,473,497,692,586,392,578,581,395,589,413,403,361,568,468,678,477,396,334,654,567,395,368,480,384,600,525,506,350,390,449,481,670,458,377,497,381,457,392,685,409,380,380,591,407,336,384,384,492,729,484,402,488,389,551,581
but too often the music sounded thin and pallid.
714,1008,707,947,709,1199,1195,942,1214,719,720,583,933,939,735,909,566,944,1036,992,513,1087,657,931,544,1203,996,979,628,598,636,992,730,965,1147,994,979,431,990,643,981,1290,434,1212,1216,1144,570,1310
570,400,398,695,396,390,391,707,381,468,371,397,626,738,405,538,393,732,579,405,483,445,586,725,492,428,451,622,491,412,525,700,432,515,406,609,744,499,605,488,729,430,493,517,521,410,502,556
you're welcome.
987,1229,1033,1362,631,566,926,479,560,1227,645,1217,1052,586,1387
353,341,352,499,411,373,726,386,370,521,565,427,620,405,565
it's shorter than three miles.
1100,692,1306,479,960,502,950,1210,620,705,575,632,949,725,942,404,961,955,729,957,593,528,527,945,1059,1136,1244,602,549,1307
350,385,486,475,693,480,520,414,405,439,423,426,722,430,529,501,607,736,408,527,402,390,388,747,599,423,526,412,487,568
google is always a good place to look.
698,1228,1240,694,1208,591,971,1131,521,968,401,1237,493,397,934,539,938,431,951,769,1277,1267,605,964,1352,1277,432,665,574,727,1299,979,1275,1267,1267,1243,1186,1383
502,403,401,512,531,424,693,407,495,699,498,504,384,499,462,510,701,491,712,526,428,429,502,700,432,508,519,565,408,418,401,713,503,463,380,407,486,585
but then i get to go home.
they call every number.
891,1040,729,933,745,950,581,991,986,1145,973,744,579,694,980,727,1247,976,761,1235,975,1012,1254,1110,594,1303,1602,700,954,550,977,934,666,428,1243,1250,994,524,693,567,664,1002,963,1057,1047,1103,670,542,630,1295
565,389,396,705,419,503,394,589,729,378,712,499,413,406,705,415,371,706,519,383,732,505,385,582,411,577,464,410,487,403,394,693,585,505,492,490,720,406,592,414,396,368,707,587,355,581,596,403,387,581
the derivation of the word thus appears to be merely accidental and adventitious.
706,900,547,932,618,550,623,1107,667,350,674,1096,1209,947,971,1196,670,969,697,948,546,956,443,1204,594,574,974,688,961,1077,508,965,380,1324,1324,548,401,638,490,990,697,1289,985,714,581,986,1051,581,668,586,1208,965,943,412,621,641,1134,633,610,989,754,439,1220,989,449,999,667,1009,480,657,778,618,1012,772,1180,744,1210,1043,981,562,1268
385,501,403,709,507,389,393,365,592,503,395,396,349,571,702,365,506,685,407,483,404,702,385,353,377,497,678,402,473,346,484,707,486,367,371,374,483,385,486,690,399,367,680,584,400,699,571,389,399,392,478,384,713,502,565,574,369,507,416,576,411,501,473,698,499,583,485,695,504,476,601,410,570,422,361,411,372,417,297,467,494
do you accept u.s. dollars.
616,1235,955,969,1237,1024,916,430,659,666,556,1323,711,939,1110,1245,538,1263,957,619,1240,1273,1283,443,650,530,1328
462,332,653,361,337,348,656,522,559,554,377,348,374,679,328,576,474,579,676,474,369,486,484,486,357,488,559
humanity, when surfeited with emotion, becomes calm, almost phlegmatic.
951,1050,1079,376,910,1004,667,888,1084,918,479,881,565,911,900,500,1002,611,641,515,1073,687,535,573,891,465,1116,687,891,900,581,1060,1172,709,1043,1152,924,1164,967,906,586,638,1154,993,593,518,967,628,435,1208,1176,1255,977,435,1237,1062,1180,541,706,912,1291,887,1130,598,748,1137,441,733,1096,631,1408
504,358,638,483,617,380,382,331,594,732,388,491,378,603,722,490,368,380,503,377,384,409,393,540,708,414,392,401,521,719,397,572,401,424,433,403,616,570,714,600,389,584,410,589,410,492,695,572,513,494,608,585,696,498,490,587,367,455,388,706,404,547,525,409,518,618,512,416,403,618,601
sorry, i don't have a pencil.
550,1247,654,661,982,1265,974,1197,983,610,1252,982,1398,730,971,999,437,719,586,972,474,975,1360,609,1041,675,1125,1218,1315
475,361,404,405,354,549,696,345,690,495,391,585,472,404,712,505,507,575,408,717,493,713,384,390,598,579,373,502,590
son has me looking at cars online.
547,1256,994,986,988,451,573,981,1083,605,1014,1241,1267,1265,1145,1148,1019,768,1007,459,752,994,677,456,689,551,1012,1306,1029,1291,1179,1069,626,1325
467,368,577,703,469,484,465,679,563,388,676,444,345,341,496,370,564,498,682,482,405,687,578,493,386,476,677,351,560,444,351,562,369,540
things are not looking good.
i wouldn't really have lived in east palo alto if i could have avoided it.
710,929,1122,961,770,583,983,447,713,591,973,993,1227,731,996,1231,1236,1221,1180,1153,1009,795,1008,769,1235,1219,660,1252,1550,1128,960,539,1204,993,1224,641,1066,1397,719,982,625,548,386,1221,1220,989,942,980,417,690,567,981,1259,1138,685,586,612,974,1138,992,971,550,405,542,707,981,1319,445,1253,1234,993,443,1231,722,1250,985,1154,703,972,1186,690,696,1190,1042,1253,594,945,948,438,709,588,926,448,735,1188,1057,651,616,658,944,1183,755,1319
386,476,348,576,495,474,671,487,389,406,692,583,367,384,713,495,388,386,531,413,608,514,729,524,396,401,503,598,439,366,691,371,409,450,541,527,607,500,384,727,397,409,510,484,485,391,702,516,484,571,409,699,471,389,579,393,518,699,389,576,715,390,481,469,403,702,425,477,493,401,673,479,500,407,392,689,392,491,699,388,571,572,390,404,455,467,703,524,482,559,370,729,469,578,420,451,482,393,495,709,391,388,559
some specimens will appear in the papers appended to this report.
dick cheney's dishonest speech about torture, terror, and obama.
564,1235,1062,629,985,575,1303,614,683,1173,1203,635,1033,580,1007,546,1184,1261,1262,994,449,1363,1363,609,443,715,972,1109,959,978,770,943,589,965,1334,463,1309,605,683,567,980,459,1300,1305,612,1002,658,607,648,997,754,1265,992,771,964,1100,574,953,678,612,1265,1129,664,754,1257,1623,611,1142,612,1177,971,668,955,620,1005,613,989,1390,555,973,626,1179,559,956,1262,1006,621,576,730,972,588,1310,643,648,741,1030,979,452,768,1257,1007,715,960,680,1190,602,719,1035,668,595,1179,1013,714,553,648,648,1211,631,1147,983,448,974,642,971,1307,711,471,1121,470,1293
453,395,567,392,692,474,405,375,553,368,600,385,596,477,694,368,382,492,490,699,473,336,337,383,488,392,724,380,591,733,410,507,397,739,384,476,383,386,384,477,718,483,379,374,386,585,492,384,506,706,416,364,692,414,497,391,454,711,374,392,397,383,404,412,579,495,515,373,601,485,703,584,509,417,601,413,405,453,510,678,503,371,486,520,372,577,398,492,424,705,497,390,398,402,608,507,716,482,597,409,451,407,712,406,425,409,424,457,422,404,581,734,406,385,381,384,345,368,594,700,461,592,462,719,358,581,477,582,479,602
which one.
follow me.
541,1141,622,659,966,967,1262,980,583,1341,1534,664,1206,1236,1242,1263,539,984,1062,593,1373
369,381,581,590,504,708,366,602,382,542,453,482,358,467,468,343,361,692,556,372,532
i've never done that.
1070,1262,679,536,933,1042,533,635,531,612,990,583,1194,975,563,1000,696,950,386,682,1269
353,477,580,390,694,569,402,584,393,382,700,504,373,599,387,686,415,497,484,414,551
i'm twenty six years old.
i have a google addiction.
1084,1409,1047,986,717,489,586,979,667,943,934,516,1131,627,938,924,630,433,709,513,953,1226,1223,610,1293,1534,1102,914,897,394,667,557,924,405,928,663,1230,1227,676,1250,585,967,435,626,625,1189,624,701,1152,1247,993,1351
364,503,623,724,397,359,385,619,373,386,743,480,366,616,716,441,385,521,409,508,703,393,514,496,579,492,383,713,531,488,562,407,720,489,716,490,387,390,493,495,403,691,486,478,471,375,582,413,365,344,544,519
have to brush well in the morning.
911,395,688,554,951,707,1228,951,731,636,1032,547,930,920,506,605,1262,1256,964,1120,938,945,708,931,572,944,1053,1189,638,969,1079,929,742,1290
488,486,563,404,665,399,338,655,586,381,394,471,516,701,380,383,496,490,709,382,581,728,409,516,411,733,576,400,405,605,406,597,481,610
nancy pelosi gave the worst commencement speech i've ever heard.
921,414,932,618,938,877,1258,539,1183,1157,518,1062,908,706,383,617,539,916,687,884,536,909,491,1193,640,517,691,896,595,1135,988,986,558,943,555,587,1080,575,962,706,937,531,1244,564,569,651,895,887,1054,1369,735,560,890,557,700,554,641,884,893,558,420,643,574,1289
572,480,560,565,334,690,363,388,470,348,459,361,688,477,468,550,396,715,414,516,384,727,372,405,389,479,425,728,569,435,602,613,396,618,590,412,584,405,599,419,719,487,415,380,384,569,515,705,378,451,602,402,690,404,587,391,386,725,531,382,480,389,509,554
can i bring my friend.
the recovering economy is bringing more people back into the market.
660,444,995,1008,1127,994,709,567,1037,906,715,917,1071,942,879,681,649,1099,566,906,612,1259,1508,671,946,562,954,654,581,606,1163,676,540,632,1125,967,736,978,563,613,1188,950,1144,1028,933,926,1113,512,952,691,587,1118,958,721,1128,960,720,961,1114,1229,618,556,951,1211,524,1115,1235,1141,550,931,660,392,574,1063,928,1057,912,698,1143,923,716,910,542,914,989,422,612,1112,554,707,1256
570,487,558,707,375,717,616,391,407,617,509,716,645,413,737,526,429,430,414,629,494,590,468,414,493,415,677,404,399,585,385,596,417,417,386,580,524,687,399,593,402,600,408,585,392,720,384,486,695,592,410,395,565,517,384,572,522,708,649,370,410,403,708,376,373,387,390,496,389,690,567,505,601,484,708,383,597,414,369,706,423,497,392,722,589,493,399,539,387,408,564
by the way, i'm totally inspired by this freaky nike commercial.
858,891,864,683,854,527,890,465,384,889,1056,928,1100,1308,1030,969,628,1162,640,362,1172,1172,933,867,1078,928,498,1245,1074,647,560,593,942,891,961,910,699,899,1077,520,917,625,604,512,377,1078,953,895,957,1107,1089,562,939,552,1132,1112,1104,514,619,571,1102,437,1160,1227
589,329,690,410,490,385,710,386,489,349,600,712,375,488,592,689,362,378,374,468,499,501,367,662,382,574,466,399,382,417,389,516,684,585,368,718,410,506,388,478,709,517,391,401,503,498,420,723,615,406,545,402,702,579,428,627,621,373,391,567,407,493,535,604
who would you like to speak to.
448,893,1160,916,460,1196,943,1178,576,912,920,1178,962,870,1138,1063,1051,562,903,684,1165,907,485,1255,406,1107,917,916,684,1164,1234
368,550,414,735,385,410,462,539,501,716,405,380,414,707,491,409,534,394,744,414,401,724,496,439,501,510,724,737,416,404,573
back when i worked for nike we had one fav word.
663,348,568,1086,935,459,903,549,962,940,1096,928,453,1169,579,1066,519,554,916,603,1152,602,921,985,1110,1144,540,954,460,556,949,958,415,672,955,1268,965,598,1001,651,407,700,1000,504,1262,663,603,1339
626,504,606,559,735,407,559,416,646,759,412,758,415,435,424,562,422,532,774,534,444,431,757,642,444,555,442,754,431,428,766,568,525,552,752,437,665,440,767,519,508,613,755,414,460,446,569,589
guess i'll be retiring my g and start using my developer g
657,994,535,498,499,955,1123,1331,1217,1220,975,693,529,964,603,530,668,1124,631,530,1119,964,947,1005,928,928,655,948,369,916,595,949,486,711,358,650,681,952,1038,490,1070,908,697,944,1032,944,900,587,536,644,539,1215,1167,1301,528,617,946,716
531,451,407,510,512,716,404,529,543,549,700,609,426,722,432,418,456,425,459,439,430,608,666,593,375,716,526,711,529,609,502,713,516,415,530,435,440,715,401,491,392,627,508,725,611,367,735,508,416,591,422,502,392,385,428,423,729,519
no.
now or later.
987,1264,1384,1510,914,1242,514,948,1263,617,948,1253,400,713,521,614,1332
645,420,626,434,648,390,402,724,392,414,725,483,492,428,398,393,561
how much are these earrings.
how long is the flight.
964,1225,512,946,1173,1101,658,965,977,448,665,572,1004,722,973,567,527,644,989,632,451,710,566,1035,869,654,500,1286,1549,985,1233,510,982,1213,1135,973,708,985,1124,539,975,716,917,566,967,660,1170,1122,710,930,672,1274
544,384,393,713,618,407,585,559,755,495,408,404,716,421,537,392,466,400,748,390,504,427,373,406,631,506,505,555,457,517,393,397,724,513,405,590,518,712,385,501,693,432,537,407,718,515,513,406,500,539,401,593
i'm coming to pick you up.
1051,1387,1065,960,649,1197,1048,1087,919,726,967,734,1213,968,1296,1113,660,978,1003,981,1258,1046,926,1039,1342,1342
371,463,603,713,567,384,571,407,601,505,709,417,368,693,409,381,566,715,400,367,342,354,666,362,346,578
going to the dentist later.
687,1224,1091,922,729,928,689,1197,894,708,839,554,850,588,565,915,701,1100,531,711,908,1213,412,727,528,615,1257
510,441,406,637,509,747,412,352,704,409,526,379,754,500,393,620,420,406,515,428,754,520,511,415,387,369,577
do you have any coffee.
i came with my family.
611,1237,944,973,1232,1040,917,967,443,704,587,918,453,962,1001,941,672,1237,667,670,592,593,1301,1511,1107,964,660,430,1247,561,967,491,1136,698,917,929,1013,930,899,643,423,1077,1114,1246,953,1337
493,372,709,391,369,377,667,501,496,572,382,701,491,604,345,743,592,401,504,500,397,409,624,502,381,734,577,502,394,389,708,350,373,407,532,746,592,398,742,484,487,570,402,491,368,559
right there.
i don't understand.
607,1104,686,885,686,922,693,888,516,607,532,1297,1522,1122,954,587,1231,940,1400,715,970,1056,991,583,570,653,504,703,383,966,596,1293
369,361,510,535,407,726,407,535,402,391,393,549,490,366,709,462,390,594,479,408,710,379,586,509,404,419,487,371,506,612,497,554
i was just told that nike layoffs started today.
1131,943,489,373,505,956,1002,1020,515,698,964,686,1168,1252,616,947,719,943,412,700,950,979,1149,1134,584,973,1236,416,981,1234,699,702,559,934,556,743,457,637,718,591,617,932,728,1212,648,452,1000,1342
332,725,389,495,467,687,483,352,466,391,727,385,386,517,477,751,407,533,486,400,751,633,399,550,386,734,493,474,431,401,502,513,498,731,495,423,520,388,409,401,531,742,403,389,504,502,421,544
the derivation of the word thus appears to be merely accidental and adventitious.
much needed.
734,913,551,931,604,537,620,1099,666,365,663,1085,1203,912,922,1167,676,937,700,910,532,928,485,1190,614,586,915,682,909,1073,516,896,404,1300,1291,549,405,685,495,926,697,1242,936,715,559,928,1014,567,663,550,1178,943,881,400,637,655,1093,605,563,928,693,378,1184,913,406,934,636,907,427,647,648,576,918,694,1097,694,1049,1188,1040,527,1205,1523,1123,998,646,896,914,973,566,591,612,564,617,1265
409,502,391,729,500,385,399,388,615,537,397,387,356,568,743,367,490,707,424,517,402,729,379,387,385,503,736,416,511,375,490,734,487,376,377,377,502,399,486,723,373,369,701,562,373,715,554,383,385,368,521,401,729,488,549,548,383,482,390,584,393,481,493,716,483,593,459,727,475,464,581,387,605,411,402,410,426,431,434,511,570,484,608,407,573,527,743,597,382,397,499,406,478,561
while each animal wandered through the maze, its brain was working furiously.
what's your favorite movie.
446,917,1100,1185,558,946,520,346,611,913,915,366,939,1079,1159,366,1261,941,414,380,951,536,473,568,476,521,955,656,908,542,1198,955,672,890,859,668,855,529,859,970,375,505,538,1175,915,1108,663,480,915,876,559,384,1090,909,910,457,362,475,902,440,559,1104,1059,916,702,902,896,669,987,592,1101,1180,938,503,1181,974,1234,1543,477,914,384,688,1339,478,926,965,1236,1054,920,907,631,392,619,1228,616,1093,727,545,911,1007,1160,680,1117,587,1308
361,488,377,499,365,691,357,467,555,515,728,493,591,390,628,486,523,719,382,534,615,488,393,384,396,528,716,414,535,397,435,479,514,545,717,414,517,391,737,596,484,563,393,621,728,384,423,501,715,604,391,480,405,612,733,406,483,443,716,393,392,513,416,610,498,745,753,513,453,403,434,435,486,486,520,417,604,465,403,524,502,398,502,506,724,411,394,403,707,711,489,486,558,405,389,411,415,413,718,603,392,572,411,381,572
just got a free android phone at google booth.
1075,1015,542,706,935,739,1243,676,932,422,937,747,615,540,539,951,417,973,595,674,1233,1115,616,949,1310,968,1313,1002,611,968,413,694,974,690,1203,1185,707,1249,635,970,681,1250,1255,715,941,1260
505,426,470,424,735,503,428,409,741,501,738,523,393,410,408,732,496,601,497,421,443,422,506,727,450,549,444,634,408,751,492,412,733,508,456,462,543,545,414,746,616,451,449,436,572,586
how strange it is that our dreams often prognosticate coming events.
938,1234,507,919,504,694,609,389,954,699,537,933,1107,693,938,1112,513,942,697,931,392,691,926,1263,994,672,916,567,647,538,386,1113,525,967,1197,607,679,518,989,947,1283,621,1194,702,904,1171,537,692,1053,657,416,731,582,932,615,1126,1005,1077,927,713,971,524,667,550,939,715,531,1308
533,416,398,740,498,417,393,504,620,519,398,740,410,413,731,411,470,725,409,535,490,407,752,422,454,402,743,516,425,410,537,631,489,713,424,511,432,410,634,747,455,431,456,526,620,414,485,428,435,599,527,447,435,753,603,443,639,441,650,530,729,423,592,429,642,447,514,574
damn you north korea.
i'd like to buy a bottle of water, please.
606,415,1107,1041,955,1011,1239,1066,936,967,1236,646,700,911,919,1132,1197,610,509,350,1271,1519,1091,1281,569,951,1188,1116,1114,534,946,632,1216,942,674,1011,961,874,394,891,697,1174,648,655,1158,529,925,1221,625,945,475,382,664,506,595,1172,945,1321,1223,523,376,510,545,1270
479,504,632,622,718,421,402,410,693,605,404,402,427,545,746,528,429,417,395,499,566,512,402,528,508,712,500,404,521,414,717,407,405,724,587,379,344,710,486,704,583,412,382,385,559,400,741,389,489,718,387,491,395,389,386,599,731,402,515,389,482,467,387,577
follow me.
what can i do for you.
618,1201,1196,1192,1220,501,906,1092,557,1250,1537,443,866,369,683,888,606,388,933,915,1065,914,593,1211,931,648,1223,598,926,950,1204,995,1311
486,405,509,507,405,380,713,582,390,550,456,383,516,504,362,728,561,501,570,731,388,726,477,418,733,498,407,400,743,435,417,440,562
it's here.
when did you arrive in boston.
1112,670,1335,515,934,964,578,684,567,1256,1478,494,925,580,992,961,622,1131,617,966,961,1239,1007,924,428,637,639,1124,693,560,930,1134,962,931,876,1181,504,666,1205,926,1215
377,416,511,492,714,523,404,417,404,586,480,403,527,398,618,732,493,421,501,713,469,444,466,741,503,399,402,412,589,424,750,411,616,632,623,390,450,375,330,569,568
it depends somewhat on usage and on euphony or agreeableness of sound.
1109,675,948,590,555,1297,550,940,577,490,965,491,1190,997,554,463,926,377,655,940,1244,933,956,1005,502,396,699,529,947,411,917,621,963,1221,955,978,540,1020,1294,904,1207,966,934,921,1218,623,936,384,642,539,550,561,382,663,1152,559,973,593,516,524,959,1205,658,964,527,1199,979,963,612,1312
322,389,658,483,387,351,374,565,468,445,663,448,366,578,376,361,492,470,375,703,355,592,715,395,437,462,466,374,681,459,579,431,706,352,551,700,334,425,400,562,399,599,383,719,387,382,717,479,371,387,385,373,496,571,467,386,584,373,461,459,685,364,471,673,437,410,412,596,442,543
that's not fair.
690,914,383,679,1300,500,959,947,1202,680,939,667,417,1108,625,1303
383,479,458,369,452,440,652,543,340,369,642,465,455,328,356,534
she turned toward him, her face troubled, her eyes most wistful.
what is today's date.
515,896,574,941,692,1036,570,916,571,603,942,658,1171,485,407,639,565,930,966,1109,1091,1168,982,955,563,643,964,667,431,663,580,970,715,620,1246,1026,707,1222,609,645,1118,967,943,614,690,948,576,977,582,550,940,1144,1243,563,734,981,520,1164,575,732,672,1086,1207,1248,1542,502,918,409,707,926,1121,518,933,677,1226,648,458,950,1333,548,944,638,449,745,590,1291
419,463,368,627,364,315,341,552,346,426,643,347,328,347,488,354,453,650,471,338,504,538,646,463,350,356,651,446,453,510,354,637,361,356,349,349,517,428,339,434,520,650,460,332,350,658,332,403,323,420,646,572,349,428,344,668,301,352,417,334,440,359,490,562,480,325,469,428,328,668,345,416,657,328,348,443,433,354,444,416,659,409,418,310,312,540
where's the post office.
503,916,604,665,568,1399,518,967,705,545,949,1368,1317,1159,566,738,957,1268,631,646,1171,684,612,1354
342,491,367,373,348,460,448,666,348,341,680,387,370,370,430,348,690,382,420,441,373,528,364,558
now i wish he was with nike and not adidas.
963,1258,533,974,1153,979,524,1192,560,943,958,955,607,973,533,429,543,990,515,1218,751,968,975,1036,1234,1203,670,1018,470,1013,662,1031,1046,1291,723,1023,489,682,1222,657,438,582,1288
583,401,334,717,372,703,347,368,469,517,740,536,354,714,356,444,419,704,344,405,387,541,738,596,411,547,358,711,427,609,435,704,600,395,366,712,436,463,409,449,443,448,595
everything is fine.
do you like it here.
553,706,574,632,909,715,900,1128,950,716,918,1127,546,926,679,1140,988,617,1246,1618,621,1272,968,966,1278,1038,917,1243,1155,1131,615,953,1184,730,959,975,600,668,607,1295
345,550,364,313,346,342,469,366,584,428,718,351,447,689,457,362,556,362,565,454,444,378,656,386,358,368,640,441,351,476,353,667,349,362,670,501,344,356,360,535
do you want to come with me.
438,1159,864,899,1188,956,855,407,316,927,579,945,590,1206,929,554,1160,1002,490,956,392,1133,607,888,919,1020,484,1278
514,369,740,351,329,338,683,374,502,544,370,706,363,347,714,580,370,593,376,698,381,349,390,520,738,612,385,590
five things wolfram alpha does better.
543,1122,584,442,913,575,877,1052,889,581,423,946,393,1189,1209,541,528,308,1046,954,308,1179,1295,924,319,953,529,1239,505,439,961,612,466,604,606,472,553,1350
499,373,633,385,716,405,520,378,623,506,500,694,384,391,495,529,410,517,587,712,498,537,426,528,502,720,501,414,411,483,707,587,415,420,423,418,418,567
my throat is sore.
1074,912,858,622,847,504,1159,302,602,885,1077,414,912,414,1206,527,438,1233
620,393,756,441,562,410,429,489,421,746,410,514,704,486,354,407,391,559
try to say it.
i just created my first latex file from scratch.
580,474,838,822,601,1110,853,452,313,841,787,1053,583,1224,1562,969,829,929,900,437,601,832,539,500,432,292,539,424,476,849,963,902,881,554,1084,537,418,587,887,1121,312,606,472,473,891,586,1042,1159,519,889,603,562,1123,986,902,444,550,566,319,599,501,840,1290
391,372,367,680,386,334,688,487,488,372,683,328,379,523,431,317,659,475,365,448,386,677,571,376,384,486,383,374,495,664,550,369,702,476,359,385,466,397,673,482,471,388,380,626,672,486,386,484,389,702,496,395,385,548,684,521,582,399,506,395,602,485,515
do you sell batteries.
lets go lakers.
491,1185,852,906,1174,935,832,431,515,1155,1152,852,606,330,622,625,445,1107,510,445,438,1253,1536,1131,468,608,409,888,574,1165,891,1140,328,1055,494,577,435,1254
480,370,719,408,390,412,724,477,392,500,504,700,621,520,428,432,416,378,401,393,514,546,445,473,386,393,493,716,502,363,679,481,487,479,386,385,472,515
he also told me that he hates lebron james.
which one is cheaper.
908,434,879,300,1144,423,1141,879,593,1114,1147,510,888,1026,480,891,613,867,321,619,873,869,507,871,870,339,657,480,448,886,1169,495,593,581,1163,907,896,1005,390,1091,521,477,1243,1614,435,886,1134,572,887,896,1201,900,497,934,1108,468,936,560,928,532,358,1220,490,576,1295
499,355,687,467,482,455,385,696,383,391,506,479,700,588,388,694,403,507,484,405,719,547,383,739,539,473,386,371,492,727,506,378,605,386,402,613,723,510,501,624,407,494,589,444,383,506,364,597,517,714,371,578,391,696,371,471,679,583,529,377,485,362,380,382,538
how are your parents.
861,1187,474,891,377,615,516,895,922,1198,980,581,882,1274,376,636,526,930,666,482,1304
467,346,370,673,483,362,351,663,388,365,384,383,716,382,484,400,387,589,380,485,550
he volunteered a modicum of advice, limited in quantity, but valuable.
921,512,928,648,1160,1197,1007,975,662,499,508,586,487,529,940,393,938,1123,1245,582,1136,611,1088,1128,953,1273,625,952,408,575,639,1133,567,561,1058,955,1148,1054,1012,1079,678,535,572,943,1094,931,927,367,988,369,940,688,1066,682,912,975,924,859,975,715,882,630,409,1171,979,504,636,1179,550,1313
503,415,695,619,421,535,430,610,434,396,402,390,388,495,713,496,723,599,404,492,434,597,447,622,729,419,498,723,507,501,603,441,614,427,656,742,529,398,601,422,423,416,543,726,405,603,748,413,463,508,634,426,441,432,440,657,756,641,420,422,757,602,517,544,445,493,590,558,409,631
i'll call you when i leave.
i was going to the library.
1089,1385,1186,1180,926,611,395,1230,1238,908,974,1208,1040,893,479,926,572,931,924,1086,916,1166,557,420,689,562,1257,1502,1083,899,550,403,509,918,706,1223,1094,958,730,924,705,1248,915,707,883,542,893,1139,1035,678,616,411,639,925,1447
395,538,511,518,724,588,507,535,517,745,433,416,421,712,414,525,399,641,754,398,736,510,404,503,606,433,592,505,363,683,401,507,463,683,509,427,397,608,506,724,421,313,670,402,482,373,714,493,388,577,386,487,386,364,562
be in good physical condition, with good eyesight.
704,542,894,1099,894,890,699,1216,1221,591,890,1292,880,895,514,1136,610,414,1222,891,635,1203,898,592,1155,694,1111,1239,935,1170,932,519,1142,724,952,919,709,1272,1268,728,932,567,992,580,567,1121,760,937,728,1253
564,391,703,360,588,727,482,343,342,481,676,366,504,386,459,323,550,485,472,690,588,395,605,464,363,403,395,388,583,589,710,389,358,385,497,708,486,373,366,498,696,358,420,363,489,373,513,510,397,550
the committee worked in accord on the bill, and it eventually passed.
701,902,567,931,670,1202,1036,1026,728,686,689,529,549,914,470,1216,625,1145,567,610,952,1135,963,956,431,645,666,1262,637,591,981,1307,1004,989,752,996,609,988,764,1173,1288,1287,1298,1005,449,1015,697,1009,1208,736,991,619,754,656,1016,776,1032,478,1248,1242,1015,953,1350,493,605,606,660,660,1355
389,486,387,667,583,375,561,579,405,382,371,364,367,673,360,391,364,482,371,491,675,353,552,701,495,548,547,338,363,460,668,334,545,680,381,467,364,680,561,383,481,483,564,694,464,573,464,675,334,370,665,350,536,375,571,386,375,479,454,462,329,658,373,472,448,456,362,446,523
for anything shorter, it would be insane.
715,1288,695,1002,446,999,995,770,969,1153,992,798,1012,596,991,1265,658,753,607,691,1192,1005,1182,744,986,542,1307,1062,1278,670,991,782,633,969,1217,1033,594,481,1079,657,1353
463,364,372,681,470,606,350,380,499,365,584,475,676,458,479,337,367,379,381,368,567,690,328,373,676,352,366,378,490,464,662,579,358,692,328,535,453,465,556,339,549
at fifth street.
be quiet.
492,749,993,676,1181,756,731,956,969,556,753,643,573,581,704,1295,1612,703,572,1007,364,973,1114,520,712,1220
473,348,649,464,327,372,351,458,676,441,371,355,351,350,343,538,483,541,370,655,346,402,359,343,349,531
tell me again
do you know what this says.
670,524,1203,1202,935,1029,570,966,411,740,394,1148,987,1511,654,1236,996,994,1236,1038,926,1123,957,1238,538,932,711,935,417,708,947,729,955,1152,540,955,551,423,987,560,1369
339,330,483,479,698,574,341,691,449,448,440,365,552,427,452,345,636,344,326,345,634,438,534,352,312,667,351,464,444,337,674,347,467,357,423,679,414,431,358,424,521
in the case of mobile connectivity, a rising tide does not lift all boats.
1127,950,950,751,938,564,952,627,417,526,608,976,1261,664,969,1058,1239,674,1131,1227,590,991,673,1237,1072,1067,615,681,729,1147,703,1173,703,1003,1220,1000,440,1001,674,1199,776,1229,1025,806,994,759,1168,691,597,982,660,1247,603,551,1009,999,1278,726,1032,1253,1152,744,710,1009,443,1238,1236,1002,731,1278,468,754,565,1338
310,512,645,348,434,320,638,478,440,395,330,640,321,411,650,511,324,532,314,423,346,632,526,327,502,508,336,528,337,323,544,317,346,354,506,659,444,651,322,314,443,308,503,448,641,344,328,455,328,649,430,320,329,405,621,534,322,346,625,411,321,463,328,632,431,433,433,662,542,315,433,344,417,505
the commercials alone on espn are going to drive me nuts.
where is he.
745,930,619,934,622,1227,1167,1168,607,682,653,1227,472,1275,595,1007,465,1254,1285,1047,642,1047,1321,1052,1031,603,549,1416,1097,974,472,723,632,1007,747,1236,1134,1007,815,1010,790,1305,1002,635,707,1210,765,613,995,1122,622,1023,1066,1113,755,572,1310,1619,554,1001,632,714,629,1008,1179,525,955,936,557,1268
356,426,349,655,510,313,535,541,346,332,531,289,437,423,434,623,425,417,302,501,335,615,308,505,642,312,433,352,541,659,420,329,317,633,455,316,323,499,450,637,345,306,631,437,327,328,523,342,664,567,365,655,559,358,353,433,515,418,336,423,337,350,329,645,316,435,651,466,327,522
those men are speaking english.
is your house like this one.
727,864,1228,532,596,929,1034,610,950,984,476,733,622,993,582,1322,656,482,1135,1176,1016,799,1023,629,1009,770,1209,1169,626,984,1300,1549,1166,596,1009,1031,1277,1096,675,987,1000,1274,1054,592,660,993,1248,1162,1151,645,994,769,982,1150,600,991,1277,1000,646,1248
348,428,297,438,335,622,516,348,509,642,478,346,314,635,435,349,342,441,462,333,520,460,620,339,533,460,417,309,447,424,489,387,320,425,607,311,305,312,339,617,429,310,304,433,347,623,427,334,466,340,621,340,443,330,415,632,307,498,340,506
taking katie to see night at the museum.
a little.
735,404,1117,1113,965,729,974,1135,433,734,1167,581,951,716,1226,971,560,597,601,967,989,1172,749,955,730,975,470,758,976,755,976,588,965,1062,1037,570,618,1096,1131,1311,1540,425,990,1246,1164,728,709,1186,596,1274
362,460,442,349,539,453,638,454,457,359,322,335,653,349,320,642,433,339,339,646,543,330,421,469,349,664,449,327,659,353,468,333,673,526,315,448,350,343,550,525,437,440,635,430,333,347,346,446,342,516
it's not too far.
1105,727,1379,510,956,976,1240,723,986,708,1295,1291,974,702,449,691,1283
329,346,452,443,623,538,333,351,625,350,330,335,642,454,446,345,506
the book is on the table.
687,911,560,931,892,1228,1212,1152,960,1104,555,949,1286,949,949,683,881,592,912,716,431,736,1222,601,1349
352,467,352,669,573,355,374,484,639,349,441,673,376,585,703,320,497,349,686,354,430,531,476,352,534
his own share in the proceeds was about a hundred thousand dollars.
910,1119,538,923,1213,513,922,916,551,934,437,666,565,933,1148,961,957,746,952,587,964,1317,683,1235,676,617,622,653,559,980,523,453,559,974,426,761,1257,1016,772,963,478,964,1017,1089,1005,614,678,609,632,986,744,985,1252,1063,580,480,1008,765,993,664,1335,1355,1355,491,679,608,1370
460,330,414,655,368,328,555,685,444,490,466,365,355,675,353,549,683,400,484,385,692,405,391,391,556,393,396,492,474,673,355,499,444,687,463,563,419,414,379,689,458,704,515,406,596,461,372,355,474,701,377,520,390,410,441,464,564,447,698,448,384,493,492,462,346,447,559
it was okay.
1184,754,985,595,483,624,1007,1319,1187,503,1019,1374
365,371,672,366,466,449,668,394,519,452,389,567
a one way ticket.
484,1026,1281,983,636,1024,503,455,1008,990,734,1140,734,1160,657,783,1315
437,639,330,534,335,643,322,431,372,654,349,357,555,460,349,364,537
try it.
what day are they coming over.
770,646,956,914,1149,760,1295,1626,542,975,451,752,975,644,463,1002,953,471,720,610,997,765,993,606,1016,951,720,1232,1066,1135,992,810,1023,1301,789,616,704,1352
368,350,374,642,329,358,494,483,344,469,436,330,662,449,444,345,657,447,344,333,631,350,462,344,352,656,559,350,537,351,558,467,667,334,541,347,344,536
at three o'clock in the afternoon.
456,769,988,782,988,644,565,574,991,1252,1439,745,1286,1273,751,1196,1029,1197,1063,1032,823,649,1031,1029,472,737,801,600,679,995,1260,1261,994,1277
463,334,638,368,459,349,310,312,642,324,436,540,456,352,533,449,622,332,502,637,362,341,648,639,420,438,358,330,327,530,325,326,544,519
he bestowed public buildings and river improvements in return for votes.
971,619,1001,953,629,578,729,1187,507,610,585,934,1268,987,773,1175,1097,683,944,766,999,1107,1199,660,1170,976,806,587,970,496,988,751,989,696,1190,746,610,700,981,1160,1207,1336,727,1245,763,614,1207,631,1031,785,609,1022,1188,1024,1020,741,666,783,1105,680,1074,1030,776,1279,739,1029,804,1294,834,684,621,1426
443,330,615,522,312,390,313,333,321,337,467,654,343,404,563,485,357,542,670,548,410,399,498,439,367,572,471,455,673,464,561,464,668,353,359,542,354,349,685,356,572,368,361,362,539,352,587,369,566,372,449,677,356,560,688,347,352,364,349,353,542,676,455,338,349,666,570,388,375,351,435,542
i think those shoes are very good looking.
798,1096,834,1057,1237,1083,1235,1092,818,1054,1326,616,658,1070,591,993,1298,647,594,989,489,750,642,992,742,636,738,972,958,803,1305,1312,723,1024,1312,1294,1271,1201,1192,1065,842,1389
357,656,382,453,333,538,422,637,368,433,315,420,322,621,415,446,304,318,407,635,435,328,329,640,540,341,347,405,668,452,384,385,435,662,497,387,429,518,391,545,460,546
dicing houses, where cheaters meet, and cozen young men out of their money.
678,1175,724,1186,1025,769,1038,1016,1312,1094,620,678,713,1229,1025,583,1044,708,759,670,1050,638,956,589,421,729,561,655,542,991,1130,607,617,732,1187,1039,468,1032,701,1024,683,1272,529,612,1039,1029,1066,1297,1102,984,763,986,1114,630,1025,1016,1267,1033,729,973,1264,724,1001,784,971,632,702,1187,989,1192,1289,1036,638,1009,1310
396,352,495,356,533,425,632,446,347,360,419,334,446,505,650,331,442,345,354,337,618,530,501,372,466,383,359,352,438,677,569,357,365,370,591,691,480,562,454,674,550,359,562,385,587,674,392,385,316,564,450,645,539,362,538,646,333,369,338,676,333,462,649,383,462,369,383,331,671,559,335,550,359,355,503
playing with twitter api sounds fun.
1302,1186,470,976,1156,999,809,1023,565,1190,772,973,984,768,580,1240,783,785,609,699,998,519,1343,1128,995,641,1311,1032,1061,719,664,1006,784,1145,1070,1356
345,447,451,388,333,558,464,626,337,317,362,449,639,354,330,347,352,353,338,339,641,469,377,369,648,416,372,412,531,428,440,665,443,345,549,541
what time is it.
the republican party is a bunch of anti abortion zealots who couldn't draw flies to a dump.
433,832,376,677,847,673,1026,979,518,924,1065,456,897,1090,667,1238,1546,655,881,494,911,609,524,1244,971,610,1122,1016,601,338,896,892,1213,324,563,642,865,853,1067,460,831,351,881,620,916,874,620,900,884,1179,606,897,379,899,648,971,854,386,693,1137,616,687,1040,1147,914,913,481,545,456,1162,1188,722,560,930,546,948,1193,960,712,1199,1014,1208,646,1037,1385,735,1002,668,708,475,536,1000,746,1246,1132,642,593,1004,756,1232,1004,492,1001,663,1160,1152,1373,1329
482,601,606,495,817,505,466,677,484,818,446,583,786,453,474,670,595,496,571,484,786,485,429,491,437,658,558,449,661,584,652,770,432,577,468,472,431,754,410,536,763,552,756,639,450,680,649,561,789,427,539,782,562,675,448,419,769,546,641,458,465,463,467,432,623,775,624,455,560,556,453,457,530,757,439,591,455,798,620,461,487,563,535,642,522,443,768,543,451,551,440,774,550,523,452,431,511,756,448,448,750,532,766,510,467,665,479,655
math review. im going to fail the exam.
high doses can have adverse effects and even cause death.
1134,509,784,991,986,707,619,726,1167,645,510,1237,1000,1159,1209,1026,754,1281,1165,1014,797,1020,769,1276,1008,757,483,1167,1293,1021,754,920,626,933,569,576,499,1155,1308,1594,923,1109,748,914,934,643,1203,565,625,559,987,681,465,991,990,1013,474,712,616,992,491,669,778,643,734,627,670,1021,684,738,741,666,723,799,615,1035,488,1008,680,1001,559,709,573,1011,1000,672,492,1067,595,658,992,689,639,492,787,1011,1274
654,526,442,554,750,439,407,639,421,422,416,650,774,430,664,729,539,456,427,610,516,738,444,416,727,525,503,444,548,757,429,529,412,753,426,596,515,636,656,450,545,412,516,552,746,507,435,483,403,490,716,583,509,622,747,536,507,584,417,743,508,496,600,408,408,506,404,726,410,516,524,423,588,445,525,723,493,613,485,758,407,575,405,576,722,564,501,395,467,393,732,497,395,493,403,507,577
i forget.
shout outs to all east palo alto for being in the building karizmakaze.
1098,952,734,1194,715,812,649,742,1279,1568,558,963,1190,989,734,950,1215,990,737,565,966,751,1257,968,466,1217,1221,968,566,469,592,750,964,1318,491,1255,1246,996,498,1243,775,1279,999,768,1245,723,1004,766,652,1146,992,802,994,1167,993,993,800,976,645,994,778,1036,1143,1235,766,1159,977,808,1002,1123,504,716,1145,530,1094,520,1161,482,565,614,1276
402,713,506,406,404,512,397,402,550,482,467,507,410,402,409,667,370,386,404,485,654,413,374,663,503,479,480,702,414,497,496,417,709,409,495,527,378,686,500,511,407,382,691,519,389,401,690,587,418,397,568,504,701,383,575,705,419,503,397,698,581,390,387,510,516,413,574,506,706,521,491,390,385,568,568,487,483,479,572,391,569
what do you study.
616,981,516,799,993,723,1019,1020,1060,1288,1115,1027,638,815,1104,729,1028,1378
391,486,498,404,691,496,681,677,409,408,406,665,466,395,391,486,353,519
on my way to see star trek
i really liked learning jquery book.
1262,1023,1011,1211,1059,930,584,500,1018,950,800,1223,961,610,685,701,982,619,786,510,686,985,815,737,676,1167,1499,1137,990,758,676,497,1234,1235,986,908,1210,1116,1120,686,715,964,1217,689,530,743,993,1122,973,814,1003,1023,491,1024,675,773,974,982,971,1225,1220,1164,1332
373,544,695,562,373,660,390,483,357,689,405,401,692,463,383,386,693,468,391,472,367,696,406,396,387,505,495,401,702,407,372,485,500,494,356,654,483,387,495,402,492,711,488,385,490,372,597,383,577,484,688,528,404,441,385,397,433,714,594,410,407,539,590
where is my shirt.
605,950,629,723,639,997,1152,618,998,1135,1011,971,624,1009,1205,715,793,1321
376,515,369,362,358,702,386,463,680,579,354,710,429,474,355,371,369,617
the cast was awesome so it was well worth it.
clearly he would not venture to descend while his enemy moved.
738,877,625,918,693,462,565,732,931,555,482,602,970,482,557,647,607,1201,1099,656,1023,606,1219,1025,1137,748,985,587,508,614,1005,553,675,1263,1271,1014,587,1319,745,805,1002,1020,1188,795,1322,1599,694,1222,658,483,750,1218,973,931,982,648,958,575,1257,997,1263,700,986,1032,1253,768,1003,743,643,1019,767,1082,719,656,1015,770,1274,1016,713,674,597,729,668,1026,729,1050,602,1042,1190,1274,686,1047,1053,1219,622,1042,688,1066,686,1194,1041,985,1181,1229,769,648,667,1314
366,505,355,694,539,482,445,372,704,363,473,446,678,451,339,345,451,388,561,363,680,433,368,670,362,349,668,359,464,429,681,337,359,503,517,698,318,410,353,382,514,712,386,373,576,504,532,495,388,471,404,510,385,690,522,378,714,356,412,447,525,494,706,582,379,381,686,540,362,573,362,393,385,355,670,371,363,670,467,364,442,540,390,580,446,675,347,483,400,501,368,676,490,376,452,682,369,576,360,562,377,690,575,428,563,366,460,545
google wave developer sandbox account request.
lebron and zydrunas are such an awesome dude.
783,1255,1259,780,1256,675,1030,537,480,760,603,1041,677,628,726,626,1272,1224,1383,650,734,1046,600,486,993,673,791,1224,677,1011,525,710,725,1305,1140,1095,800,1073,760,687,493,1113,667,647,844,1346,1595,1289,698,851,785,1236,1032,1043,513,741,1048,1053,595,1038,712,788,1148,1064,548,663,1064,547,806,692,1069,669,1138,780,1029,1015,572,1071,1052,570,643,756,674,1289,1146,741,1084,777,1032,772,742,1348
483,393,394,488,473,386,676,366,480,559,388,678,475,392,556,399,502,388,411,406,403,704,456,475,600,469,574,460,566,742,491,563,570,406,429,592,402,680,407,378,388,427,390,522,419,576,498,489,386,579,426,408,588,712,480,469,686,690,558,435,486,394,427,615,504,471,695,475,414,370,688,465,397,568,504,695,484,572,696,481,370,384,451,401,573,389,690,466,436,479,402,572
naive bayes using em for text classification.
1030,538,1179,797,690,1037,855,555,1054,718,666,1045,1143,664,1238,1051,873,1054,725,1189,1068,824,1300,794,1081,859,710,735,875,1064,771,1297,550,653,661,1210,796,1223,788,566,846,1228,1320,1085,1346
576,471,385,559,390,684,564,477,404,396,473,689,410,472,408,565,502,700,386,613,698,489,401,401,687,410,386,586,430,703,576,488,487,464,462,402,499,411,557,490,409,426,392,561,543
how much are these earrings.
is your husband also from boston.
1027,1190,640,1024,1152,1093,769,1052,1030,568,797,721,1068,860,1065,719,663,737,1047,697,556,785,788,1252,1072,874,684,1388,1620,1237,668,1064,624,1073,1320,1134,1053,1072,1182,690,822,585,1110,784,1084,571,1349,698,1377,1099,854,807,1192,1152,1028,841,1317,666,826,1315,1067,1431
488,367,387,674,576,364,554,490,685,485,392,369,672,416,498,373,435,372,695,375,494,385,390,408,563,492,462,550,462,384,450,671,374,421,392,403,675,512,385,463,563,483,550,467,676,490,502,473,405,680,486,382,557,564,709,580,430,458,391,430,609,563
does that old notion that defense wins championships still hold up these days.
what's your favorite movie.
713,1267,706,642,1046,798,1018,517,813,1041,1323,1309,721,1063,1067,1330,822,1209,1333,1052,1045,832,1033,532,815,1031,712,648,759,683,1068,643,683,1075,607,1260,1099,658,1077,753,1087,550,1186,1383,1154,1315,1070,675,1064,1260,1423,674,1080,657,855,1287,1339,1341,1082,1107,1343,1323,773,1069,1129,1410,1024,844,1040,700,656,730,1043,775,567,1056,692,1363,1542,626,1031,550,825,1453,632,1035,1104,1356,1153,782,1018,792,542,797,1332,780,1222,861,711,1038,1129,1281,826,1224,741,1447
445,419,385,447,681,392,503,473,392,690,410,527,464,695,590,401,377,420,395,568,721,387,502,455,387,676,468,372,474,392,573,487,386,687,385,409,588,452,707,544,506,473,577,419,435,411,599,490,505,391,428,473,692,466,393,414,518,522,696,489,403,512,481,698,420,427,709,404,520,383,451,389,712,487,463,408,464,550,487,375,500,456,371,481,449,673,372,377,377,372,649,487,461,544,355,372,363,392,392,674,557,368,544,372,375,499
stealing.
i just finished watching your stanford iphone class session.
662,836,737,557,1248,1175,1057,857,1339,1554,1213,1044,1116,1094,664,828,1034,760,1210,1061,1218,640,1009,687,727,1028,642,531,773,759,1052,1236,1040,847,1067,1078,1324,1147,739,1030,638,802,517,1050,748,1278,745,661,1051,1223,1404,1109,1332,1109,719,1087,768,1293,557,670,673,1088,662,715,684,680,1239,1333,1084,1333
437,388,388,463,460,378,533,478,500,476,352,649,449,381,420,380,637,443,368,548,367,442,453,375,461,634,368,473,369,513,465,348,517,457,637,365,359,368,365,651,421,364,439,526,435,354,353,419,654,361,380,476,383,540,349,653,499,441,444,419,419,652,409,334,416,421,373,339,512,504
playing with twitter api sounds fun.
1263,1157,485,943,1107,961,816,970,576,1131,790,930,945,781,571,1114,811,814,321,628,722,491,1285,1062,972,625,1246,1033,1024,749,646,1025,750,1208,1060,1314
374,481,430,416,358,563,462,659,345,372,363,487,680,382,335,402,380,378,1059,368,359,465,384,384,684,425,409,441,568,463,460,688,463,381,577,542
which one.
some specimens will appear in the papers appended to this report.
608,969,1140,731,999,988,1290,1042,701,1268,1518,593,1235,1137,660,1024,575,1256,639,709,1134,1065,656,987,549,949,524,1127,1206,1206,964,467,1330,1302,603,477,705,1013,1172,1003,1006,806,287,990,611,1308,466,1348,613,695,587,1019,499,1349,1352,643,1022,694,662,708,1030,799,290,1325,770,985,1144,619,995,730,668,1323,1194,704,831,1295
336,484,374,532,498,673,362,521,366,530,443,424,387,530,366,659,430,404,368,520,385,562,362,560,443,660,361,377,461,462,673,449,371,375,347,458,351,679,367,553,683,371,1068,481,346,369,448,349,354,348,433,654,450,354,352,368,543,453,345,466,665,357,1063,339,369,488,391,439,692,365,339,393,377,340,346,505
just do it.
sorry, we don't have any vacancies.
1014,1046,612,766,1004,720,1291,1022,1188,766,1295,1584,570,1261,682,701,982,1213,968,548,653,977,627,1211,1005,1388,748,1030,1015,478,741,627,250,469,969,1008,988,708,499,713,513,1036,734,1177,727,629,1395
492,368,440,368,670,456,356,656,333,357,524,462,414,354,347,344,348,500,664,346,341,649,429,354,523,435,335,659,475,425,496,344,1059,436,569,356,669,517,458,510,461,527,524,351,357,431,494
what's wrong.
570,991,484,762,1451,589,1039,579,745,1242,1058,828,1400
338,490,432,349,443,434,663,349,356,367,537,428,493
at three o'clock in the afternoon.
hello twitter api.
491,776,1024,801,1030,725,639,643,993,1304,1423,770,1289,1183,779,1198,1046,1199,1043,1050,842,1046,690,1047,523,827,670,782,772,1059,1310,1309,1046,1290,1528,1041,680,1270,1273,1281,1053,786,610,1200,829,814,641,729,1046,534,321,1371,1160
436,342,663,356,468,334,328,328,694,362,482,550,484,367,544,447,664,352,547,674,387,485,347,680,429,436,342,336,341,575,350,352,569,555,450,491,350,459,471,365,663,360,328,381,371,365,348,344,684,457,1074,396,368
right there.
725,1115,804,925,786,927,774,943,631,710,651,1408
343,373,450,501,349,692,352,518,327,347,322,551
where is the airport.
one person said it looks like a big lime sherbet ice cream cone.
573,962,622,708,626,236,1216,603,1028,798,1015,705,1008,525,1197,766,1377,1229,783,849,1282,1548,1327,1041,670,244,1232,651,720,591,1184,966,989,576,453,1082,680,989,1172,774,988,1236,1250,1243,1181,609,987,1245,1172,1139,659,1007,490,1008,785,1184,834,974,1187,1109,1002,671,1001,619,968,678,776,781,667,803,971,1153,745,677,973,765,764,642,492,995,1035,730,1227,1034,675,1237
331,517,338,325,321,1026,321,411,653,334,460,325,687,435,351,332,388,369,343,366,549,465,361,555,361,1060,433,374,362,476,390,587,708,441,455,343,435,665,351,332,666,457,352,347,472,447,696,460,365,506,350,687,453,688,521,386,450,694,489,385,553,362,685,426,487,364,372,521,353,358,713,373,534,365,705,543,353,361,466,597,702,523,387,602,360,581
see you later.
538,610,617,945,1052,1295,965,1015,1223,444,773,611,271,690
453,369,373,709,412,423,707,719,501,486,390,375,1071,385
it's there.
1180,746,1396,591,1013,762,989,655,746,651,1243
389,357,486,420,688,357,512,345,353,340,572
i want to contact our embassy.
1197,985,482,1030,769,244,1032,789,1274,1018,701,1253,1032,770,483,719,754,234,1179,968,665,925,590,1023,753,424,550,556,964,1286
365,713,445,575,365,1057,698,372,384,705,526,402,583,368,441,526,369,1068,417,457,361,727,375,602,581,467,474,486,375,568
who's that man over there.
520,963,1272,1431,545,1022,715,977,444,731,984,1059,479,986,994,1270,740,599,697,1020,768,620,589,669,580,200
363,535,389,471,462,711,408,539,475,400,748,618,484,618,757,400,580,385,389,727,411,376,354,345,349,1059
he found his unionized warehouse job after a stint working for his father, an accountant.
be quiet.
936,589,967,672,1189,995,998,657,1006,975,1130,562,974,1055,1018,1170,1271,1002,1151,527,550,585,1011,482,404,668,588,1031,1296,1105,565,639,1039,1111,1276,800,1045,459,792,598,712,225,1045,483,1052,610,807,1144,1006,785,1039,585,1299,723,1171,1169,1037,823,1069,765,1252,753,1063,1062,1211,627,1047,739,559,818,1020,272,665,1205,1014,481,1024,1028,498,720,730,1257,1091,1040,801,521,1043,799,1599,1556,787,679,1071,482,1057,1169,620,774,1342
528,379,709,487,435,448,635,464,714,539,393,468,696,411,613,415,428,599,394,576,372,492,712,368,465,360,365,530,419,401,477,375,704,526,411,583,708,483,493,379,365,1074,709,452,699,464,387,390,586,382,706,354,411,382,509,425,602,485,697,501,397,395,695,530,397,462,710,468,482,391,536,1069,364,559,681,465,588,727,463,539,540,348,366,567,369,445,572,357,427,452,538,370,683,351,382,341,343,345,577
just got a free android phone at google booth.
1137,1091,632,797,1024,842,1310,821,1044,518,1062,813,739,648,662,1063,510,1074,698,747,1319,1199,792,1065,1434,1080,1356,1119,715,1112,525,822,1106,803,1356,1358,812,1370,731,1124,836,1390,1392,891,318,1070
505,409,456,393,734,498,428,401,729,484,710,474,378,383,384,715,473,586,466,385,404,394,490,711,409,508,385,577,378,693,465,383,703,473,384,382,481,474,388,678,558,383,381,402,1061,513
i got in an accident.
1166,1030,869,1280,848,1005,1167,1008,1025,511,1016,1039,511,764,766,1233,722,708,1078,842,284
372,703,457,401,387,662,358,548,690,465,563,704,460,541,540,351,473,375,564,390,1068
is it possible.
1177,605,1015,1152,777,1002,1319,1210,599,594,1152,757,1211,659,1367
358,435,692,365,374,709,387,374,456,455,371,559,453,388,581
why are we giving more money to the company.
528,941,928,917,427,700,260,1000,537,630,1014,803,1218,763,1237,1038,797,1060,1174,1342,741,650,1103,1233,1325,1081,624,224,1076,828,1341,1093,847,992,683,996,714,1280,1140,1460,500,1092,1083,1418
338,484,356,676,461,353,1069,689,364,356,675,478,388,544,402,597,463,714,577,368,366,348,694,599,359,582,349,1054,685,368,346,606,366,484,327,712,541,366,558,337,464,541,281,587
how long is the flight.
tell me.
999,1270,566,1025,1280,1283,1052,787,1044,1227,617,1047,805,1042,255,652,722,1237,1171,827,993,782,261,1443,771,622,1217,1216,1008,1128,604,1257
472,324,339,638,426,325,508,445,660,311,421,653,367,461,1047,344,466,475,369,466,497,364,1066,453,353,352,446,444,661,560,339,556
