your things are all here.
941,1142,987,714,925,763,926,1016,933,783,588,922,522,712,646,920,507,1088,1081,915,888,655,723,652,1124
528,524,520,529,751,535,569,508,616,590,565,781,619,536,495,784,598,568,576,790,608,512,538,511,636
does he like the school.
foster was an extremely modest, unworldly, retiring gentleman.
684,1109,652,586,954,928,657,954,1120,1026,1039,658,961,767,913,661,944,599,713,911,1095,1101,1106,1141,1222,740,1105,585,761,654,726,947,587,521,592,957,520,924,947,654,621,776,730,659,984,663,1095,893,925,991,1088,695,678,602,784,1078,954,960,926,598,1094,741,1102,685,1097,898,1091,955,734,663,773,1032,737,1026,935,800,950,802,657,936,772,1101,663,1002,525,938,1135
588,530,528,577,762,605,512,773,582,532,581,518,764,540,602,503,788,574,654,608,533,532,576,640,588,598,548,594,539,503,530,778,519,595,587,766,600,654,785,509,647,541,534,516,669,516,604,542,778,668,519,605,540,595,542,630,762,543,656,520,532,540,581,585,598,542,639,754,535,516,536,540,526,542,659,583,765,596,502,668,539,585,497,666,588,672,650
for grover cleveland there were no longer enemies to traduce and vilify.
728,1141,705,985,775,705,1140,766,640,710,986,702,1137,632,768,639,1135,503,966,662,976,746,938,633,704,633,971,555,641,709,640,972,942,1100,965,1109,1098,944,785,645,712,965,644,936,639,994,1021,640,576,961,760,1097,965,768,715,491,653,946,689,650,961,503,941,664,954,766,1006,1099,1013,733,889,1133
580,532,522,757,582,524,525,650,489,525,751,639,568,499,637,495,592,582,654,565,772,526,604,489,521,492,772,498,500,522,498,768,655,532,783,583,543,664,583,496,522,789,491,664,489,680,539,503,555,786,527,530,784,528,511,588,568,549,663,533,767,596,671,576,782,648,515,558,530,592,523,635
i'm an american.
986,1166,969,927,470,920,926,479,965,628,701,997,681,493,911,1107
530,598,672,768,580,675,780,585,662,515,538,551,662,592,676,664
who was that.
551,918,1094,934,550,494,567,935,742,906,480,743,1134
512,616,530,776,513,586,570,769,535,606,588,541,662
it'll be cold this evening.
who are they.
1032,748,1235,1105,1098,947,828,618,949,696,1097,1098,665,943,760,906,1001,583,932,641,770,647,926,1005,932,778,1141,1236,557,919,1101,943,507,713,627,950,746,913,633,893,1147
530,542,606,607,616,771,676,489,770,647,541,582,564,774,545,615,541,562,756,505,635,495,635,524,637,589,640,582,508,611,527,775,599,538,499,772,540,601,493,532,622
it costs twenty dollars per hour.
see you tonight.
1069,746,962,709,1134,575,750,574,964,764,561,641,961,763,926,925,682,1108,1116,1122,504,717,574,936,1192,649,719,941,898,1096,936,712,1122,1213,573,643,642,936,901,1116,958,926,763,1108,935,1017,802,911,776,1148
518,521,743,626,497,552,523,559,750,522,480,483,637,521,518,745,568,505,553,563,580,509,555,740,517,504,519,745,586,501,533,513,624,582,558,493,503,752,536,505,532,761,518,502,626,518,589,582,526,622
which one is better.
543,938,1040,708,923,960,1102,937,648,962,1057,592,974,843,673,788,789,666,735,1162
496,577,519,638,578,772,523,662,508,781,512,571,768,656,500,528,537,498,519,621
i speak two languages.
1045,949,591,1210,652,509,1039,969,782,580,1110,949,1085,495,946,776,955,503,789,639,587,1135
527,777,560,526,503,582,598,774,535,485,537,799,618,584,687,581,550,587,582,497,569,657
anything else.
501,965,928,758,945,1036,958,791,961,638,1118,583,641,1161
589,651,546,526,621,552,679,599,813,502,607,578,506,646
start the car.
587,768,497,713,754,964,763,932,648,947,694,504,716,1153
569,526,577,521,523,810,533,601,496,803,645,577,519,677
expiration date.
sorry, we don't have any vacancies.
628,594,1181,1021,713,503,771,1013,1080,928,943,680,521,780,654,1137,1250,587,1092,727,716,886,1074,943,568,632,948,675,1084,929,1236,771,941,909,508,784,653,942,510,934,902,943,787,514,715,520,926,727,1009,662,596,1123
501,610,536,534,525,591,531,543,532,674,790,586,597,541,509,650,603,579,546,535,531,536,654,776,517,515,771,579,539,677,597,537,784,621,583,645,500,801,589,693,572,808,645,583,646,592,702,674,556,529,585,679
do you go to florida often.
go straight ahead.
643,1093,931,901,1115,958,941,791,1124,943,769,1131,949,753,1121,1117,727,1030,668,511,949,1100,751,766,650,928,1135,1289,793,951,950,576,754,710,490,1032,789,905,768,940,506,902,645,505,668,1131
558,522,766,535,526,544,762,598,504,770,532,513,767,593,583,530,538,527,572,593,776,531,620,541,506,663,644,597,596,781,736,577,527,512,589,519,597,596,537,767,581,599,505,601,582,642
i have a lot of things to do.
1072,949,939,496,771,647,958,504,960,1121,1123,766,959,1118,750,961,762,928,1023,934,793,588,955,770,1103,959,680,1107,1151
532,740,581,579,634,502,750,576,751,577,508,530,761,511,588,757,533,579,526,647,619,560,767,535,521,769,579,514,605
i'm not married.
1052,1218,1016,977,964,1122,768,956,1018,502,726,717,1031,657,675,1163
520,594,657,784,652,541,543,799,680,587,534,532,550,520,589,667
how do you spell the word seattle.
941,1122,569,950,683,1121,939,920,1133,979,941,599,658,1196,1129,1129,964,765,928,657,949,578,1111,725,674,951,596,660,523,773,770,1122,661,1140
603,528,530,767,585,528,768,525,512,541,766,593,514,507,569,577,757,539,590,507,767,512,518,532,578,770,593,520,597,533,531,560,511,637
someone is coming.
they were caparisoned in indian fashion with gay colors and fancy trappings.
593,1114,1001,666,1114,962,668,984,1048,606,966,718,1117,1022,1039,962,806,1158,1296,788,942,675,907,956,579,669,743,663,964,722,528,1207,523,739,1043,596,1124,948,658,676,958,1020,941,961,1020,929,689,1023,511,927,957,753,518,595,914,1011,1095,930,949,580,1011,778,893,937,808,522,884,913,725,1091,1085,1088,740,598,949,520,914,692,941,758,539,924,731,873,920,791,743,527,1186,1184,1008,915,805,606,1147
596,541,674,529,555,691,524,808,558,582,812,677,534,686,572,691,608,676,617,546,637,526,542,756,524,515,537,509,747,649,584,512,584,527,509,577,494,651,510,576,767,520,648,777,520,643,581,520,585,650,781,573,595,578,598,525,515,668,785,515,533,530,597,789,601,589,531,774,655,522,575,534,541,580,774,589,654,572,784,585,599,675,670,543,775,551,531,598,528,535,520,655,602,581,614
i'd like a room.
1041,1228,695,964,1119,1033,1039,676,958,532,954,749,1105,1108,995,1151
530,603,597,757,609,551,616,521,769,595,768,543,531,534,670,655
what are you doing.
which one is better.
581,951,514,771,950,515,740,643,946,917,1114,956,931,691,1117,1017,941,803,1156,1270,583,921,1029,730,920,951,1102,944,666,952,1018,608,952,854,685,783,785,674,743,1152
521,597,594,537,776,595,539,511,779,560,534,575,785,574,558,553,667,596,649,614,513,621,544,659,615,791,539,683,520,792,567,580,788,640,525,541,546,510,527,626
can you give me an example.
726,529,977,967,935,1129,978,966,810,1046,797,670,977,1016,676,978,516,956,976,681,647,535,1008,1189,1114,673,1149
660,583,682,777,570,541,575,777,593,545,660,504,782,685,505,785,574,677,792,517,631,588,681,536,586,518,655
that's not right.
777,947,514,781,1262,606,965,965,1127,784,967,744,1054,822,936,795,1159
527,602,582,530,588,565,781,671,542,537,785,525,544,598,614,544,655
that looks old.
are you hungry.
766,921,504,769,931,1103,1098,1107,1026,597,952,1094,1102,686,1142,1239,508,728,648,944,915,1104,959,940,924,981,956,804,732,899,1144
533,613,588,535,788,617,545,538,615,575,785,554,597,565,655,617,585,525,501,783,568,554,577,798,582,541,649,594,532,503,635
certainly.
at what time did it happen.
703,664,708,763,505,1033,959,1103,920,1170,1313,504,766,951,562,933,504,757,950,768,1031,995,662,964,692,1036,693,958,1039,770,949,917,512,1174,1188,662,937,1142
659,531,522,532,579,546,665,587,570,638,597,582,538,742,504,579,579,525,751,536,514,639,493,759,568,509,568,758,513,541,766,586,588,525,521,499,656,620
would you like to watch tv.
586,1121,969,1121,693,956,929,1114,965,941,1111,1024,1030,656,949,782,1097,945,582,518,774,720,902,949,770,775,1138
515,522,542,585,570,750,541,513,537,774,570,529,573,506,773,545,510,778,506,584,541,644,597,772,541,645,636
i've seen it.
which is better.
1051,1236,774,646,974,587,654,648,949,973,1031,768,1161,1276,578,924,1021,718,919,955,1018,611,957,844,675,777,778,661,735,1139
530,600,665,522,762,579,521,526,654,774,539,547,640,596,515,617,539,657,613,775,541,599,775,657,513,540,541,501,530,649
what's your last name.
585,962,513,771,1228,599,939,938,1123,981,743,941,1130,519,595,785,959,969,509,1003,665,1160
519,612,582,537,623,577,790,577,557,568,540,798,617,600,579,541,749,643,589,665,510,656
i like italian food.
1044,961,1123,1035,1043,664,968,1038,768,511,1122,1029,516,951,959,765,1112,1111,685,1155
541,769,599,554,611,511,778,545,527,593,611,559,585,667,789,591,548,558,570,641
turn right.
767,972,729,950,961,720,1037,806,913,787,1135
527,561,533,662,783,525,544,592,616,540,667
my father has been there.
1016,937,961,754,519,774,940,658,737,965,941,527,594,966,858,661,662,962,972,787,937,669,739,662,1164
651,558,783,580,585,536,629,499,526,796,628,604,572,790,676,498,509,667,793,545,602,504,527,509,654
a one way ticket.
not yet.
523,988,1114,969,669,983,591,528,929,961,787,1055,732,1054,679,785,1161,1257,974,1117,787,949,938,671,778,1179
588,760,554,681,528,770,520,593,556,772,537,538,650,597,539,536,670,622,681,558,544,767,550,519,529,658
many viewers, bored by the languid pace of the show, tuned out early.
1032,522,978,942,960,809,1047,674,597,675,746,607,1108,988,856,1125,736,663,684,986,848,937,964,789,943,677,956,1134,528,959,818,972,1048,706,956,1205,510,715,677,958,1124,774,957,791,930,667,960,615,941,1130,602,1097,963,797,975,940,672,691,958,1106,959,796,949,683,527,757,1118,918,1160
667,596,704,593,788,669,568,531,520,521,541,580,666,785,665,561,538,514,583,779,664,556,801,548,614,512,812,607,588,693,601,570,540,588,799,553,595,655,549,795,536,605,800,550,618,521,798,577,624,560,516,665,799,558,565,670,521,586,810,542,567,554,807,518,589,541,599,552,639
are they coming this evening.
533,741,664,954,789,924,674,907,933,735,1103,986,1031,956,816,949,792,931,1019,610,943,674,803,685,938,1003,938,819,1130
589,541,510,762,544,627,521,561,773,670,527,665,550,677,597,794,539,628,563,570,796,511,659,505,683,554,689,591,661
what's today's date.
595,971,520,793,1242,607,972,798,1128,702,525,926,1218,620,956,705,540,792,672,1168
521,612,580,543,603,583,752,545,561,570,582,546,618,581,754,588,597,543,508,659
nobody is really in charge, and decisions are made on whim and caprice.
1002,1152,854,1151,721,942,964,1065,625,983,763,682,529,1142,1136,944,967,1057,980,987,727,956,551,751,824,683,1098,986,542,970,695,982,710,695,730,1053,628,1051,1129,976,623,988,547,758,677,986,1025,530,700,684,994,1122,979,991,597,949,1037,1010,989,531,943,702,976,738,537,1223,758,1043,747,699,1151
655,557,675,561,582,553,751,542,585,747,545,512,581,588,598,551,750,543,655,759,649,597,597,543,602,518,648,760,582,665,573,766,595,540,639,536,583,543,538,665,578,761,585,540,514,761,699,586,580,529,797,569,710,802,520,627,556,703,803,581,691,567,818,652,583,545,540,548,656,530,671
when will he be back.
i've been there.
589,949,674,965,971,587,1042,1131,1126,968,933,664,968,864,664,972,856,530,740,1036,1156,1249,1045,1231,806,683,982,860,692,680,948,967,805,982,678,751,667,1183
528,617,516,681,795,505,558,613,617,804,640,506,805,651,501,800,653,576,640,598,669,623,562,622,663,523,792,654,514,526,704,810,544,576,506,526,490,663
can you recommend a good restaurant.
741,542,983,974,934,1135,980,971,728,652,707,1130,1030,1036,666,980,695,978,518,976,802,1129,1129,692,969,735,659,595,794,523,1012,741,518,988,783,1173
658,593,673,779,557,535,566,766,525,500,632,537,676,678,521,677,592,794,588,794,593,559,563,575,788,538,511,583,538,584,544,536,596,678,538,660
yet fox needed all the strength that he could muster.
how do you know.
946,669,783,944,780,1117,660,962,958,680,680,700,686,704,965,533,1123,1124,966,794,931,674,959,611,790,742,668,957,824,803,927,957,795,929,512,788,948,919,683,940,738,1099,949,1109,713,956,986,958,610,792,675,754,1131,1234,931,1111,607,957,717,1107,942,907,1105,964,949,1024,951,1103,601,1122
542,513,519,763,593,539,639,781,662,521,527,579,526,591,778,584,585,592,780,547,608,519,778,597,545,531,516,667,599,545,610,779,552,609,598,546,789,622,515,796,655,540,566,596,584,780,666,562,592,546,512,537,665,618,625,548,515,776,583,555,777,556,539,564,777,596,675,559,514,654
i'm not sure.
1045,1209,1011,977,955,1106,790,964,608,950,746,661,1126
567,634,707,790,698,566,555,797,578,575,540,507,671
clearly he would not venture to descend while his enemy moved.
677,1147,625,479,696,1138,932,948,949,610,970,526,1118,973,1124,645,968,971,1121,730,967,754,613,952,740,963,686,615,958,739,1111,958,649,626,553,681,624,945,646,959,541,905,1023,1102,617,941,918,1013,555,941,613,942,614,979,896,921,998,1094,747,617,638,1142
693,595,555,621,558,599,565,801,622,538,809,520,549,559,616,586,811,687,558,545,809,665,521,678,549,557,543,520,804,555,546,806,605,540,604,662,539,674,618,802,539,620,557,607,532,809,629,560,579,814,529,682,531,687,596,812,684,554,693,541,612,654
do you have anything cheaper.
624,1092,923,903,1093,955,924,907,475,750,605,928,482,920,898,746,901,1000,912,757,922,674,882,622,479,1141,608,689,1075
587,548,796,564,542,570,799,602,607,661,525,812,611,674,567,552,639,563,678,610,764,686,616,560,617,526,527,544,682
i don't think so.
it's far from here.
1001,923,642,1070,908,1188,732,924,737,908,1000,911,1007,930,559,1074,1114,1233,991,738,1201,563,922,723,468,700,919,721,707,1054,974,937,879,625,691,616,1116
560,786,598,539,704,616,556,787,556,626,555,694,609,801,596,551,647,606,576,558,610,602,803,606,603,554,803,615,561,556,702,795,639,528,545,525,670
may i speak to mrs. smith please.
977,468,883,921,1006,923,566,1164,610,479,1003,940,738,1066,938,980,695,567,1118,945,567,962,995,733,892,925,1141,1063,636,489,567,630,1101
688,598,578,806,569,812,601,542,535,610,628,796,550,545,801,694,548,596,679,800,591,682,580,545,635,809,560,625,531,601,606,530,669
i think i need to see a doctor.
let's go have a look.
1020,951,735,921,1004,926,1010,947,1004,942,932,612,625,642,957,739,1105,963,565,623,625,965,472,966,646,1113,687,755,1105,710,1139,1220,1116,618,734,1208,559,952,767,1107,952,923,488,768,625,940,494,940,1103,1095,1096,1017,1123
560,793,548,627,562,694,624,809,575,810,699,528,535,601,793,555,546,786,589,529,541,781,591,781,602,543,692,556,545,544,663,619,614,520,548,610,592,786,607,552,791,626,594,657,520,804,605,814,613,559,558,639,669
i'll come back later.
1039,1237,1119,1114,949,694,1112,1009,633,972,812,492,707,1041,971,1118,497,764,645,712,1148
558,627,626,632,806,680,539,699,533,808,660,599,676,634,803,619,623,561,532,549,692
i get off of work at six.
how much is this.
1039,950,776,628,745,950,1096,739,733,944,1101,731,941,535,1086,702,1015,941,474,737,940,559,1021,600,1140,1216,900,1082,542,923,971,947,688,896,925,1010,573,924,747,898,998,566,1118
573,788,626,530,553,791,563,618,623,800,555,615,790,519,542,550,615,790,604,556,790,594,544,687,664,617,633,550,533,813,681,584,665,632,810,557,596,815,555,630,565,586,680
i haven't been there.
my cell phone doesn't work.
1053,963,937,474,758,625,952,1224,738,957,825,631,624,956,957,752,927,630,705,626,1153,1226,1006,916,937,708,645,1108,1113,940,1192,924,1094,938,640,941,668,1101,633,575,940,1223,752,951,561,1108,1027,1116,1148
557,801,632,598,655,521,703,617,551,805,684,517,526,704,808,555,640,513,545,521,675,629,694,582,791,691,553,612,631,803,539,634,548,688,540,817,594,551,541,587,705,604,548,805,520,555,587,560,668
i don't care.
1040,967,658,1126,966,1235,751,971,695,501,710,623,1152
548,778,601,532,682,609,562,793,659,600,559,525,685
who taught you.
539,933,1115,946,742,481,951,774,905,745,919,882,1092,936,1140
529,626,535,789,545,601,558,607,620,552,804,563,532,570,667
i'm looking for the post office.
1041,1220,991,960,1112,1104,1103,1030,1015,944,760,939,728,1093,703,937,743,888,620,907,1159,1070,564,745,919,1071,736,730,997,697,637,1120
546,605,691,784,615,556,553,618,561,695,600,797,614,541,566,793,573,625,529,810,573,553,597,561,800,550,616,619,540,664,541,654
i agree.
who was that.
1052,976,504,785,715,627,627,1142,1226,562,904,1094,936,573,512,580,946,758,908,499,753,1131
538,761,617,627,571,535,547,656,615,549,631,548,799,546,614,608,789,565,620,620,570,659
her jocund laugh and merry voice, indeed, first attracted my attention.
924,622,710,942,973,1108,700,957,935,664,939,1098,485,946,772,900,941,491,932,663,945,996,632,715,712,881,909,768,1077,1001,714,662,1058,940,1008,915,678,646,642,664,1053,950,740,1006,716,570,753,939,497,743,752,707,482,693,749,621,647,941,951,872,901,491,751,745,627,921,753,991,1071,916,1121
609,524,557,793,632,551,685,567,670,605,798,608,615,568,620,628,796,601,683,594,800,692,539,562,560,574,791,683,552,543,675,563,653,794,553,684,607,544,546,597,673,785,622,559,569,583,574,796,618,556,562,545,617,676,574,530,604,793,677,597,805,618,582,579,534,695,570,561,561,694,648
is there anything cheaper.
how are your parents.
1001,566,925,745,894,626,703,632,919,474,924,884,741,883,982,913,766,924,697,883,641,494,1151,641,719,1122,1201,892,1085,565,923,503,713,637,920,872,1074,918,705,904,1144,483,706,632,917,748,579,1131
580,606,804,565,643,541,558,536,803,615,703,585,566,657,569,707,618,828,681,642,560,621,576,549,568,669,628,640,558,547,803,621,560,535,795,599,560,592,563,808,568,607,560,535,693,565,606,675
be quiet.
is there an english speaking guide.
808,629,942,460,936,1011,628,748,1134,1217,997,569,918,744,886,630,704,623,921,493,902,920,627,907,778,1064,981,577,880,913,580,1131,627,492,985,971,907,772,913,780,905,978,658,633,1108
693,532,775,575,577,554,528,560,656,611,579,625,792,566,621,532,555,532,787,610,675,793,538,676,620,608,553,605,639,796,607,559,534,618,629,572,699,619,800,621,581,569,598,543,640
see you tonight.
567,627,629,941,912,1117,951,934,747,1114,944,1021,776,922,758,1148
601,540,544,765,575,551,572,766,562,550,683,566,618,625,568,652
will you remind me.
549,1042,1126,1127,949,927,1115,963,936,695,621,1009,1037,971,655,961,1001,634,1149
540,565,631,638,782,591,563,582,782,560,532,671,566,691,609,785,671,545,661
how many people are there in new york.
958,1130,550,945,1020,480,967,931,929,1193,627,1111,1199,1112,630,948,502,713,629,946,745,922,628,714,632,942,1007,931,951,938,627,550,941,911,1094,705,1012,1130
621,564,541,818,691,604,695,582,809,561,531,561,555,611,538,803,622,572,544,802,574,635,542,565,535,805,564,684,807,690,538,529,808,591,563,558,616,656
over here.
i don't have any money.
1128,748,635,708,968,924,625,703,628,1154,1207,1005,918,660,1081,920,1192,750,924,902,487,768,637,929,481,930,888,890,961,1070,922,626,863,1092
586,666,536,566,796,653,537,564,535,683,614,563,795,589,569,692,621,564,809,644,604,649,526,804,600,705,597,822,706,561,716,539,578,671
when does he arrive.
538,923,619,948,935,658,1110,627,563,935,913,629,932,491,714,697,1017,765,636,1135
549,620,544,681,788,628,565,562,597,789,641,546,798,621,576,570,572,707,550,676
when did this happen.
549,931,628,959,956,656,1033,660,954,750,927,1025,570,944,917,502,1180,1174,634,949,1135
538,627,538,692,784,589,565,601,788,567,634,567,587,791,638,617,558,564,534,682,658
the book is next to the table.
725,911,610,909,798,1092,1095,1008,926,1009,573,926,970,620,590,750,969,751,1103,964,746,925,625,954,745,489,815,1110,626,1140
561,637,515,802,679,552,554,620,796,567,596,800,705,533,635,556,810,559,561,805,565,633,523,806,558,611,673,599,526,661
for how many nights.
714,1107,693,963,933,1100,542,955,998,466,942,906,929,950,1011,783,918,752,574,1131
607,573,555,803,647,572,533,793,680,606,704,587,793,715,577,626,631,558,609,689
do you need anything else.
639,1148,981,944,1139,993,979,975,611,609,625,979,483,928,913,740,913,996,925,777,944,620,1096,567,622,1124
614,563,761,578,555,567,769,678,537,532,585,782,594,711,623,559,671,593,716,623,836,526,628,592,519,685
she's older than me.
550,924,615,1215,553,929,1085,1092,648,633,704,952,745,905,475,921,938,967,613,1133
596,633,531,606,584,806,561,620,612,549,545,787,555,629,581,685,810,681,505,663
it provoked a bigger reaction than we could ever have anticipated.
1051,730,956,1201,693,1120,753,1114,1031,616,638,960,479,960,797,1033,765,759,614,697,963,689,617,472,688,750,1014,1095,944,955,744,920,483,940,955,560,622,953,691,1089,951,1103,663,948,634,763,645,712,952,907,493,764,640,946,482,929,750,1009,701,1012,1182,495,755,626,659,1131
561,546,787,558,543,542,681,546,609,523,597,784,600,787,661,553,598,593,507,540,791,536,508,586,646,564,568,556,693,809,558,636,596,686,806,524,517,806,666,553,579,608,597,806,534,656,528,548,806,646,587,664,520,824,583,688,552,571,656,565,551,587,552,513,599,657
would you like to watch tv.
554,1109,960,1118,669,952,939,1107,965,946,1127,1035,1043,628,952,746,1108,948,556,477,751,677,905,949,747,754,1141
530,579,587,624,600,800,591,559,584,807,629,568,609,530,798,558,552,811,526,596,558,654,636,808,562,662,663
there's a restaurant over there, but i don't think it's very good.
736,925,619,697,610,1212,558,946,485,947,689,616,555,745,482,953,694,478,939,741,942,1109,773,641,715,979,759,929,639,702,629,1084,968,823,965,767,965,1053,963,663,1117,946,1236,755,968,753,942,1043,939,1039,961,1032,751,1228,582,965,778,655,724,920,938,793,1121,1119,670,1147
564,653,523,550,522,631,592,806,593,803,543,526,602,546,604,590,544,606,700,557,815,569,677,517,550,789,561,619,517,544,521,660,800,685,576,558,778,545,779,602,533,678,580,547,789,556,589,538,685,597,790,531,558,587,586,785,680,526,554,537,764,626,532,539,579,648
what's the exchange rate for dollars.
545,925,488,751,1205,568,939,745,920,634,940,628,596,689,922,477,940,776,640,955,711,504,759,643,955,743,1105,720,953,669,1102,1086,1095,504,710,571,1136
527,637,591,553,623,589,812,555,644,505,812,517,628,680,640,584,705,603,523,817,543,615,556,516,819,598,561,556,817,599,563,619,618,601,547,598,674
i'm good.
she's an expert.
1005,1166,976,954,751,1082,1090,640,1122,1254,560,900,609,1195,550,939,466,931,944,608,578,1175,618,690,737,1129
557,617,697,788,615,554,560,580,663,611,600,636,535,618,582,793,599,683,798,522,636,537,524,538,543,669
it's far from here.
1026,726,1198,557,926,726,479,707,941,732,707,1099,996,958,911,623,698,608,1122
582,574,614,606,809,615,617,571,795,629,572,549,697,798,631,539,565,536,676
that's right.
713,914,470,732,1187,551,933,682,1002,764,901,743,1111
557,641,616,563,618,589,808,555,567,624,651,570,694
he's an engineer.
are you working today.
886,608,1201,552,926,455,933,933,605,925,757,995,912,608,612,695,1114,1218,484,690,615,925,899,1085,926,923,548,1082,702,1003,995,931,783,926,725,1064,624,464,865,1107
613,523,586,581,786,597,687,791,521,681,604,560,692,517,531,556,663,604,615,557,524,796,596,559,596,800,526,554,555,626,577,711,607,815,551,554,573,589,558,655
from time to time.
do you think it's going to rain tomorrow.
720,696,1079,984,938,734,996,974,617,938,734,1075,938,735,993,970,611,1129,1216,655,1069,915,903,1075,940,912,737,900,988,898,998,932,994,734,1211,564,933,765,1084,994,907,763,930,738,1082,939,694,466,1007,916,941,741,1082,973,1083,707,695,1074,541,1107
613,559,537,676,802,562,565,676,517,810,561,539,810,562,544,676,518,653,615,597,555,801,568,549,572,813,565,620,546,689,604,829,552,565,606,592,812,612,552,548,680,612,813,559,569,825,557,597,559,693,825,565,549,687,561,564,561,560,529,675
expiration date.
605,575,1143,978,681,473,732,960,1056,890,922,641,483,735,608,1100
534,630,567,572,549,608,560,585,561,704,831,594,613,558,525,674
i'll talk to you soon.
is your house like this one.
988,1190,1065,1064,914,715,452,1098,1018,940,726,1079,941,918,1102,946,914,556,1088,1091,926,1125,1302,1015,557,918,897,1100,944,689,920,898,1088,938,556,612,919,1094,1009,1007,617,926,719,907,1016,555,920,1079,911,612,1105
570,617,629,631,824,549,597,626,628,816,563,559,819,551,544,558,789,597,540,547,658,648,584,548,603,795,564,549,570,550,792,639,547,571,598,532,800,615,549,611,530,811,555,619,555,591,808,546,694,527,686
i don't care.
995,902,632,1066,894,1187,712,907,668,463,677,595,1104
560,802,608,551,698,619,558,819,663,598,548,527,683
i made this cake.
do you have a problem.
989,922,956,456,616,608,921,715,885,987,545,905,660,465,997,598,1113,1243,644,1067,917,884,1071,930,904,872,455,737,612,919,474,915,1143,683,1066,803,1069,609,958,1104
572,805,677,609,617,558,810,559,639,578,590,818,678,608,627,522,673,620,617,563,793,585,558,584,810,635,603,656,532,814,600,815,560,555,546,681,596,517,684,682
the books are expensive.
do you know how to cook.
708,900,597,915,783,1075,1079,1000,552,919,455,677,588,925,582,565,1141,597,910,542,978,734,613,1097,1194,625,1047,909,880,1056,907,903,983,892,1053,530,900,874,1044,531,901,726,1046,903,660,1045,950,1040,1084
565,642,518,811,672,555,554,608,592,800,601,555,524,798,522,637,556,536,684,595,574,664,535,661,622,596,575,817,600,564,599,820,627,701,573,527,832,647,565,526,833,564,561,833,683,561,612,569,654
thanks for everything.
696,896,440,901,989,542,928,700,1069,678,918,595,720,600,666,865,723,866,967,887,743,1087
563,646,597,691,625,583,810,613,552,563,819,523,650,517,541,565,556,632,559,695,618,661
an air of intense anticipation pervaded the general's dining room.
438,915,938,451,996,652,925,1067,689,924,989,898,707,586,905,529,593,926,451,899,705,986,646,986,1142,452,715,976,1056,902,919,1148,599,667,730,471,635,608,628,928,723,866,605,909,738,601,908,606,679,455,1040,1150,551,908,639,964,888,958,881,753,903,680,1039,1035,912,1084
596,692,795,606,579,551,803,586,613,802,572,706,567,529,707,596,530,805,606,703,551,584,670,606,572,606,563,585,574,717,812,561,530,550,680,608,606,544,608,801,570,649,522,825,623,531,697,532,558,600,604,608,589,815,591,581,707,584,716,618,827,555,579,582,694,664
nonsense.
where do you live.
913,1050,911,556,608,905,546,608,1090,1167,539,869,619,677,604,907,637,1050,905,866,1046,904,901,1043,956,738,618,1086
726,585,728,615,541,732,608,537,697,654,548,677,537,560,531,830,606,584,826,613,578,614,828,628,589,707,543,684
they were caparisoned in indian fashion with gay colors and fancy trappings.
717,916,613,890,898,543,619,686,606,929,680,482,1171,471,687,1005,555,1080,927,605,625,941,996,915,946,993,919,629,996,460,919,941,704,455,536,893,966,1064,911,934,527,986,716,876,926,759,467,863,904,677,1064,1063,1058,688,547,928,466,911,642,938,713,491,904,678,901,907,734,688,464,1170,1167,998,918,747,559,1119
582,641,547,595,816,554,548,573,548,796,684,611,559,611,569,569,612,556,694,543,607,804,574,697,809,573,703,610,575,610,712,813,613,612,603,654,581,569,715,818,542,588,564,664,822,636,606,593,811,691,568,625,577,578,607,805,606,703,599,803,620,615,717,689,555,784,590,575,608,532,534,531,675,631,612,637
take me to the hilton hotel.
i want to ask you a question.
707,446,999,597,922,957,603,928,724,1067,923,714,887,600,914,893,994,1082,725,1071,910,922,885,1063,718,595,1062,1121,1184,990,926,536,459,909,720,921,722,1061,921,465,546,984,927,848,1052,904,901,467,904,452,904,606,550,729,964,1042,895,1089
566,626,611,533,813,680,537,806,569,571,814,574,640,529,822,658,568,614,578,564,689,821,649,561,579,544,617,644,623,579,815,557,613,699,570,826,577,575,824,618,607,643,820,584,563,596,812,616,808,578,594,541,607,577,572,564,703,670
what's your last name.
he found himself in an enormous hall with a lofty ceiling.
537,904,468,720,1168,547,908,882,1070,913,692,906,1071,473,550,723,920,900,462,941,603,1116,1187,883,607,908,712,1058,912,899,634,905,881,970,945,556,613,1064,713,922,986,908,925,465,911,922,617,909,1064,683,943,1065,917,546,913,892,466,1077,1080,911,514,1002,709,903,913,460,920,1065,1062,712,729,865,891,668,613,981,1065,965,895,754,1096
554,662,621,572,633,627,821,617,576,613,579,808,637,628,615,577,808,712,613,709,539,686,644,661,535,824,610,576,601,704,597,822,667,583,715,604,542,632,617,815,588,716,818,620,720,822,542,719,543,569,693,561,597,610,799,652,620,616,616,802,538,575,559,640,808,608,805,622,570,627,580,587,805,678,550,569,610,576,694,633,682
but it is hardly necessary to dwell on so normal an event.
789,966,754,924,1021,749,928,1018,578,934,910,490,696,645,1088,890,920,926,611,672,622,550,553,481,700,897,918,737,1086,930,653,548,617,1104,1102,932,1093,939,949,560,1095,943,946,1097,682,983,477,1095,961,479,925,948,622,776,626,956,751,1142
715,592,604,824,582,608,823,580,639,817,645,621,587,621,621,588,806,707,543,657,558,608,617,623,582,593,801,593,561,817,616,563,551,627,628,819,575,715,817,624,573,815,717,564,579,706,633,620,809,626,708,827,558,706,550,703,580,674
do you feel better.
i still have a lot to do.
648,1114,950,938,1110,964,956,726,624,621,1112,963,800,620,745,735,619,698,1144,1234,1025,966,569,741,1019,1109,1112,965,921,485,772,628,948,490,952,1100,1096,751,947,745,1096,947,668,1102,1148
627,561,795,581,551,578,795,648,557,559,606,800,702,547,593,587,546,576,664,617,572,804,627,581,574,611,617,806,639,618,697,549,820,627,820,605,578,598,824,598,563,821,617,560,645
how long have you been in america.
948,1125,544,957,1114,1110,951,752,953,926,476,760,628,948,911,1102,951,938,807,631,635,927,964,1007,939,970,494,988,632,713,1024,689,491,1146
626,552,551,803,617,558,670,631,815,627,617,685,552,821,589,550,587,820,714,549,557,695,806,562,693,800,628,691,556,593,561,692,618,680
what do you want to buy.
542,949,489,741,941,653,1117,944,920,1114,958,942,544,489,942,740,946,746,1097,941,820,979,921,1136
554,641,627,588,803,620,552,807,583,549,585,802,541,632,672,584,818,592,559,825,736,571,577,705
they're planning to come next year.
there has been a car accident.
728,893,623,873,1199,694,622,908,1154,1096,489,932,933,1000,926,768,921,751,1064,922,690,1066,963,641,942,930,649,617,778,927,868,654,510,738,1110,1199,764,892,658,730,657,919,882,512,583,910,843,663,665,905,918,507,920,714,521,735,924,503,703,708,989,672,645,951,763,1153
594,640,553,581,630,584,547,806,573,613,637,710,710,581,708,666,836,615,569,838,716,561,710,568,831,716,576,681,608,847,596,568,644,597,688,629,601,668,563,596,563,833,675,646,626,842,722,560,570,717,842,627,839,702,639,601,836,636,688,693,592,625,555,729,595,715
are you here alone.
480,693,622,930,906,1109,949,925,909,640,696,623,920,482,1084,1080,927,627,1120
619,562,535,786,590,558,573,800,622,546,568,534,807,612,626,568,696,543,660
here is your salad.
one person said it looks like a big lime sherbet ice cream cone.
937,638,702,628,949,1022,570,941,900,1096,942,702,927,573,485,1096,492,656,1134,1206,1083,937,641,936,1172,638,708,570,1076,926,935,581,489,1004,666,933,1003,750,933,1086,1070,1075,996,581,932,1082,992,1000,643,930,499,936,837,1002,791,941,1091,994,960,658,944,597,890,656,728,828,649,768,937,998,722,666,933,716,734,654,516,954,944,723,1068,955,668,1122
639,560,580,549,795,570,606,801,591,562,597,576,802,607,608,620,618,602,689,637,588,716,553,817,557,544,574,603,560,693,820,598,614,573,597,818,575,582,816,637,577,565,636,615,820,627,584,642,545,823,608,820,702,588,629,818,633,591,705,555,817,617,665,546,579,689,538,590,819,586,686,567,831,711,600,548,624,713,826,700,572,703,568,678
i have a lot of things to do.
1033,948,931,482,759,630,954,488,954,1111,1101,752,949,1104,740,955,750,921,1014,936,769,576,942,752,1085,947,668,1093,1136
541,806,636,600,681,539,804,608,806,609,560,579,808,552,626,806,583,633,557,686,644,611,824,582,568,819,607,559,639
are you coming this evening.
how are you paying.
480,696,623,928,906,1083,935,919,693,1090,982,1020,938,769,941,747,907,1001,583,935,627,760,640,926,994,925,780,1120,1189,915,1075,565,928,500,712,627,927,898,1078,931,920,1140,493,897,985,912,788,1111
604,558,522,783,587,551,578,793,656,539,654,553,678,623,790,563,617,546,587,799,520,656,520,683,557,687,613,665,628,636,551,524,805,599,558,519,805,602,554,590,809,564,589,582,544,685,611,672
i believe you.
1027,951,826,623,1104,1012,625,765,627,923,915,1085,928,1127
564,775,697,524,609,563,526,659,521,740,560,535,554,644
the roads are slippery.
745,917,627,907,715,1080,495,660,572,913,507,707,623,918,573,1084,991,1167,1163,631,707,880,1117
561,626,523,808,553,563,596,582,562,806,605,555,527,810,597,632,571,564,563,531,558,585,684
how about saturday.
how's the weather.
920,1104,555,921,485,817,1092,940,762,909,581,511,770,938,716,665,503,897,1132,1198,894,1067,572,1194,586,916,754,882,642,904,569,646,507,754,874,643,721,1124
622,554,530,797,601,668,556,569,571,801,597,615,573,582,559,599,608,577,657,612,638,555,535,616,600,793,564,642,521,810,541,526,617,566,642,528,560,657
do you play any sports.
648,1112,937,919,1099,944,926,1169,1099,504,901,921,498,934,901,909,584,1174,1084,713,749,578,1128
609,556,796,598,554,589,794,543,615,622,573,797,612,692,575,799,597,536,536,564,565,614,668
try to say it.
what's up.
769,729,911,915,768,1098,922,598,510,906,919,1018,778,1130,1232,590,900,536,789,1208,608,920,938,1160,1143
549,533,563,781,546,525,781,588,585,543,776,538,556,634,584,519,615,598,561,580,584,773,560,526,644
i'd like to buy a phone card please.
1051,1222,683,956,1126,1034,1041,667,951,776,1109,946,842,950,898,909,530,920,1175,910,1079,918,663,922,723,535,737,688,925,1165,1080,681,526,608,676,1235
529,594,597,755,589,534,593,529,760,557,532,767,678,548,542,772,598,765,518,604,515,652,527,784,657,595,548,596,790,521,573,533,600,607,526,573
a round trip ticket.
492,941,719,1104,959,933,672,939,763,723,1008,1175,936,774,1016,720,1024,657,775,1134
582,752,546,521,547,635,575,775,559,546,535,528,774,559,530,652,591,530,560,644
will you pass me the salt please.
581,1040,1124,1123,954,930,1114,962,940,1194,525,598,607,951,1009,667,966,781,935,663,952,606,527,1114,780,953,1196,1107,664,520,596,666,1144
540,540,584,591,774,575,553,573,778,549,608,591,591,775,667,533,772,564,608,523,791,603,609,591,569,794,540,591,535,621,598,534,646
where can i find a hospital.
it's less than two dollars.
588,933,669,737,663,936,715,521,939,948,1019,952,756,1017,925,692,950,511,947,918,1098,609,1180,1003,783,515,1089,1147,1230,1014,768,1207,595,944,1104,663,601,610,945,780,907,527,934,942,776,586,1085,947,694,1088,1097,1091,528,734,599,1137
552,610,538,566,529,788,676,606,672,788,553,786,615,551,659,602,791,599,794,628,541,603,543,548,573,602,584,618,595,551,561,587,598,785,602,536,598,608,793,562,620,606,678,794,567,527,544,784,586,539,589,590,612,558,611,646
do you know what this means.
685,1128,971,934,1116,969,964,1034,956,1107,580,961,583,925,518,773,951,771,928,1030,599,949,998,660,524,935,606,1148
598,546,775,575,551,577,775,598,669,548,538,795,528,625,604,555,801,558,620,558,589,807,659,527,603,700,598,679
where did you learn english.
581,962,667,734,658,963,691,1055,689,959,928,1110,967,951,1120,658,527,745,949,957,663,955,811,1115,1024,611,921,1141
549,617,539,555,523,780,578,555,581,788,583,550,582,794,611,524,612,551,684,811,521,684,601,611,563,586,636,664
my daughter is here.
1014,945,956,673,511,987,790,941,777,658,738,961,1030,609,949,936,679,737,663,1146
667,584,800,591,601,579,614,628,566,520,556,800,564,595,809,637,543,557,530,674
my son studies computers.
1004,934,963,617,975,978,606,611,789,964,711,1040,688,616,958,737,1113,1004,1185,971,791,678,746,616,1150
689,613,806,594,696,799,598,609,564,570,614,558,550,589,790,672,540,687,535,570,575,528,555,606,665
a long time ago.
i have heard lots of women simply rave about him.
535,965,1110,1091,949,815,958,792,1001,994,674,962,529,815,1094,1133,1220,1027,962,928,553,810,684,958,918,690,545,761,696,956,1099,1090,799,618,955,1094,785,956,607,1092,973,681,941,954,613,1024,988,1183,1105,925,943,728,531,800,676,957,535,864,1133,982,813,947,920,1021,979,1142
597,780,618,571,699,635,799,577,577,699,529,799,608,629,560,689,635,586,796,653,603,690,535,801,654,536,612,569,603,809,624,580,578,607,809,575,624,807,539,569,693,532,713,814,612,573,701,562,627,611,814,560,608,660,528,815,598,692,568,577,584,823,657,575,698,714
for grover cleveland there were no longer enemies to traduce and vilify.
765,1116,738,956,823,742,1120,809,676,742,962,740,1117,677,812,683,1118,541,939,711,950,788,919,680,748,675,948,595,679,744,677,956,948,1095,946,1099,1090,926,821,670,748,943,683,930,681,975,1006,679,614,958,793,1102,949,803,743,535,703,940,741,701,951,547,931,712,947,815,1012,1101,1007,778,881,1132
621,579,563,818,636,561,571,693,529,564,816,674,621,551,700,546,632,619,714,617,828,578,658,542,575,542,830,538,537,565,540,822,711,579,836,624,579,717,634,525,571,844,530,720,534,722,597,538,595,824,574,577,833,579,555,617,616,605,687,574,829,619,712,625,838,715,590,625,599,633,600,682
on the right.
1115,978,963,779,931,665,953,738,1026,818,919,793,1146
581,723,817,584,660,530,826,564,580,627,660,580,695
no, thank you.
973,1113,1094,972,781,929,527,949,1025,961,925,1097,953,1166
723,582,661,824,576,660,613,726,649,831,627,573,619,674
are you free tonight.
527,739,667,957,926,1106,952,934,774,741,675,676,940,785,1107,931,1017,821,916,806,1141
612,563,535,814,614,581,613,830,625,580,543,551,836,573,574,708,587,624,671,588,695
is this your book.
1040,597,959,772,929,1026,597,941,924,1107,952,742,931,837,1104,1103,1004,1133
577,596,813,570,645,588,592,827,603,576,606,567,824,668,568,573,608,665
he bestowed public buildings and river improvements in return for votes.
936,663,961,838,661,607,788,1119,582,660,679,958,1198,967,850,1118,1027,739,953,848,965,1032,1115,700,1030,950,803,611,946,519,938,702,944,750,1022,802,694,760,943,1007,977,1188,751,1102,801,676,977,676,940,786,613,944,1002,931,954,737,664,785,940,746,922,949,772,1084,747,944,801,1090,788,661,600,1123
651,537,819,669,541,618,578,575,549,534,592,825,573,598,694,625,582,683,818,701,598,585,630,604,579,691,631,609,825,598,704,597,830,565,583,676,543,576,833,580,694,574,568,573,673,539,717,535,721,576,599,834,596,725,835,561,534,570,619,560,709,827,609,579,563,834,673,575,579,541,599,674
i'm hungry.
are you going to help her.
1001,1169,976,963,899,926,908,793,716,878,1128,1226,502,718,624,926,887,1073,919,909,786,1104,1013,940,790,938,772,1095,931,900,645,1089,1173,926,900,647,727,1120
595,632,742,833,690,626,716,654,583,599,698,642,626,584,551,826,628,588,615,836,636,585,562,698,639,847,603,579,843,657,558,631,575,848,663,563,584,702
when will it be ready.
it's not too far.
557,908,635,925,925,559,996,1082,1086,924,1010,754,936,825,628,935,713,619,488,650,915,1149,1218,1008,750,1193,571,907,937,1080,748,922,747,1082,1089,921,751,496,717,1116
557,672,553,709,841,557,595,642,642,843,588,589,831,684,539,835,579,544,640,607,580,684,638,568,583,629,601,843,720,583,582,830,581,569,570,832,639,635,580,699
i'm not going.
1008,1178,970,949,928,1089,750,934,776,1078,993,911,780,1114
592,639,709,819,720,584,578,831,629,592,583,721,625,704
how do i get there.
904,1077,552,920,669,1076,920,999,920,771,629,751,917,749,887,634,696,622,1103
674,580,552,823,601,580,824,583,824,639,538,572,825,577,659,545,559,538,687
what are your hobbies.
do you know where my glasses are.
561,923,507,754,937,494,709,630,938,894,1090,939,716,926,905,1092,830,835,1013,639,579,1118,1225,669,1076,938,904,1080,932,931,1008,925,1082,567,939,567,891,646,711,642,927,969,898,925,786,1078,503,583,592,638,584,931,495,703,623,1116
549,671,642,579,822,636,570,541,820,635,594,615,575,825,673,593,709,710,579,559,613,708,668,608,593,829,616,600,618,826,637,718,593,549,836,548,668,556,575,534,842,723,634,830,633,638,634,615,620,554,616,841,637,572,539,695
who won.
the tv is broken.
557,924,1091,926,563,1078,919,1131,1205,744,902,628,917,747,754,925,998,579,925,830,726,1075,984,639,902,1102
558,657,584,830,557,579,712,690,637,577,675,544,832,572,673,830,596,606,838,682,575,573,648,544,719,681
take it outside.
735,475,998,629,925,991,747,920,1074,928,750,567,1001,656,640,1102
576,623,640,542,823,593,587,824,594,602,588,618,581,622,569,707
when does he arrive.
540,903,615,926,914,655,1076,629,564,916,885,626,910,489,704,698,988,765,640,1108
559,645,555,711,826,626,573,573,624,826,661,554,830,649,576,576,589,698,560,678
i'm married.
where were you.
1006,1177,976,950,973,485,703,693,1000,616,640,1113,1185,547,951,628,692,617,934,556,634,700,621,935,931,1106,955,1153
587,637,710,806,710,635,577,577,599,557,615,674,641,559,617,558,579,548,809,555,555,578,556,806,599,569,596,674
sorry, i don't have a pencil.
573,1106,710,713,912,1077,931,1028,952,665,1110,940,1231,752,948,924,509,779,641,939,500,939,1189,642,953,719,1018,1102,1147
627,594,584,589,601,684,843,588,828,628,585,713,636,585,844,665,630,688,558,848,641,848,578,561,734,711,591,633,691
i'll pay for the tickets.
1043,1224,1124,1121,950,1184,507,920,929,735,1118,720,944,742,922,625,934,744,1032,710,1024,643,747,573,1135
579,630,622,630,827,574,633,598,815,635,579,592,850,593,664,543,855,584,574,694,644,574,597,630,716
an honest, quiet laugh often mantled his pale earnest visage.
485,961,965,944,1110,957,627,569,747,1076,965,413,960,1038,618,734,936,1104,488,951,762,918,930,1077,706,712,593,923,939,962,453,929,716,1091,596,615,944,913,1007,541,929,1166,457,1086,600,931,600,458,678,913,602,538,726,932,733,989,560,486,754,608,1115
627,721,827,663,582,714,560,623,586,684,827,574,602,578,541,573,808,638,631,582,623,651,794,566,602,561,530,692,813,701,606,712,556,615,525,588,806,656,573,586,804,546,608,609,523,807,527,617,551,702,525,612,559,816,677,574,623,623,619,526,672
i don't know how to use it.
1030,969,643,1101,942,1210,730,960,1024,942,1099,531,955,922,1097,534,945,727,1084,945,946,553,615,941,1008,717,1137
563,790,596,555,701,602,558,797,605,693,548,532,796,633,542,528,804,560,550,801,571,581,525,796,557,555,655
