is anyone else coming.
let's share.
1148,484,390,748,405,836,1227,1045,625,836,616,1296,557,636,828,763,1263,1160,1201,1055,877,1287,827,1259,641,825,1373,569,836,574,1051,503,731,644,1274
485,556,587,794,606,518,526,709,528,808,521,561,577,526,806,709,449,747,483,708,644,709,794,578,492,510,523,560,785,576,583,610,503,495,748
what day are they coming over.
please count this for me.
563,1080,501,757,843,710,502,864,873,489,791,678,877,862,1062,663,904,880,789,1285,1162,1190,1074,936,885,1334,1063,721,612,828,1299,1452,1388,660,493,589,679,842,817,1131,1080,1090,919,890,897,1052,1274,602,853,850,1344,811,891,1185,699,1271
502,597,622,530,779,587,599,520,785,606,541,501,790,534,618,498,526,787,704,487,779,504,740,650,829,448,764,523,543,524,749,502,615,541,612,599,531,803,725,766,526,743,540,805,552,601,486,571,808,616,489,515,774,721,517,706
dicing houses, where cheaters meet, and cozen young men out of their money.
715,1256,723,787,1267,1093,939,1081,1325,1098,586,663,596,1178,860,599,1051,661,769,658,865,809,1060,658,478,829,649,750,535,872,1192,677,679,866,1166,878,509,735,852,773,1360,1144,608,693,1115,899,924,1330,1079,1111,840,883,1228,693,1102,877,1356,1115,902,908,1302,874,893,844,1016,668,1231,760,874,1125,1262,1050,669,942,1284
618,471,635,747,471,720,662,609,484,446,598,527,621,755,803,515,608,501,517,499,794,724,616,483,579,516,485,498,530,781,698,492,502,513,701,785,579,576,788,656,427,718,702,483,711,812,526,474,531,743,607,809,703,519,737,806,463,486,539,798,485,626,831,491,555,463,485,519,804,731,504,731,501,519,740
do you have the number for a taxi.
705,1336,849,912,1318,1038,884,1091,507,887,733,883,901,1033,724,949,1084,1104,1168,908,677,815,915,906,1310,824,905,547,893,927,530,752,1254,1332
591,429,806,514,468,491,785,585,590,787,497,756,517,609,475,773,756,497,724,825,489,472,770,603,477,483,812,579,804,536,612,703,496,757
where would you like to go.
599,1084,734,844,663,881,613,1343,1074,1329,760,879,958,1366,1084,905,1342,1227,1231,730,904,920,1344,911,951,1321,1312
510,597,528,542,506,803,508,474,509,600,599,809,535,479,511,814,607,486,613,540,793,526,470,826,639,465,752
is it far from here.
1246,612,891,1242,921,892,876,544,861,898,905,838,1309,1194,897,1075,739,876,727,1301
471,594,807,457,539,836,631,611,520,807,621,528,486,724,810,600,520,522,532,769
which school does he go to.
i'd like to go home.
596,1105,1261,791,1086,857,621,825,1082,1353,1347,1353,875,778,1336,719,646,908,1094,728,898,888,1371,890,911,1329,1309,1542,1270,1390,876,882,1354,1247,1263,741,907,937,1344,909,897,1346,904,1088,1338,1213,726,1298
514,615,485,704,619,806,579,735,609,462,473,607,817,615,475,537,600,832,613,543,824,636,472,830,543,472,756,564,507,646,638,835,634,515,628,560,819,556,504,837,644,500,849,627,485,788,541,777
there are many people here.
904,1101,744,872,733,919,578,852,759,933,1197,544,1138,1039,936,1410,781,1359,1448,1339,755,935,1109,755,913,722,1322
573,609,520,541,521,824,630,546,521,812,758,630,765,561,831,497,548,518,509,645,552,842,620,546,558,539,750
martello towers must be built within short distances all round the coast.
1223,565,809,914,703,1381,1373,1368,904,950,1361,617,695,815,663,904,1170,1144,672,952,928,1059,723,905,1100,1134,1271,1335,963,919,649,1076,1225,926,1069,1243,1130,912,669,1325,851,961,927,793,1236,672,944,609,1131,899,758,676,926,581,1357,1361,914,818,1358,1124,1119,777,899,915,743,918,822,1330,575,662,951,1301,1840
760,630,562,570,525,624,644,513,824,566,520,535,528,521,587,810,755,524,609,550,832,789,547,814,770,531,554,671,562,847,539,663,543,572,645,532,767,832,618,500,557,570,833,653,519,609,557,599,736,740,531,607,817,612,619,636,813,544,514,523,778,622,821,561,541,829,705,519,641,626,538,772,579
would you like water or milk.
579,1327,1090,1320,752,866,925,1325,1109,920,1351,1212,1236,727,891,616,528,897,736,844,938,1331,822,923,1195,1191,1319,962,1248
500,468,471,597,627,822,526,494,482,826,597,489,615,545,810,522,642,555,516,523,812,463,543,834,737,527,625,561,776
they'll be right back.
886,1054,704,1000,1397,1265,1430,1420,1105,751,925,841,1265,979,1092,987,956,1067,535,853,1288,1337
522,570,484,500,597,481,625,630,743,522,815,544,478,620,611,536,831,718,595,711,596,760
that car over there is mine.
953,1087,570,943,935,844,542,860,934,1323,965,758,873,947,963,1097,761,881,749,928,1249,677,911,1216,1218,1110,755,1350
554,608,608,537,814,721,590,516,810,467,715,520,532,804,554,610,501,520,514,834,498,609,822,770,522,734,532,744
i want to give you a gift.
please tell her john called.
1280,921,633,572,1116,957,944,951,1336,930,932,1243,994,798,968,934,1389,1143,943,580,925,931,1262,980,1015,1325,1592,1454,1389,743,576,658,755,960,965,786,1403,1398,936,1114,746,936,951,987,1168,1159,1168,942,944,595,1393,1394,760,778,1319
470,819,525,623,749,557,816,522,420,819,616,442,770,523,829,543,485,482,826,597,814,618,451,622,550,740,572,457,577,545,623,618,522,818,551,504,591,602,833,599,519,521,810,637,621,625,751,825,806,602,607,608,530,604,737
how are you paying.
1117,1379,646,910,581,863,776,942,999,1416,1188,956,1490,565,1020,1273,1144,1030,1372
586,449,512,800,610,539,502,797,544,465,468,803,470,615,522,465,694,641,719
try it.
thanks for your help.
979,854,1046,950,1316,1062,1398,1640,974,1158,579,1178,1370,690,946,932,1336,902,963,993,1411,1170,870,986,1140,765,1402,1052,1363
534,523,550,822,486,562,741,605,565,607,625,728,602,604,810,595,468,500,819,524,497,488,511,811,594,522,561,525,729
the car is fixed.
but it is hardly necessary to dwell on so normal an event.
985,797,955,866,879,622,900,995,1306,702,957,925,1294,782,752,903,1347,1582,1114,1165,980,989,1293,963,970,1281,693,952,1151,612,847,866,1412,1058,969,1167,785,903,778,701,712,602,873,1023,986,941,1386,962,805,695,776,1390,1391,941,1403,1209,938,709,1405,946,1166,1376,892,1250,626,1409,948,624,1152,933,783,1164,790,964,1195,1395
531,488,793,700,730,577,493,811,442,564,806,606,451,724,469,587,722,590,730,467,538,810,467,522,820,465,583,805,594,606,525,619,604,541,817,721,538,715,519,588,603,612,521,525,806,498,475,809,597,516,531,635,641,823,491,764,819,604,502,820,764,505,533,755,598,609,814,605,742,817,524,753,534,527,744,754
thank you sir.
842,1028,447,1076,897,893,893,1370,1102,925,577,1282,793,1357
526,579,576,734,542,808,531,495,489,793,547,410,503,784
my throat is sore.
1182,1034,954,981,1099,865,1370,578,970,957,1275,694,927,724,1356,904,786,1376
733,539,823,548,604,532,506,599,525,810,510,593,826,608,491,558,499,771
is john there please.
now or later.
1310,648,919,1101,1405,1113,1186,939,967,1127,766,921,753,941,1461,1392,745,595,677,752,1342,1576,1183,1404,658,904,1387,867,938,1393,595,943,738,849,1369
421,582,818,584,494,618,767,820,553,613,523,540,507,815,501,616,526,616,615,511,748,599,736,469,525,807,488,541,810,608,612,544,504,521,771
he said you like to watch movies.
1127,759,911,669,600,1305,795,913,994,1143,968,971,1432,1298,1295,785,945,964,1368,956,675,596,953,850,1129,945,1272,1394,922,1265,759,691,1420
619,538,826,627,629,492,628,843,544,519,826,838,584,506,623,555,824,555,495,841,516,636,550,740,612,828,772,506,771,498,554,590,779
a one way ticket.
that car over there is mine.
597,925,1454,1215,803,951,691,607,1001,970,990,1310,898,1287,789,1015,1333,1560,965,1150,596,998,1003,926,589,891,993,1438,999,765,897,985,988,1167,779,910,781,947,1381,683,949,1273,1346,1181,775,1420
616,828,473,764,544,828,517,627,556,821,559,482,780,622,546,544,758,624,570,604,603,565,832,824,587,522,818,471,828,526,522,812,553,595,518,521,509,823,481,582,822,776,498,734,527,765
try to say it.
946,778,1053,979,1030,1445,1007,705,619,1120,1010,1331,994,1391
546,499,553,831,515,465,824,579,617,534,828,484,528,764
i'd like to go shopping.
1291,1416,822,934,1437,1308,1314,790,1009,979,1395,978,1009,1430,982,699,1128,1389,1442,1429,1327,1193,1043,1408
464,639,589,825,593,499,610,540,827,520,464,829,626,442,834,587,601,478,491,522,481,748,628,734
isn't it.
can i have a glass of water please.
1308,689,1194,1469,1076,998,1319,1019,1388,1543,903,606,1149,1006,1338,994,1180,610,994,837,968,604,956,1015,1400,612,714,727,955,1410,995,994,683,607,976,796,909,985,1488,1408,791,614,698,799,1400
461,575,735,596,556,818,469,524,752,578,748,591,762,835,472,840,616,600,764,528,836,591,819,627,605,597,561,577,805,467,625,847,533,626,532,503,517,795,480,606,525,590,585,489,781
who are you looking for.
my stomach hurts.
687,1156,1426,948,615,893,796,1006,1053,1408,1211,998,1456,1358,1352,1340,1310,1210,1073,985,965,1418,928,1422,1615,1250,1114,1015,693,1018,1389,1269,640,932,1127,982,1129,1170,941,990,712,1382
501,566,425,819,608,532,507,813,539,456,469,814,601,482,496,638,508,757,661,833,636,482,532,792,621,766,541,810,568,522,489,734,594,734,578,824,580,481,525,534,573,733
he likes it very much.
1171,785,937,1454,1327,1350,775,687,965,1374,1005,992,1131,785,937,1084,1009,1302,1248,1142,1174,1421
620,529,805,599,520,618,526,598,809,465,529,807,750,520,510,531,831,779,453,744,604,719
how old are you.
1155,1456,685,969,1451,1423,853,955,627,933,808,1011,1089,1470,1229,1370
613,470,508,825,463,598,613,824,604,537,511,831,543,480,478,750
it's there.
will you remind me.
1332,1040,1445,676,938,983,1124,765,974,768,1324,1569,671,1323,1395,1410,962,1017,1386,1118,971,918,792,1257,1283,1147,822,979,1261,809,1403
446,519,649,581,823,542,616,520,527,509,776,582,518,504,606,623,826,556,496,519,836,543,511,781,497,748,617,834,753,529,640
it's mine.
he said you like to watch movies.
1319,958,1501,711,961,1295,1313,1199,896,803,1409,1159,783,942,708,622,1294,815,941,1023,1417,1184,1014,1372,1288,1295,829,1025,1039,1382,1019,713,625,1001,899,1126,1007,1269,1390,998,1280,807,713,1431
463,515,599,574,811,723,498,695,704,524,715,581,505,791,588,598,472,590,809,540,473,464,822,574,483,602,537,795,541,467,809,492,598,523,753,600,814,750,483,816,460,515,561,751
can i bring my friend.
944,618,1179,1024,1337,1009,1032,950,1327,1204,1089,986,1295,1142,1037,985,939,1327,813,864,1402,1356
760,594,770,817,444,815,724,513,465,731,668,810,714,558,808,644,516,424,530,640,743,772
behind the bank.
i'm coming right now.
1141,825,1162,1329,1200,853,977,1047,1153,832,1015,1105,612,1218,1381,1395,1556,1293,1458,1345,954,973,1419,1245,1300,1193,1046,988,934,1325,1083,1164,1035,967,1207,1371,715,1383
735,513,598,458,731,610,813,538,584,520,824,773,598,763,580,733,578,482,597,768,809,811,479,766,488,713,641,819,504,474,637,609,522,812,753,473,502,734
nothing else.
1215,1415,1059,1146,1303,1197,1057,987,811,1387,719,822,1334
753,521,541,604,496,741,653,810,503,595,574,512,755
what will the weather be like tomorrow.
it rained very hard today.
711,1118,617,957,1017,719,1307,1323,1395,981,1011,1170,795,982,716,861,646,1010,1150,784,907,1010,1119,1061,996,1447,1324,1318,827,988,1036,1399,1275,1402,927,915,1416,718,1370,1621,1301,1046,1017,916,658,1304,1186,798,843,950,1077,832,973,1092,1057,1129,664,912,873,1026,1038,1431,877,655,1107,1389
506,626,606,527,811,501,491,547,602,800,537,575,505,810,507,514,579,539,612,499,517,796,741,540,796,601,525,642,517,799,545,510,787,524,524,526,496,495,748,598,525,556,805,531,590,485,727,505,602,807,772,505,512,518,807,623,589,518,582,807,519,456,588,595,515,725
what are you going to have.
719,626,967,1006,650,934,821,998,1077,1435,1202,1002,1102,1093,1379,1268,1172,1092,998,1039,1410,1035,1128,593,1056,850,1376
479,579,505,787,574,504,480,769,514,467,479,801,635,617,496,431,694,625,799,504,459,800,598,593,710,516,758
he has a nice car.
1185,811,958,1172,622,731,967,659,972,1264,1312,934,863,1013,975,671,906,1396
617,521,812,599,584,590,793,607,797,739,475,720,532,792,802,594,502,752
you're right.
1063,1498,1233,1461,929,814,992,954,1357,1056,1188,1047,1378
526,481,480,618,525,507,805,520,465,600,617,528,769
have you ever had potato soup.
1193,657,1077,866,997,1050,1459,1219,1007,893,1085,837,955,1032,1166,685,899,999,1469,1356,965,668,1039,1369,1022,756,1449,1211,1544,1408
590,592,726,512,809,513,475,494,800,518,781,515,520,799,625,596,586,798,436,466,507,590,520,463,804,574,463,481,464,777
it hurts here.
sorry, we don't accept credit cards.
1321,1060,1035,1141,1203,952,1018,723,984,1132,793,978,773,1347,1563,714,1369,895,880,1045,1218,1000,703,808,979,858,1363,1201,1419,1069,1009,621,967,949,820,1451,1032,971,912,949,813,863,1321,1038,983,923,639,938,843,739,1413
483,532,783,581,466,515,518,556,790,584,504,502,515,704,588,581,500,531,535,524,761,817,504,508,800,592,464,740,588,524,804,593,737,709,526,487,532,810,736,529,537,608,480,546,812,730,587,507,602,568,704
i need a doctor.
1207,887,1117,731,745,770,903,574,908,780,1341,913,974,1351,1320,1385
418,810,722,520,526,591,823,608,826,619,440,743,542,454,732,714
certainly.
the river is a perpetual enjoyment, always something going on.
831,746,861,914,599,1249,1131,1360,1073,1349,1580,977,1079,761,863,895,1337,1021,801,907,987,1330,699,951,624,954,1490,787,894,1482,774,960,1167,642,1390,969,786,1159,1050,1386,1048,1167,798,1179,1010,1320,932,588,1428,676,605,989,720,958,714,1321,1223,798,983,1110,1240,1137,1014,979,1014,1363,1262,1130,1060,954,1340,1148,1369
745,532,522,540,608,473,701,593,541,730,591,542,598,515,516,527,437,751,539,525,818,446,580,809,614,813,457,537,528,463,522,542,519,611,629,817,525,759,645,504,545,764,511,758,523,770,803,590,585,493,601,508,578,800,573,487,753,484,519,609,500,753,610,792,612,486,474,787,630,807,484,761,714
do you have a pencil.
801,1428,931,1028,1414,1115,961,1124,598,986,793,953,628,963,1488,775,844,1180,1003,1258,1400
606,443,800,508,458,486,796,592,598,808,510,785,590,790,440,514,688,720,721,445,600
what are your hobbies.
i love you.
667,1146,594,968,963,623,911,783,975,1040,1438,1189,866,979,1148,1435,1024,1013,1301,812,734,1355,1613,1301,954,1441,1376,1102,833,1000,1042,1402,1151,1369
496,594,597,519,784,603,513,496,787,528,469,492,499,795,599,471,758,717,481,533,593,739,606,505,809,594,489,760,528,813,513,497,487,736
i'm not married.
1333,1457,1333,1067,987,1182,1050,981,1280,675,938,938,1320,831,838,1360
461,564,771,560,813,739,480,787,729,574,514,522,487,492,572,764
the recovering economy is bringing more people back into the market.
999,1151,836,985,956,825,951,1417,1128,852,969,1301,1181,1097,1035,876,988,1410,1205,1407,1268,1174,1019,1324,756,1016,1125,1064,1302,1198,1096,1309,1205,1084,1015,1282,1409,973,871,1016,1492,841,1357,1474,1414,822,1001,1114,678,971,1306,1001,1269,1189,1092,1397,1033,1079,1173,873,1017,1276,664,911,1398,841,1042,1454
537,604,497,800,518,469,709,462,750,511,510,493,730,620,811,505,778,473,772,511,798,539,803,473,562,796,786,529,504,740,649,506,743,642,814,748,512,548,510,801,500,519,512,491,660,521,801,772,588,719,611,793,530,740,520,497,801,537,595,492,793,710,567,498,564,492,496,729
i forget.
i don't understand what your saying.
1365,982,1005,1425,910,1086,839,1093,1344,1596,1299,978,907,1394,1184,1462,1129,1039,1213,1190,843,822,934,739,1026,672,1210,872,993,754,1160,678,1016,1023,1060,1432,1205,880,980,748,654,1071,1297,1171,1078,1447
426,777,605,456,521,626,509,525,716,617,483,793,591,480,736,597,530,811,458,714,534,495,509,561,518,591,703,616,798,510,569,602,535,783,524,475,499,520,789,598,617,524,480,702,607,716
it's less than two dollars.
1301,1063,1423,703,977,1458,788,720,740,1015,1016,1163,678,1217,1029,1009,750,1390,994,891,1385,1399,1408,648,939,735,1405
483,515,591,557,800,579,524,569,591,793,543,580,596,709,790,540,500,486,790,640,469,607,622,606,538,570,732
do you want to come with me.
what does he do for work.
858,1435,998,1072,1416,1156,1018,734,685,1225,1035,1009,1056,1438,1007,957,1426,1232,836,1003,756,1305,1049,1167,1004,1278,1415,1432,1605,749,1195,663,1057,1011,916,1460,857,789,1048,1191,875,997,925,1423,1004,1005,1438,971,1000,756,961,1351,1390,1523
614,464,815,529,475,502,814,517,617,712,545,798,539,465,828,713,467,721,530,811,507,491,544,599,801,715,698,714,601,533,605,608,551,825,613,479,534,578,816,596,537,810,618,498,815,641,488,525,811,512,537,603,745,675
over here.
what's your last name.
1390,1158,861,992,1032,1206,848,978,836,1390,1631,728,1181,665,1007,1505,768,1019,1076,1484,1223,928,1008,1470,682,777,1014,1028,1238,682,1332,859,1530
479,738,539,540,808,588,527,522,519,733,606,526,616,633,541,601,616,810,538,494,513,539,807,598,608,582,506,806,691,599,709,524,570
i'm cleaning my room.
1347,1487,1332,995,941,1460,876,1231,698,1335,1223,1094,1057,1327,1168,1033,973,1410,1407,1337,1454
482,602,749,801,743,597,546,727,620,516,722,657,805,705,525,805,521,511,519,774,743
sorry, we don't have any vacancies.
753,1442,950,932,1092,1252,1032,757,888,1015,931,1402,1217,1102,1075,1150,676,1086,901,880,1066,709,1181,1165,1091,1046,718,961,678,1170,1042,1117,881,802,1404
578,474,535,536,541,745,827,514,517,815,604,490,774,538,814,617,630,752,544,518,835,615,760,562,827,789,610,789,607,749,777,562,531,595,766
do you sell medicine.
are you coming this evening.
891,1446,997,1086,1447,1229,1014,810,882,1458,1462,1022,1320,868,896,1334,971,1358,1237,868,1426,1606,691,981,855,1031,1090,1458,1233,1024,994,1355,1317,1311,1227,1111,1067,1077,1196,1402,771,853,890,1066,895,1227,1311,1208,1148,1418
611,498,816,546,490,512,815,627,546,579,590,822,757,557,611,524,750,523,759,574,730,582,648,558,538,811,562,506,524,812,751,485,771,502,722,654,805,553,600,516,590,500,545,751,522,756,485,741,639,730
the circumstances leading up to the shootings was not immediately available.
1055,1146,843,986,945,1272,973,976,1180,1302,749,1067,684,1183,967,851,753,1012,1438,829,660,888,1302,1191,1071,1007,1205,1442,1008,1084,1466,1025,1042,1146,873,1043,798,1136,1389,1370,1051,1289,1193,1106,784,1011,771,706,791,1020,1173,1402,1092,1069,1262,1281,1280,849,892,1285,682,1070,851,1399,1131,1076,691,1057,702,1308,1431,707,1106,1413,854,1410
540,591,488,799,722,488,524,731,488,696,581,508,597,697,708,495,587,778,545,503,604,597,454,714,615,786,449,479,784,524,468,768,520,593,483,785,585,588,444,454,516,471,709,614,594,790,503,605,577,772,716,492,519,771,482,732,741,498,600,468,604,514,483,614,524,766,582,654,580,450,578,586,683,552,505,747
what does this say.
764,1158,684,1032,1020,890,1426,856,796,1033,1057,1188,1390,806,1028,776,724,1131,1357
486,599,603,505,772,596,473,508,591,773,513,583,463,567,784,577,587,481,744
such an inclined passage following a seam of coal is known as a slope.
754,1188,963,1146,1002,648,1182,979,1340,1199,947,1402,867,1280,1194,850,992,1531,679,752,767,685,1019,882,1020,980,1376,1416,1419,1364,768,1299,1207,1091,1032,687,992,771,856,687,1220,996,1421,971,991,918,1355,703,1427,1001,1336,788,997,1226,1057,1258,760,1195,988,694,778,1006,699,995,773,1375,1314,1441,844,1378
568,450,698,582,793,588,691,781,475,712,707,589,519,497,752,498,794,440,589,561,570,594,592,489,769,606,439,593,601,465,511,479,710,599,802,593,797,587,495,571,742,777,468,606,796,654,424,582,549,777,429,572,775,563,704,463,504,715,793,611,582,776,599,790,579,583,493,492,510,777
i'm ready.
it's six am.
1297,1469,1304,942,936,834,655,886,1210,1347,1609,1296,1057,1450,760,1002,783,1298,868,1008,710,1238,1420
459,580,742,527,525,500,588,598,510,724,570,488,535,624,566,794,591,490,725,806,603,712,753
be careful driving.
1145,874,1015,948,723,964,903,1010,1182,1387,1008,879,941,1325,1019,1329,1225,1112,1445
740,527,814,707,599,533,508,598,502,619,786,610,520,455,716,462,716,635,723
have you arrived.
i'm not afraid.
1185,685,1063,866,1005,1073,1444,1209,1024,707,969,963,1327,1082,872,897,1417,1666,1345,1450,1370,1022,1239,1452,1077,1045,721,1010,986,709,1355,923,1468
627,610,730,543,799,524,489,501,796,598,535,538,472,734,519,616,707,600,488,587,707,802,709,491,539,793,599,606,515,578,474,599,737
he's a very good student.
1242,866,1511,811,1017,718,1022,1141,891,1007,1148,1044,1059,1459,1446,944,1031,810,1080,1262,914,903,1259,1133,1447
622,524,569,605,801,607,809,725,533,514,530,806,621,510,521,602,810,568,503,424,599,520,733,506,726
someone is coming.
you speak english very well.
729,1393,1312,829,1409,1247,822,1008,1350,783,993,962,1409,1311,1320,1217,1093,1398,1585,1069,1451,1221,1004,783,848,1525,687,1357,1008,878,1224,1084,1431,1311,792,1203,1010,1162,861,938,1111,1058,802,870,1447,1448,1343
575,488,747,530,504,753,524,806,482,600,796,736,482,769,510,730,632,696,564,536,495,505,796,599,517,463,617,598,810,540,714,641,616,520,598,610,803,739,532,530,537,810,506,531,599,610,820
i know.
jonathan, choleric with indignation, stood by his desk, clenching his hands.
1329,970,1218,1176,1429,740,1371,1592,1146,1422,1194,667,1051,1150,675,1206,1304,995,971,1144,1433,1475,857,972,1338,956,1003,773,1332,1090,1173,1028,1342,1211,884,1296,1055,1186,686,1060,1250,1347,1168,1314,992,774,1000,1395,1384,884,992,1113,1125,1032,1132,1315,801,1004,891,854,783,1321,1372,1212,964,1408,875,1224,969,1185,1335,1215,1099,1009,1152,1342,765,992,1152,680,1189,866,758,1435
456,805,601,737,491,522,724,563,604,466,749,607,561,595,595,732,754,812,744,602,452,607,536,540,500,720,811,520,505,569,615,817,509,751,589,476,625,729,602,533,517,517,728,733,809,574,514,472,477,591,797,733,506,802,599,482,567,782,578,513,568,596,724,731,705,602,528,714,732,601,483,718,641,812,573,464,583,785,603,590,741,594,587,752
i need to change clothes.
1374,990,1234,824,828,875,979,1024,1416,1009,940,1162,681,1214,1118,852,1011,952,1444,1370,1046,1177,835,767,1485
448,803,735,521,531,603,796,520,487,813,703,600,607,726,616,501,788,703,582,482,543,599,518,576,774
i need to go now.
what time does the movie start.
1339,980,1215,843,847,894,985,1069,1437,1009,1438,1058,1012,1197,1431,783,1391,1597,760,1205,679,1047,1040,1032,1300,1326,860,1010,874,1409,846,781,1010,1035,1155,750,1005,1320,1390,1121,1317,845,1008,765,1036,720,974,1051,1450
480,817,752,522,537,629,805,540,476,820,467,640,824,732,484,507,759,604,519,614,606,537,804,503,473,687,497,788,575,445,497,580,789,506,568,500,787,735,484,749,476,502,786,563,509,596,502,521,748
one like that.
1442,1248,846,999,1484,1359,1365,1026,1031,1021,1193,666,1058,1403
464,746,518,792,567,487,608,773,508,508,590,572,509,714
i still have to brush my teeth and take a shower.
1295,978,741,1015,1294,1397,1412,991,1128,663,1102,829,993,1044,1410,1012,1130,979,1270,778,1158,1019,1279,1183,1026,1004,868,871,1075,1157,1022,701,1209,914,1012,1008,710,1375,855,1014,704,1007,796,1154,1403,758,843,968,1389
446,776,553,496,467,611,610,789,585,589,725,525,788,498,441,786,739,501,476,562,585,806,723,519,790,510,491,512,522,615,790,594,709,582,793,522,582,583,507,785,593,794,581,589,474,517,503,512,755
expiration date.
i'm getting ready to go out.
863,859,1542,1368,941,693,1051,1298,1401,1167,1012,971,681,1063,836,1454,1599,1344,1491,1346,994,996,870,1073,1057,1318,1203,1090,1042,934,831,651,882,1128,1043,1077,1438,1034,1046,1446,1036,1448,1242,1107,1466
500,675,456,445,513,594,521,477,491,743,802,590,594,516,485,740,567,474,596,756,801,598,521,526,521,479,723,623,806,506,504,588,586,511,799,500,440,813,610,444,827,445,459,519,768
are you married.
671,970,862,1035,1093,1485,1268,1022,1370,690,955,948,1367,843,836,1435
595,518,500,791,512,469,460,784,703,592,510,517,442,492,559,723
who is it.
i've never seen that before.
731,1196,1448,1003,1339,761,1007,1358,1075,1445,1624,1356,1539,1147,842,1005,1204,848,1040,848,972,1083,766,867,874,1231,1026,1072,1167,701,1094,1076,1105,876,1053,1420,1005,1442,1564
495,596,425,794,453,585,786,440,522,714,585,466,584,755,506,811,690,513,809,517,500,786,568,482,492,712,800,531,580,586,534,791,701,488,582,444,477,735,690
what do you recommend.
i'm tired.
623,1130,558,887,953,839,1371,960,1054,1373,1160,992,918,816,926,1368,1271,1266,854,1199,887,1346,1607,1351,1460,1322,959,967,1358,815,693,821,1379
481,579,607,536,806,589,444,797,523,462,481,803,520,486,715,436,728,724,522,731,607,779,559,503,635,786,814,540,522,518,529,614,753
that's too bad.
you look like my sister.
1007,1224,681,1054,1590,778,1019,1055,1418,1418,1026,1162,676,928,1397,1591,1125,1483,1241,1035,1470,1446,1440,1388,1008,1454,1364,1365,854,1008,1338,1154,1026,734,1047,738,1060,827,981,1469
542,577,583,516,569,568,801,526,487,492,820,732,618,596,737,612,556,483,496,809,597,490,488,598,809,620,497,615,534,805,768,528,815,573,503,553,517,481,483,732
i'm good, and you.
1313,1476,1339,1006,968,1465,1452,848,1311,981,658,1226,882,989,1084,1452,1214,1396
505,633,750,807,589,443,454,580,741,794,588,697,582,794,525,481,499,744
i'd like a room.
while each animal wandered through the maze, its brain was working furiously.
1362,1494,953,975,1483,1371,1393,841,989,663,969,964,1434,1422,1327,1451,1637,696,1155,1313,1438,859,970,820,643,923,1163,992,673,1209,1286,1311,698,1485,1002,732,666,1230,845,823,933,817,850,995,1033,1167,919,1433,1197,1048,1204,1007,1076,1179,837,1007,1296,668,711,859,1333,1007,1370,1040,740,983,1160,904,668,1275,1170,986,732,660,739,983,723,1403,920,1371,1303,1212,1066,1019,969,1186,931,1306,1428,1174,730,1443,1175,1420
475,593,620,802,600,501,611,523,803,598,792,525,456,468,726,712,578,509,602,484,582,614,799,518,603,711,579,810,602,716,500,724,619,544,809,517,610,714,617,522,507,504,577,805,527,562,517,504,511,607,604,808,546,613,524,804,720,606,681,481,716,793,442,503,579,789,709,502,576,476,698,786,483,584,563,783,485,439,501,585,485,701,607,795,594,430,497,460,463,473,560,599,488,762
all day.
how long will it take.
602,1431,1429,949,800,602,1134,1418,1649,1169,1458,695,968,1466,1376,1207,1075,994,701,1312,1425,1436,954,1321,1060,1008,900,648,1342,759,1396
596,581,593,794,589,607,485,727,567,599,450,518,807,572,473,721,628,810,502,470,590,608,792,467,537,788,512,570,580,507,757
what's the matter.
672,1199,618,1022,1485,736,964,1005,1190,823,1005,1325,628,999,982,802,937,1407
500,592,588,527,582,579,791,515,564,504,799,705,586,515,519,494,503,730
are you comfortable.
for how many nights.
619,912,796,996,1060,1449,1220,1008,992,1443,1336,1015,1446,951,1036,660,1079,1440,832,1439,1642,952,1442,935,1009,1170,1443,730,989,1287,638,1210,1207,993,1185,1256,1119,1137,1037,1396,727
618,516,505,796,525,475,486,786,786,436,699,569,440,492,523,585,694,549,504,738,473,603,458,510,797,579,451,501,790,711,598,716,548,799,703,496,616,596,527,708,589
here is your salad.
1180,795,929,793,975,1348,717,960,1063,1427,1177,879,1001,734,657,1429,663,833,1379
598,518,518,516,793,469,587,788,521,476,490,535,809,606,608,575,619,609,699
where are you going.
721,1190,858,947,816,1002,667,928,822,1018,1067,1433,1194,1005,992,1413,1280,1200,1146,1429
519,595,532,551,535,799,609,540,517,795,546,471,502,806,616,490,460,727,660,710
have you arrived.
from here to there.
1184,631,1025,866,997,1069,1457,1239,1011,690,956,926,1351,1001,854,859,1404,1642,978,944,1450,1375,998,1206,853,938,829,1024,1076,1473,1035,949,1218,829,1044,827,1391
614,612,716,552,815,534,447,484,801,622,521,519,441,734,534,624,700,577,615,537,503,780,791,585,522,540,530,803,539,468,803,535,582,512,532,502,769
try to say it.
961,887,1116,1005,1099,1440,1026,751,670,1131,1054,1308,1057,1436
529,515,549,793,535,493,805,596,610,525,788,482,512,716
would you like to buy this.
696,1423,1207,1428,869,966,1089,1423,1186,1008,1454,1333,1336,838,1029,1074,1414,1046,1159,1223,1092,1069,1094,1189,1331,791,1410
501,482,483,599,607,794,528,476,483,812,583,491,586,531,796,532,488,824,757,500,517,818,530,583,493,583,779
what's your religion.
where would you like to go.
732,1176,664,1037,1494,788,1013,1110,1483,1250,940,1047,958,866,1457,1386,1063,1354,1440,1236,1443,1622,740,1210,827,928,805,1014,750,1416,1232,1453,900,1017,1087,1454,1231,1040,1485,1378,1393,881,1021,1098,1445,1037,1065,1452,1458
520,613,614,529,591,599,812,536,499,485,523,814,537,510,596,496,606,489,499,719,731,575,527,603,531,541,542,822,517,484,491,601,604,811,524,472,483,811,575,489,597,538,812,524,467,800,625,466,734
they charge twenty seven dollars per day.
how much altogether.
1038,1216,868,1165,1070,997,1203,706,1007,1125,894,1080,1068,797,892,1245,1111,1206,1092,793,898,1042,902,1189,1054,919,1441,1457,1461,725,1020,808,1055,1536,877,1002,1060,912,721,1192,1441,1656,1226,1485,767,1006,1335,1263,999,1211,1036,723,1474,1042,1462,1047,876,1074,1210,869,985,1437
538,596,492,546,804,714,591,594,496,608,488,788,511,469,495,742,531,558,820,578,488,711,503,733,787,581,445,594,617,591,509,594,788,445,507,506,788,604,598,513,690,568,598,475,512,808,726,496,745,606,811,608,587,532,473,618,534,527,588,514,524,733
do you think you'll be back by eleven thirty.
can you carry this for me.
899,1505,1021,1115,1476,1232,1057,1141,1226,1340,1228,1386,1039,1077,1468,1207,1581,1546,1548,1025,1151,863,1026,1154,682,989,1386,1010,1169,1186,1062,883,1486,870,1078,900,1215,1052,1099,1206,1371,971,1098,1154,1400,1607,949,684,1198,1024,1126,1468,1229,1031,976,702,994,975,1152,1063,1093,1205,1374,776,1015,1036,1454,987,1075,1333,882,1479
602,469,824,537,477,517,812,545,600,493,750,599,821,542,494,516,611,683,696,809,713,511,807,721,598,699,585,810,715,540,815,504,588,518,741,523,723,825,540,589,481,524,533,560,713,597,719,596,709,797,496,460,492,783,761,567,497,492,520,794,506,568,468,556,795,606,461,494,796,709,476,715
try it.
this is my mother.
1032,885,1133,1041,1399,1112,1451,1617,1083,1217,1363,806,1035,1386,793,1023,1338,1167,1072,1308,1448,1141,1205,855,993,1461
529,486,532,788,466,521,693,598,544,590,484,556,793,464,580,793,712,512,796,728,501,509,577,479,501,703
i'm an american.
1323,1483,1353,995,689,1239,993,701,1344,841,956,1360,951,718,1242,1474
484,590,732,800,581,717,791,594,703,520,520,478,719,585,713,744
i'm from america.
1332,1519,1370,1012,1053,984,1462,1358,1016,720,1351,871,981,1353,986,725,1439
480,595,757,801,621,527,519,776,801,608,749,533,523,488,726,580,763
i agree.
it rained very hard today.
1352,995,701,999,977,864,873,1370,1583,1318,1077,1037,955,715,1317,1226,857,910,998,1098,862,971,1141,1037,1191,714,973,901,1016,1064,1416,904,701,1171,1419
465,793,615,597,497,501,510,742,586,477,543,794,513,598,483,690,507,597,801,726,523,513,527,793,595,588,520,593,788,512,475,599,600,545,722
contracts with utilities will be signed starting next month, he said.
have they met her yet.
933,1370,1231,1007,860,707,963,1098,776,1013,798,1310,1112,1174,1049,1220,1047,1330,1446,1328,1073,1337,858,791,1007,787,1308,1397,1404,1010,1138,880,1028,805,1318,1084,1185,855,889,997,796,1056,731,947,1056,1276,1173,1098,1049,1152,897,854,1128,1054,1258,1360,1183,1093,1141,1309,996,1137,845,1016,768,696,1272,866,1386,1611,1215,702,1084,888,1052,1076,1186,876,1117,1047,1303,883,1101,1058,1111,1188,915,1077,1105,911,1156,1486
690,481,731,538,519,597,723,526,593,798,498,460,541,579,789,441,522,482,606,486,541,485,522,597,805,505,493,598,615,793,707,513,789,594,492,616,743,506,573,800,585,525,622,518,526,509,728,638,806,715,513,682,506,792,705,468,722,530,598,734,787,591,508,794,580,606,470,599,705,575,596,601,733,532,790,514,580,491,493,779,721,506,484,782,506,598,484,470,501,473,508,730
very good, thanks.
1150,911,1039,1184,1060,1092,1445,1438,957,1382,1085,1111,1242,739,1257,1434,853,1506
735,502,487,490,770,607,492,513,593,734,761,521,592,568,718,583,564,721
when does the plane arrive.
836,1236,920,1253,1076,974,1447,936,874,1089,1135,1228,941,1075,1501,1447,772,1227,950,1071,762,1025,1014,1360,1122,942,1444
489,599,510,703,804,580,503,506,611,784,526,579,517,809,481,599,599,711,526,798,600,524,525,483,742,530,703
hi, is mrs. smith there, please.
it's longer than nine miles.
1227,906,1462,1048,1435,818,1037,1377,1002,814,1523,1043,832,1378,1352,1118,1228,1076,1112,1228,922,1031,924,1340,1065,1555,1486,876,730,834,1053,1479,1656,1346,1070,1521,772,1016,1478,1420,1224,1081,878,1001,1064,1089,1214,712,1247,1026,1246,1282,1227,878,1033,1334,1309,1420,863,781,1509
602,528,721,801,456,589,795,725,535,575,694,790,597,730,501,544,602,794,544,593,497,513,507,733,798,503,613,522,590,579,501,721,568,486,508,552,578,785,576,476,716,613,515,520,790,526,585,595,694,788,702,501,715,513,790,693,499,583,515,586,713
do you have the number for a taxi.
it's going to be hot today.
898,1461,1015,1099,1435,1191,1039,1170,706,1033,908,1045,1113,1168,892,1045,1212,1227,1325,1153,886,1000,1046,1044,1453,990,1022,704,1022,1071,680,881,1089,1396,1627,1310,1062,1511,793,1014,1030,1442,1310,1225,1099,1060,1071,1445,1030,1155,889,1026,1205,1450,1094,1045,1061,1438,912,711,1175,1525
597,448,797,507,460,481,806,588,614,709,544,803,543,576,502,800,715,498,686,706,510,521,804,606,465,497,791,594,791,520,599,693,518,747,601,489,497,609,574,797,609,492,465,698,604,794,486,455,771,695,490,774,563,467,500,771,488,448,575,580,507,732
there are some apples in the refrigerator.
1069,1220,867,1038,871,1039,708,995,892,1056,801,1383,1350,904,1046,737,1509,1504,1481,886,814,1042,1340,1259,1038,1070,1200,866,1032,989,886,1031,961,1045,1192,876,969,689,1048,1438,934,1467
522,579,488,504,489,769,578,499,462,773,552,458,719,494,783,577,457,469,571,499,559,784,447,717,783,514,547,483,773,512,480,580,474,488,601,479,471,584,484,445,490,707
i'm ok.
he broke the window.
1363,1497,1358,1040,1447,1400,1465,1605,1213,855,1020,1184,964,1441,1401,861,1020,1065,1205,893,1025,759,1315,1245,898,1453,768,1497
493,606,743,788,482,598,730,556,569,506,784,720,507,457,581,506,768,507,571,497,780,492,470,687,575,458,496,704
the live set reprises material from this remarkable group's earlier aurora cd.
june third.
1043,1217,869,1019,1522,1398,1112,887,1029,797,896,1099,1063,981,880,1532,979,1379,810,899,816,1036,1318,724,1041,868,975,1302,720,1464,1045,1033,949,1428,1344,1040,1081,1213,1383,791,1022,972,889,1315,714,985,1372,725,1103,1492,877,1047,1019,967,1479,1242,1571,1521,777,1004,829,674,955,1486,1388,843,948,1037,703,1295,938,1460,924,708,1025,979,882,1487,1654,1186,1261,1252,858,1026,1040,1177,1309,939,904,1490
529,579,509,775,572,483,711,505,787,564,491,492,775,512,483,467,504,485,558,495,571,776,699,591,502,494,494,499,576,585,785,597,505,500,763,774,524,587,490,551,774,504,486,748,585,499,599,583,675,589,496,772,580,478,482,486,459,637,570,770,485,577,498,611,509,494,502,777,594,451,523,467,524,575,779,693,582,686,560,598,447,712,508,788,521,586,478,502,579,731
i need to go home.
1319,1027,1240,850,867,902,1014,1079,1456,1050,1033,1484,1029,1189,1446,1363,846,1491
467,809,717,524,532,606,796,514,490,812,622,482,804,615,486,760,527,744
he works at a computer company in new york.
1206,846,1023,775,1444,949,1395,794,1010,722,1012,1035,706,1024,975,1435,1343,1565,1256,1045,886,997,1037,978,1469,1336,1552,739,1219,1175,1064,1352,1228,1028,1205,887,768,1036,1084,1447,1231,947,1442
625,527,805,504,491,538,610,581,798,624,508,791,618,801,703,454,685,484,474,539,509,531,789,701,479,713,491,601,725,528,816,468,715,809,703,530,513,791,534,481,502,517,741
i don't think so.
i'm from america.
1271,932,802,1357,1167,1515,1077,948,1066,1152,1288,1163,1344,979,750,1349,1378,1583,1308,1480,1337,968,941,880,1392,1295,956,663,1242,791,910,1290,900,674,1355
479,799,568,467,712,559,502,783,494,563,464,679,556,789,555,441,695,555,450,560,725,786,582,499,485,695,778,604,701,510,507,452,691,595,717
it's less than two dollars.
1322,994,1504,716,966,1502,777,727,729,988,1005,1165,694,1208,997,971,724,1364,982,835,1388,1423,1429,657,923,707,1449
466,520,580,580,786,561,514,572,587,773,520,551,576,715,786,504,504,486,773,596,470,596,601,608,513,577,711
where would you like to go.
694,1185,780,881,759,977,698,1404,1152,1404,844,953,1068,1417,1169,987,1473,1340,1384,815,989,1062,1429,1007,1039,1441,1469
522,580,511,521,523,786,511,452,474,575,586,784,503,469,474,785,559,482,601,519,785,508,444,788,608,453,719
when are you going to pick up your friend.
687,1169,778,1213,970,642,928,792,1011,1046,1422,1222,996,1039,1441,1325,1216,1085,996,1091,1438,1028,1528,1301,924,1326,981,1242,1490,990,1071,1481,1227,903,990,941,906,1339,805,1252,875,1503
503,583,517,698,795,598,516,500,777,506,455,487,787,617,492,454,676,625,788,514,477,773,481,458,693,579,798,478,486,775,520,466,491,513,790,619,509,454,505,706,602,684
humanity, when surfeited with emotion, becomes calm, almost phlegmatic.
1148,1174,1289,658,1204,1286,1022,1140,1302,1002,732,1136,825,1227,996,776,1247,917,964,838,1299,1020,842,861,985,742,1280,1051,1165,1013,858,1260,1386,1075,1252,1385,1171,1227,1006,1026,866,958,1371,1325,836,770,979,949,697,1443,1340,1227,1009,693,1427,1315,1381,778,1054,1008,1461,1166,1449,833,1016,1237,670,1043,1282,932,1472
606,489,684,582,701,503,526,548,707,790,504,580,503,697,771,583,430,497,566,498,446,505,489,569,780,500,464,504,572,774,492,700,476,507,472,460,724,746,788,732,526,726,497,731,513,563,774,704,572,563,720,716,774,577,555,721,447,577,504,783,471,584,574,506,581,704,578,501,467,702,714
sorry, i think i have the wrong number.
738,1445,917,906,1077,1310,1007,1337,1022,1030,1178,1328,1191,1370,1007,1310,1025,1171,690,1063,892,1021,1107,1163,888,1035,779,958,1373,1195,1099,1046,1185,1204,1291,1109,862,1050,1525
579,414,497,492,491,697,777,448,781,506,599,477,726,575,780,453,773,586,586,676,518,779,510,574,480,787,474,483,471,700,588,771,692,481,636,685,491,481,718
how much does it cost per day.
1198,1427,767,1002,1295,1228,967,1165,981,890,1413,876,801,1012,1315,1075,1043,975,1431,785,1071,1000,1519,862,981,1036,913,701,1183,1434
591,457,492,776,698,443,694,585,792,591,459,510,581,791,450,503,771,683,437,548,490,773,456,484,485,770,578,569,487,685
how much are these earrings.
whose book is that.
1145,1430,735,985,1318,1240,965,1193,971,687,972,830,1023,1030,1156,841,764,833,997,828,669,909,899,1310,1210,1050,740,1436,1582,717,1160,1431,811,764,979,1069,1399,1387,1395,989,1342,780,1003,1030,1184,697,1049,1459
575,442,488,778,684,452,772,568,771,585,489,469,772,508,559,484,541,473,771,473,569,487,484,459,656,579,546,661,550,483,578,455,493,580,760,674,427,447,558,785,411,576,768,487,525,543,482,621
when does the bank open.
728,1180,836,1273,1010,897,1453,831,797,1020,1048,1219,874,1024,1176,718,1285,1414,1064,1410,1504,860,1256,1495
465,560,467,690,750,560,449,468,544,757,488,550,460,746,645,543,673,528,778,436,454,463,666,668
it's on seventh street.
1389,1077,1544,778,1009,1457,1279,1003,790,846,1045,877,1258,1112,1218,1009,797,1054,896,1079,1057,1167,1502
442,499,558,544,763,430,686,767,540,431,634,471,650,483,522,745,538,458,444,474,473,491,675
are you busy.
687,957,839,1036,1124,1477,1253,1024,1146,1264,816,1221,1455
559,467,469,757,476,435,447,751,661,426,543,467,683
numerous innovators are also worrying away at this nexus of problems.
1212,1221,1318,871,973,1454,1269,797,1028,1287,1197,1211,1397,1043,700,1064,1447,920,761,990,685,938,820,1006,682,1471,774,1433,1023,739,1434,918,915,1093,1318,1189,1071,1026,692,758,691,1076,1036,720,1087,1051,1057,1157,1326,783,1024,1156,856,849,1207,791,1051,1407,1023,1043,1516,956,1381,1122,1432,863,1358,755,1600
676,486,668,494,461,485,479,551,764,452,676,673,439,734,563,475,417,468,520,734,563,453,447,747,543,505,515,428,760,463,452,477,483,483,454,672,579,774,571,458,551,469,770,550,485,768,492,555,460,505,761,668,463,615,430,524,750,419,533,750,438,469,430,662,537,472,697,520,556
excuse me.
which school does he go to.
810,833,940,1147,741,829,1034,1283,838,1413,979,736,1151,1296,955,1143,951,775,1152,1433,1426,1454,993,895,1431,863,803,1004,1219,869,1004,1012,1071,1425,1064,1072,1384,1463
481,685,698,429,568,467,752,678,474,674,767,474,560,443,690,560,777,563,561,422,434,560,772,580,432,488,562,776,560,486,767,775,590,417,768,488,443,681
the knight was gallant not only in war, but in love also.
1083,1151,818,999,1273,1184,1304,1114,1158,1038,1005,763,700,789,1004,1037,730,1421,1418,727,1206,1089,1064,1188,1337,1136,1087,1377,1199,1428,1144,1045,1322,1215,1026,780,695,1077,1239,1057,1117,1161,1114,1050,1325,1234,1039,1448,1400,1077,879,1045,730,1411,808,885,1495
507,539,487,772,561,694,462,611,564,500,785,484,591,548,777,595,572,561,567,576,682,497,786,686,439,493,776,441,710,562,498,771,448,677,774,471,584,483,701,771,711,472,486,762,467,703,768,549,460,713,475,755,531,536,530,444,703
i don't like him.
1278,957,852,1389,1177,1494,1116,999,1466,1372,1363,860,986,1157,1271,1335,1485
454,788,551,438,683,526,494,767,538,448,544,500,765,540,501,719,728
how much does it cost per day.
1168,1467,738,989,1322,1249,973,1181,988,868,1415,838,798,1003,1308,1021,1010,924,1444,797,1074,1045,1515,857,982,1030,881,697,1134,1489
598,445,489,782,683,421,702,549,789,580,443,495,587,784,429,492,772,682,429,580,466,790,417,487,499,786,563,570,471,654
what would you like to eat.
742,1218,692,1017,1020,769,1452,1213,1458,912,1058,1098,1454,1241,1026,1515,1400,1399,881,1049,1100,1476,1058,856,704,1114,1508
486,544,578,486,780,468,429,455,581,575,771,467,448,467,769,522,426,559,488,785,472,426,776,475,564,504,702
what are you doing.
750,1258,695,1061,1013,714,1017,879,1042,1099,1445,1217,1028,968,1459,1353,1245,1149,1524
471,568,567,483,769,557,487,468,767,484,445,466,771,571,452,415,639,576,658
the book is under the table.
i'm going to leave.
1051,1204,836,1050,1128,1434,1428,1387,1024,1351,816,1029,1256,1235,901,879,963,1018,1084,1205,896,1050,1088,721,1151,1480,877,1538,1668,1351,1498,1386,1095,1129,1472,1338,1238,1185,1107,1059,1469,1057,1457,877,714,1069,920,1529
484,561,483,774,710,436,444,560,776,447,577,774,438,655,572,482,499,748,500,551,485,753,483,577,662,519,489,712,539,448,578,716,783,593,487,462,655,604,795,489,436,769,549,475,565,662,488,664
business is good.
1113,1268,804,1362,1277,891,833,843,1065,1384,808,1047,1106,1469,1474,896,1528
701,428,578,446,678,483,563,572,772,431,554,778,592,426,438,555,666
october twenty second.
1482,999,1114,1467,1183,948,1046,1098,1108,820,903,1309,1203,1236,1076,866,954,1036,1471,1288,957,1600
429,698,484,412,673,491,495,767,490,469,471,679,491,508,777,567,480,676,454,693,577,695
more than that.
1338,1503,1019,912,1070,1132,1254,768,1283,1120,1134,1260,780,1115,1529
732,487,479,482,756,503,550,564,698,774,506,554,547,500,667
can we have a menu please.
992,744,1223,1045,810,907,1075,1217,768,1146,928,1097,754,1068,1330,925,1250,1283,1067,1523,1476,912,760,836,927,1557
676,577,713,798,483,488,790,592,597,692,479,790,563,776,721,486,709,471,771,474,582,495,573,545,449,724
it's seventeen dollars.
1366,1123,1515,834,1049,823,906,1026,921,1225,1140,911,931,1241,1045,952,1441,1496,1498,726,1010,822,1549
467,497,585,555,770,530,451,734,464,714,501,476,487,703,752,545,448,578,595,562,474,530,732
she dozed at last, her face serene and beatific.
for a time, indeed, he had fancied that things were changed.
810,1250,893,1047,932,1498,783,890,918,1059,738,1019,1080,1491,750,826,1107,1410,1076,1255,903,1094,1083,1032,793,1036,963,1103,869,901,981,902,1311,941,1080,770,1292,980,1071,1224,938,778,1137,1408,1068,1396,1077,1509,1596,1027,1497,1011,1065,744,1053,1098,1381,1428,917,1337,1056,1393,1273,947,934,927,1308,1399,1063,1282,926,1067,1274,776,950,1064,1062,807,1299,1045,1388,952,968,1062,1130,1262,799,1148,1106,1124,1260,1398,1281,1115,839,1061,814,887,985,872,1067,979,1227,772,1287,1129,929,930,1563
542,554,472,760,550,438,651,449,551,749,569,474,748,549,551,526,447,687,757,544,481,450,753,568,563,640,462,747,552,462,464,447,666,452,741,567,665,561,759,666,483,567,489,465,561,465,667,704,559,598,461,479,765,578,755,492,455,657,491,676,753,457,668,577,483,484,678,700,749,578,496,751,558,574,559,758,571,571,705,687,456,484,568,757,489,558,556,497,740,486,574,466,698,563,551,751,473,459,476,469,746,660,559,572,685,575,457,545,707
why are you laughing.
behaviours have changed and attitudes have changed.
806,1275,1160,1073,785,1006,938,1074,1129,1526,1317,1063,1516,783,1323,1140,1264,1384,1294,1181,1545,1662,1220,929,1256,788,1128,1390,1544,1352,1038,862,1052,1220,771,1156,960,1072,1062,1241,796,1294,1192,968,939,1020,738,1253,938,1013,720,1057,1038,1301,1044,1234,919,876,816,1016,1156,723,1132,912,1024,998,1198,753,1245,1128,907,917,1513
471,578,493,758,556,483,463,743,488,426,460,751,541,574,440,575,568,467,681,559,682,582,705,502,572,563,689,428,452,461,538,577,781,583,599,712,513,796,696,570,582,678,621,485,556,770,578,694,579,773,585,510,514,481,525,484,581,488,563,767,579,585,683,515,789,694,582,592,696,610,488,588,710
no.
they're very busy.
1236,1459,1487,1582,1058,1224,889,1167,1482,986,880,1043,1158,903,971,1172,1057,1184,1230,812,1143,1497
736,485,693,569,516,596,506,508,598,490,489,774,716,504,474,508,762,711,479,545,479,699
our children are in america.
1480,1267,973,998,969,1188,1333,1452,897,978,903,1273,1027,723,974,868,1028,1347,1262,1017,722,1340,854,967,1321,981,749,1485
466,473,502,785,681,587,453,568,594,498,501,722,766,594,499,476,774,474,721,776,573,704,491,492,460,712,588,566
it's august twentieth fifth.
do you like it here.
1299,1104,1528,794,1012,688,1212,1012,1213,791,1081,1054,1049,768,859,1244,1102,1310,854,1055,1173,1011,1004,1302,985,1032,1186,1404,1564,912,1408,1006,1080,1428,1197,1025,1452,1357,1373,878,1010,1347,1055,1047,1170,836,965,821,1520
469,525,600,576,784,582,454,597,468,561,508,791,505,463,473,715,499,483,476,501,594,771,579,494,572,478,580,723,587,569,491,782,504,487,488,775,583,495,597,508,767,472,504,752,580,489,475,485,733
