what time do you think you'll arrive.
is there an english speaking guide.
580,1001,504,760,957,756,1080,1062,631,943,667,1139,934,958,1153,989,934,764,975,1073,986,1100,931,938,1141,979,1331,1430,1429,942,520,708,705,1070,782,627,1268,1519,1111,590,965,768,993,650,720,647,983,512,999,988,649,994,831,1191,1070,596,956,966,595,1237,645,499,1099,1071,993,825,971,1000,984,1101,686,636,1245
624,707,697,613,892,614,642,797,592,911,691,626,913,680,620,683,925,625,762,663,842,738,928,690,640,677,685,733,730,909,722,621,618,658,812,608,856,716,657,722,933,634,762,604,622,601,936,711,853,942,606,856,696,758,656,704,766,947,692,662,621,721,754,675,836,693,944,800,699,651,704,617,839
i'm an american.
1086,1363,1074,965,499,974,971,499,1064,644,718,1062,723,509,977,1259
640,652,818,944,706,834,951,698,823,600,618,675,771,741,852,816
i have a lot of things to do.
1101,971,989,515,808,651,975,527,976,1185,1165,783,977,1172,740,980,787,1003,1106,1015,849,611,965,800,1152,954,686,1142,1228
672,963,773,711,757,604,966,720,965,765,676,649,958,672,729,886,656,733,651,816,731,707,955,660,662,955,723,661,843
forget it.
follow me.
759,1189,733,846,659,806,1016,1117,799,1319,1636,764,1223,1232,1237,1224,599,1012,1139,668,1279
698,648,636,711,617,654,933,660,657,846,636,711,628,715,725,636,637,924,800,608,824
over there.
1177,816,693,763,1001,804,1019,673,754,661,1260
654,808,635,652,941,656,765,644,651,625,845
i'm a teacher.
1159,1532,1137,1022,546,1018,800,685,520,744,1038,682,733,1295
657,694,856,963,724,963,653,640,725,814,751,621,649,881
see you tomorrow.
625,687,691,997,1005,1206,1054,981,791,1144,1084,1139,730,737,1149,604,1279
720,613,614,965,711,653,698,963,654,645,813,667,653,656,661,658,865
i usually drink coffee at breakfast.
1114,967,1024,617,1025,543,1190,1189,952,943,703,738,1091,1002,1128,974,709,1146,756,753,667,670,965,560,817,962,885,747,676,535,1114,757,539,622,805,1263
660,969,694,728,695,737,772,780,719,980,732,650,682,895,779,968,813,672,719,724,649,649,974,747,664,975,842,673,639,733,807,726,748,736,661,874
only a smattering of fans remained for all four ghastly quarters.
1137,1006,1181,958,972,576,978,636,1087,585,807,803,688,757,1096,1028,868,964,1169,786,986,786,554,1036,649,994,750,689,1084,551,1089,1005,674,696,989,777,1143,753,977,545,1172,1166,979,754,1148,997,730,967,872,964,528,633,793,1184,958,946,537,1018,563,744,828,674,746,617,1308
695,838,747,746,1001,750,1004,767,885,740,668,674,668,660,725,881,738,1014,698,764,983,749,749,888,753,988,652,636,866,753,704,904,640,738,996,739,686,659,988,752,792,784,993,750,685,729,654,988,761,830,759,759,656,815,748,1007,706,732,776,653,675,663,655,749,935
i'm a size eight.
where is main street.
1132,1330,1103,983,540,981,612,1113,586,693,965,692,1118,844,988,808,1250,1490,609,993,676,760,686,969,1121,611,977,1085,551,1091,1011,991,622,816,756,665,671,791,1334
621,687,827,963,741,964,733,681,846,640,979,644,683,704,792,642,858,712,659,779,630,642,621,988,672,721,976,838,739,691,841,975,721,655,638,623,626,644,872
i wish i had one.
in other words, apple's stock is cheap, and you should buy it.
1138,986,613,1135,793,1002,989,1117,985,990,538,688,990,1159,998,669,1235,1551,1161,1075,1033,1227,798,1023,665,738,1019,608,1216,738,703,628,1232,1035,552,1312,1319,1239,672,1452,620,1033,621,802,1225,732,1159,1022,1126,629,1015,744,1014,690,560,1303,1257,1021,561,1060,710,988,1016,1217,1051,982,637,988,1185,1051,1225,705,989,902,1041,964,963,1120,829,1298
650,963,641,669,641,786,964,671,963,783,744,700,922,647,826,623,835,677,632,825,930,640,656,753,629,636,947,651,656,636,717,718,833,935,740,657,662,785,623,719,721,947,721,642,664,779,728,958,666,714,968,791,773,636,741,662,876,999,751,861,694,948,701,649,686,973,727,778,666,698,753,709,954,828,710,716,980,683,659,858
therefore he made up his mind to accede to his uncle's desire.
803,998,676,753,683,772,1158,748,679,975,1007,678,973,1099,528,694,679,981,1033,1254,967,982,1096,612,965,1098,1111,1007,703,964,805,1145,966,549,760,747,681,702,685,966,813,1148,968,968,1064,626,956,1003,1006,746,1159,682,630,1335,961,693,686,625,1084,736,675,1247
658,730,635,653,634,737,665,650,650,960,767,657,966,857,748,740,654,960,717,691,958,798,697,752,978,834,685,851,745,979,676,697,976,763,800,815,656,759,665,982,672,695,975,792,707,755,991,736,901,827,776,660,748,728,995,750,672,754,715,668,675,870
in other words it never reaches the zenith, a point directly overhead.
1099,1001,980,1118,807,961,662,745,968,603,1141,732,686,609,982,1105,794,939,992,660,793,660,733,956,729,663,512,731,964,663,612,967,797,959,673,954,580,675,995,1061,804,953,1143,962,524,956,1211,1105,1046,977,814,977,685,1064,733,638,696,774,1165,937,924,1140,799,627,715,976,638,499,670,1241
710,894,995,716,693,814,663,679,1002,686,709,676,745,759,985,698,684,1021,889,661,825,654,676,1002,679,659,770,855,825,673,759,996,699,828,677,1007,876,691,924,730,705,829,890,1013,772,1017,734,723,717,894,707,1005,784,729,700,697,824,678,834,760,1006,673,854,663,675,821,668,771,741,897
he's in the kitchen.
1026,655,1318,609,1018,1116,1019,998,770,978,661,996,1113,1084,777,720,984,656,1009,1300
782,661,711,751,970,710,873,1004,699,832,690,994,798,724,697,860,816,669,906,892
are you going to attend their wedding.
my throat is sore.
531,719,644,995,1010,1198,1063,987,824,1175,1085,1024,817,989,778,1143,989,510,775,781,634,1006,670,998,775,987,638,1144,704,986,576,643,661,657,1094,1004,820,1229,1535,1099,1002,988,781,995,701,1166,523,776,1027,1104,597,995,599,1172,711,647,1266
769,685,665,1005,772,749,773,1021,791,740,727,902,767,1021,706,754,1018,808,699,708,680,932,779,1020,712,844,678,713,691,1017,708,680,775,769,748,896,770,915,750,899,768,1026,710,847,696,744,800,707,992,751,792,1022,783,724,694,676,903
do you believe that.
666,1157,994,991,1167,1035,987,852,648,1212,1111,653,771,620,997,778,995,520,768,1327
790,724,1001,775,722,764,1020,907,717,818,716,704,869,698,1018,713,842,818,706,913
is it raining.
1116,597,1003,1125,769,997,710,521,1110,1024,1114,1027,843,1287
722,788,1007,728,711,1011,718,797,730,921,730,884,792,906
where were you.
582,1007,654,728,655,1047,581,657,741,658,1026,997,1196,1046,1295
715,826,694,713,707,1000,711,691,709,687,1015,777,736,752,913
are there any concerts.
520,723,653,1025,787,1024,639,718,638,1009,519,1047,948,922,712,1141,977,690,642,709,795,595,1311
812,712,701,1017,726,833,717,713,700,1026,801,922,736,986,890,724,923,875,708,716,728,820,934
i'd like to rent a car.
were there any problems.
1125,1501,672,1017,1243,1135,1150,660,1015,763,1198,1005,691,630,1021,761,1004,521,1006,704,539,710,1292,1679,585,658,735,644,1029,776,1018,642,725,646,1026,518,1046,943,928,1282,708,1193,847,1203,625,1092,588,1291
735,782,819,1012,825,734,819,720,1023,717,738,1037,724,714,935,721,1045,826,1043,888,844,718,923,753,728,703,726,717,1005,726,841,716,722,704,1038,831,941,752,993,711,727,726,903,855,705,934,791,926
i have money.
1163,1033,1028,538,801,665,1028,1120,1233,1060,655,983,1306
733,1024,843,816,907,722,1034,895,748,935,718,735,889
i'd like a table near the window.
1176,1461,686,1071,1280,1171,1184,668,1031,539,1031,777,520,891,1235,637,1023,1028,656,515,725,1024,529,806,1000,968,610,1087,997,711,1135,615,1246
717,805,809,988,808,749,833,733,1035,832,1032,756,828,908,831,715,1046,939,727,810,735,1060,782,746,832,1059,743,780,923,812,771,753,930
they wrote at times with pictures standing for sounds, as we now write in rebus puzzles.
789,990,663,972,931,622,750,1184,821,697,992,554,817,993,815,1095,1086,693,645,1001,640,1084,829,976,986,1235,1091,777,823,1035,743,683,623,983,628,823,544,1010,719,1077,1017,863,770,1131,749,972,952,641,1149,1009,1006,715,646,1175,1009,565,638,993,611,701,986,1000,1157,622,955,620,748,1101,826,693,1013,1109,1025,1004,743,687,904,1047,650,1001,1279,1040,611,1195,1239,665,627,1310
737,839,721,798,1043,717,713,715,733,704,1034,833,745,1028,744,750,915,708,812,1041,737,772,750,869,1060,763,769,895,742,787,753,728,835,1057,813,737,811,971,808,789,961,815,815,766,737,1060,1070,810,750,789,960,797,810,936,1031,838,808,1048,726,709,1059,992,758,748,1025,729,723,752,734,717,1032,764,930,1049,732,716,905,789,799,1064,751,779,934,811,802,708,810,949
which road should i take.
i'm waiting for you.
614,990,1102,741,985,988,741,1148,551,697,987,625,975,1160,1030,1230,700,989,1094,986,772,534,1130,652,1252,1423,1082,1376,1092,990,602,542,1140,799,1129,1021,862,994,782,1159,739,992,974,1172,1009,1248
750,856,750,907,871,1057,751,767,836,809,1047,812,870,781,804,839,822,1047,766,982,746,852,807,733,921,752,755,822,911,1040,750,832,752,755,756,940,836,1063,843,754,756,1054,833,754,820,958
were there any problems.
608,681,758,682,1024,788,1034,677,750,684,1051,561,1070,986,962,1292,740,1196,906,1218,678,1116,639,1321
766,726,752,728,1044,750,876,748,741,733,1040,848,952,774,1046,749,757,769,916,849,738,936,824,938
do you know where there's a store that sells towels.
707,1220,1034,1038,1230,1075,1000,1153,1043,1218,624,1013,623,1010,703,779,699,1010,807,1020,685,750,684,1408,620,1014,557,1010,628,829,1212,745,687,1005,809,1009,551,815,1013,625,681,1242,1237,626,1016,816,1177,623,689,1212,625,1304
801,728,1029,773,724,779,1043,852,955,750,745,1051,746,876,719,745,727,1057,748,868,751,745,740,796,832,1048,847,1059,832,753,751,750,742,1069,749,876,854,751,1069,842,740,874,865,820,1049,755,767,749,731,861,856,966
where's the pharmacy.
612,1042,689,764,691,1384,638,1024,807,1024,690,1009,1296,1007,561,752,1109,572,762,944,1265
742,838,721,744,720,798,817,1047,752,877,755,1070,768,887,838,746,945,848,915,764,934
i've already seen it.
there's a book under the table.
1146,1459,846,675,1062,556,1260,741,676,559,715,1006,1014,637,695,695,1035,1012,1119,807,1308,1476,803,997,675,753,681,1308,625,1001,552,990,917,1172,1181,1121,990,1038,1024,715,696,760,1038,825,1000,696,988,806,550,926,1186,692,1317
689,798,921,749,1034,838,827,750,744,842,801,758,1044,820,726,726,945,1064,773,753,957,721,762,867,748,761,735,776,827,1062,837,1063,905,748,750,846,1066,784,963,825,744,760,1052,770,887,745,1071,760,885,914,866,740,925
for a time, indeed, he had fancied that things were changed.
806,1168,768,994,583,1002,824,1120,1107,690,1193,1052,1122,1039,714,699,695,726,1203,1067,1034,704,1039,1047,575,738,1029,796,571,777,1062,1133,694,726,1043,828,1047,562,826,1043,803,1049,1129,1052,891,673,1024,655,735,811,721,1014,768,1027,564,1046,862,708,719,1298
830,763,756,1049,853,1041,760,771,932,745,949,1044,786,949,829,738,738,828,943,1046,876,745,1063,885,843,836,1069,834,844,915,988,791,735,828,1033,766,867,838,758,1061,760,888,790,956,828,813,1074,753,741,759,740,994,894,865,818,966,815,729,805,952
i'm here on business.
i was going to the library.
1131,1449,1122,1026,1019,698,759,691,1023,1205,1036,1041,919,1078,663,1142,1064,701,660,659,1247,1572,1158,1036,634,562,663,1036,861,1240,1150,1070,867,1022,840,1211,1022,822,1023,692,1252,1263,1159,935,759,570,754,982,1302
759,840,937,1060,881,731,739,726,1047,755,934,1050,926,782,822,748,955,733,813,818,922,772,755,1062,760,839,825,1054,813,761,755,919,809,1062,764,757,1060,756,882,737,836,803,734,914,743,837,737,772,915
it's very windy.
1148,816,1453,649,1043,881,707,770,954,1007,640,1152,1058,739,988,1322
771,756,849,844,1060,930,742,753,738,1041,753,787,964,823,754,945
you speak english very well.
1034,1253,1103,1026,658,1310,711,574,1190,1045,700,1072,892,1259,1149,668,1037,1037,905,702,781,970,991,632,712,1230,1234,1323
743,712,752,1054,810,755,732,836,866,1063,738,962,822,873,774,837,888,1067,911,736,750,753,1056,756,737,863,877,971
do you have an appointment.
i'll pay for dinner.
726,1219,1033,1059,1224,1084,1003,1036,610,883,714,1013,578,1037,1024,574,1280,1291,1164,1113,1063,843,1133,715,1068,836,1266,1558,1160,1483,1578,1573,1059,1364,600,1040,1057,804,1263,784,1064,738,1178,1094,1097,709,783,1309
789,712,1004,762,721,762,1046,850,788,915,686,1047,812,920,1057,803,740,748,725,735,951,724,941,716,961,733,940,751,753,794,839,833,1062,769,832,728,1033,808,754,730,1055,787,759,944,945,703,713,925
is there a store near here.
1151,672,1047,841,726,802,791,721,1045,602,1042,662,845,1235,781,724,1067,1071,720,589,791,1074,1056,728,781,716,1304
752,801,1052,725,729,731,723,713,1055,818,1053,818,723,742,710,695,1035,943,708,812,711,1042,864,697,713,702,919
fill it up, please.
the accident happened at the intersection.
833,1162,1274,1273,1051,1158,831,1043,1093,1317,1269,1104,1366,1298,713,584,665,719,1310,1666,847,1039,729,1019,602,812,815,1150,760,744,1069,853,1037,1034,632,1305,1311,735,1104,737,767,1069,610,879,1074,857,1062,744,1166,1161,1079,866,734,799,678,735,794,875,1167,1260,1115,1376
824,716,807,811,1039,737,716,1059,770,733,955,1056,716,840,726,808,804,707,941,744,731,847,726,1053,820,864,869,723,816,731,936,722,1049,854,813,746,749,728,934,722,803,1054,817,736,1046,733,869,723,782,701,941,738,732,738,822,716,896,737,796,766,971,940
can i make an appointment for next wednesday.
808,610,1092,1063,1173,1051,1163,621,1206,738,1078,607,1108,1078,589,1325,1325,1236,1159,1086,846,1153,714,1082,830,1048,814,1210,779,1054,1070,719,730,834,1039,659,744,761,1080,744,704,771,620,1006,1316
866,783,886,1009,715,1036,913,812,805,711,1036,804,921,1031,797,733,736,723,722,941,728,924,710,919,715,1052,818,747,715,1044,951,697,885,706,1066,735,721,820,959,735,797,788,822,767,891
i don't feel well.
1158,1046,773,1211,1069,1433,855,1058,805,718,720,1272,1069,655,733,1256,1257,1329
746,1058,791,756,919,774,717,1049,778,708,713,826,1031,726,712,820,821,915
thanks for everything.
you're welcome.
852,1048,612,1058,1185,666,1069,814,1221,801,1058,733,912,730,792,1027,875,1071,1181,1095,902,1310,1543,1071,1272,1130,1533,799,729,1069,657,733,1276,808,1245,1162,742,1320
719,867,825,949,839,813,1035,798,749,722,1048,705,918,717,722,754,741,866,764,946,807,914,781,773,737,759,752,718,710,1043,725,701,828,888,730,924,711,914
there's a restaurant near here.
846,1034,720,782,716,1325,686,989,563,999,765,695,646,848,586,1063,766,567,1046,819,1002,1046,700,561,781,1006,1001,700,777,700,1290
761,820,716,736,737,727,825,1030,826,1030,734,729,801,736,818,751,719,807,921,731,1023,932,699,810,729,1040,868,711,727,703,922
that's enough.
can i take a message.
841,1064,585,844,1435,660,1036,734,1064,1237,1068,900,1025,1290,1605,797,590,1086,1076,1208,1060,843,576,1161,648,1047,561,1055,1150,710,673,676,605,911,739,1374
738,865,819,739,772,815,1005,708,949,725,766,786,850,887,772,848,813,906,1027,715,1030,733,867,808,711,1045,848,1040,921,740,842,847,847,816,742,959
they haven't met her yet.
840,1026,699,981,1012,1032,573,875,711,1053,1418,871,1032,1136,709,851,1038,1025,719,799,1011,987,730,859,1250
754,852,736,751,1068,872,856,949,745,967,771,747,1062,944,724,752,1064,893,753,767,1064,757,748,763,944
i forget.
she turned toward him, her face troubled, her eyes most wistful.
1157,1026,831,1215,798,932,721,893,1285,1747,691,1065,753,1029,881,1109,810,1085,727,768,1057,883,1220,660,624,836,787,1055,1033,1129,1140,1237,1069,1044,748,811,1039,855,608,842,741,1044,878,795,1237,1085,968,1247,731,765,1208,1056,1048,712,780,1032,721,990,713,670,1052,1163,1237,680,860,1065,661,1155,683,862,822,1118,1277,1313
755,1073,869,742,755,819,731,727,934,756,821,849,737,1061,752,788,742,964,730,822,1059,760,776,775,861,760,845,1050,878,791,945,938,1024,856,724,743,1058,832,862,914,732,1057,763,751,762,789,917,871,725,806,982,1027,857,698,713,1038,712,746,711,795,1042,902,747,799,729,1033,740,769,818,730,816,780,839,939
i'm just looking.
1168,1465,1180,1093,1136,1112,679,845,1064,1284,1267,1265,1218,1173,1114,937,1334
754,814,927,1050,865,753,817,733,1049,859,751,761,869,792,953,815,915
i have a question i want to ask you.
it's there.
1150,1041,1066,612,859,725,1035,579,1039,557,1087,719,673,854,1133,1227,1064,1050,1128,1050,665,592,1047,851,1048,850,1220,1043,593,676,1153,1035,980,1183,1039,1279,1669,1173,835,1425,669,1041,848,1056,716,794,719,1337
708,1018,821,821,901,731,1033,813,1026,758,769,707,811,741,766,750,899,1038,759,1040,740,806,923,736,1041,742,748,1038,830,823,835,1044,752,702,746,894,741,744,735,791,810,1039,743,855,722,737,723,922
which one is the best.
648,1029,1118,765,1023,1009,1160,1039,711,1022,1113,664,1026,818,1035,711,1027,921,723,677,821,1264
749,855,763,872,855,1057,765,922,728,1048,769,809,1035,762,866,750,1049,923,751,823,760,946
be careful driving.
what time does it start.
965,731,1049,826,585,804,719,831,1121,1274,1052,738,788,1172,888,1168,1065,897,1309,1459,684,1067,610,853,1061,846,1144,1129,741,1067,763,1214,731,696,1064,1159,874,1055,688,868,611,791,877,1293
906,698,1037,876,801,715,702,803,764,825,1041,795,723,760,903,752,915,791,923,799,728,837,808,738,1038,740,777,929,722,1027,798,756,704,810,1032,767,737,1053,817,741,812,722,722,961
at what time did it happen.
how much is it to go to miami.
612,869,1063,678,1034,610,862,1050,853,1124,1110,734,1044,759,1129,757,1044,1125,869,1052,1017,605,1292,1296,738,1055,1277,1499,1038,1220,644,1041,1105,1051,791,1039,1033,1137,674,1023,1137,828,1001,839,1181,1000,897,1185,1006,835,1181,1005,1104,1117,574,1121,1114,1274
825,739,1039,747,880,824,741,1048,737,785,933,704,1045,793,784,800,1047,785,738,1055,883,814,764,765,713,952,934,810,873,711,732,1047,954,812,899,902,1063,770,819,1064,751,751,1060,758,752,1052,825,750,1049,756,750,1056,936,780,836,943,791,918
i have heard lots of women simply rave about him.
1140,1029,1024,572,884,705,1032,1034,695,569,772,719,1045,1242,1217,812,640,1048,1205,798,1050,629,1211,1130,698,1052,1030,641,1122,1107,1271,1228,987,986,764,556,837,691,1006,567,928,1202,1064,812,1008,1026,1124,1132,688
771,1061,876,829,913,721,1059,849,731,836,748,815,1042,827,748,747,826,1042,753,835,1039,754,762,949,725,959,1040,823,763,947,757,866,800,1062,747,829,904,724,1061,829,872,735,786,744,1066,885,778,943,725
do you have any vacancies.
i still have a lot of things to buy.
734,1219,1032,1013,1215,1074,1034,1038,574,881,708,1040,559,1064,1014,1011,754,555,840,597,1068,774,1149,737,710,1239,1437,1153,1027,698,846,1132,1230,1229,1013,1018,580,855,684,1021,575,1007,1200,1193,821,1012,1177,789,1007,821,1009,1107,1039,868,642,1016,809,1153,1011,913,1054,931,1243
833,751,1054,789,723,793,1043,864,829,941,725,1060,831,943,793,1070,900,837,961,841,941,940,767,747,853,925,782,751,1046,832,757,783,859,862,1055,878,836,921,748,1049,864,1064,849,754,764,1051,761,840,1065,766,880,788,963,830,826,1068,761,788,1067,922,809,762,925
are you ready.
579,767,694,1065,1053,1237,1085,1023,754,681,541,721,978,1288
852,754,739,1031,782,751,789,1054,748,734,832,801,755,917
can you carry this for me.
744,558,1078,1048,1029,1240,1084,1044,742,560,751,754,982,1006,815,1026,1152,647,1023,791,1197,756,1022,1136,688,1315
878,839,957,1053,773,743,787,1058,891,855,744,752,754,1038,753,886,773,855,1059,843,770,752,1067,955,749,930
see you later.
627,699,694,1076,1042,1239,1087,1042,1276,557,824,685,761,1334
852,738,732,1043,788,736,790,1059,851,841,760,750,752,964
she's older than me.
640,1089,697,1453,645,1102,1275,1318,737,709,782,1084,822,1046,568,1065,1059,1153,710,1339
838,857,739,745,849,1042,751,858,837,764,759,1049,767,877,835,961,1004,941,753,965
will you take me home.
where's the closest restaurant.
651,1187,1289,1284,1047,1039,1253,1075,1046,832,593,1190,720,1044,1144,720,1061,1033,1205,1131,729,1311,1587,656,1087,727,803,731,1372,669,1062,827,1075,731,1059,795,1274,1247,683,732,682,843,1079,784,719,669,852,595,1128,794,595,1100,844,1347
771,771,869,872,1072,806,761,810,1063,759,854,846,743,1074,941,761,1059,876,782,948,751,940,776,769,877,742,765,745,761,861,1047,758,872,769,1050,924,852,747,868,753,858,764,999,769,758,854,772,844,742,766,863,943,768,912
what are you doing.
670,1066,605,849,1053,607,807,737,1062,1036,1226,1072,1049,758,1220,1144,1089,913,1310
780,878,858,772,1066,852,768,741,1058,798,742,796,1065,839,769,742,918,831,947
when is your birthday.
663,1105,731,1088,1051,1171,663,1082,1025,1263,1081,785,1073,950,1174,772,873,1047,745,611,998,1316
768,882,746,975,1062,747,851,1045,756,735,760,768,1068,928,727,760,770,887,845,875,773,933
no, i'm american.
sorry, we don't accept credit cards.
1084,1259,1274,1093,1179,1447,1205,1088,609,1187,731,803,1189,813,612,1091,1314,1612,701,1237,792,788,1018,1264,1016,673,744,1052,774,1217,1084,1438,849,1064,610,825,818,747,1359,875,1061,808,816,747,759,1179,881,1063,805,587,824,775,707,1342
956,720,977,1055,718,810,948,1065,848,937,736,753,755,912,872,970,935,747,832,744,770,771,748,958,1043,766,742,1049,842,755,936,799,765,1048,857,918,924,740,701,758,1034,913,760,756,852,750,756,1068,896,843,747,827,824,938
a little.
my name is john smith.
625,1119,1299,1187,864,849,1276,720,1299,1669,1190,1066,1050,1091,638,1176,753,1061,1179,706,1061,1158,1294,1072,1137,1033,694,1184,1199,859,1073,1311
851,1021,836,747,766,763,843,740,941,797,916,728,1032,952,848,937,762,1049,751,835,1049,857,742,856,971,1040,822,948,756,769,854,948
that's fair.
859,1046,606,881,1393,689,1048,862,611,1167,813,1305
772,855,838,776,756,840,1052,809,844,768,761,957
on the left.
1184,1049,1014,842,1004,721,1015,1221,731,841,876,1329
750,952,1071,765,895,743,1074,875,747,831,777,966
i need another key.
1121,1030,1060,700,712,739,1049,579,1076,1209,840,1045,715,778,1066,1174,708,1003,1291
789,1067,970,739,743,819,1060,841,979,788,770,890,741,756,1064,867,736,761,951
stop.
that's right.
671,880,1222,1322,1283,1567,845,1096,598,853,1464,676,1086,794,1197,914,1083,861,1340
853,773,765,773,975,733,767,847,863,769,778,863,1035,767,765,844,867,764,966
i bought a shirt yesterday.
1148,1025,983,1223,1065,931,1039,872,1006,611,1028,701,1033,1137,814,887,1040,1012,738,691,867,737,800,760,612,977,1276
785,1073,945,762,780,847,892,772,1069,838,1067,834,874,770,766,782,1067,812,743,828,763,743,750,815,847,766,924
it's not suppose to rain today.
how's work going.
1188,855,1468,692,1085,1115,1271,1081,1064,683,1121,1348,1349,1272,684,731,1077,868,1235,1068,796,586,1146,1061,1050,835,1237,760,617,985,1260,1490,1065,1271,672,1449,690,1080,610,1250,800,1210,1077,921,1181,1120,1077,930,1338
759,765,834,822,1043,910,753,1056,1062,842,805,764,766,747,843,752,1060,754,765,1059,754,837,792,956,1068,752,770,819,852,767,915,783,852,727,754,780,847,1048,842,756,755,842,1050,828,752,668,915,830,936
where did you work before you worked here.
675,1050,732,804,738,1063,765,1176,767,1052,1021,1233,1071,1037,664,1227,792,1190,1047,930,739,849,1216,806,739,1071,1040,1232,1083,1050,663,1213,791,1188,728,756,1058,1046,725,814,745,1279
749,851,723,747,736,1054,824,749,833,1043,775,736,782,1048,765,751,757,863,1076,892,739,828,768,753,734,1064,791,743,783,1028,764,770,755,877,735,818,1063,884,747,766,743,940
do you have an appointment.
746,1217,1029,1029,1228,1078,1009,1050,605,918,744,1047,601,1078,1062,620,1293,1310,1197,1208,1103,881,1195,749,1110,849,1311
829,762,1067,798,750,805,1062,890,847,923,747,1076,837,966,1069,840,798,798,735,712,950,757,940,737,950,753,945
what's your religion.
668,1065,602,855,1450,688,1043,1084,1300,1148,799,1052,804,736,1292,1187,919,1180,1263,1099,1333
757,868,837,755,789,842,1075,771,728,754,750,1056,746,739,880,793,823,792,772,949,933
a one way ticket.
489,976,1132,1011,615,984,553,486,963,941,732,1085,695,1103,623,738,1238
791,1049,778,930,717,1055,741,800,814,1065,737,794,892,835,716,750,951
how much money do you make.
is this mr. smith.
1047,1256,617,1054,1150,1086,802,1057,1042,1151,1258,1094,726,1046,1007,744,1220,1024,1027,1219,1063,1010,1129,584,1182,719,1303,1517,1177,693,1068,849,1089,1194,670,1051,1168,793,1362,1098,669,1179,1202,849,1087,1340
863,743,731,1029,943,793,922,872,1047,928,753,948,723,736,1038,811,755,1057,789,733,792,1036,914,764,791,690,923,764,733,786,997,718,846,752,791,1033,921,702,923,1017,781,921,740,719,837,910
do you know her.
is it raining.
741,1237,1064,1036,1221,1092,1060,1176,1072,1222,680,1059,1033,739,802,1294,1529,1188,686,1107,1190,834,1063,778,605,1205,1109,1183,1106,921,1306
772,719,1029,777,708,765,1032,849,972,759,735,1067,885,705,728,943,831,778,780,1008,759,729,1051,729,818,769,980,778,987,804,960
this is very difficult.
838,1085,1203,682,1115,1191,688,1092,895,715,783,1008,1053,738,1185,808,814,1175,772,1115,1290,829,1287
736,852,748,788,1038,757,790,1052,888,702,718,687,987,779,747,780,789,740,885,747,836,727,917
i wish i had one.
my grandmother passed away last year.
1203,1077,659,1186,675,1064,1049,1155,1053,1050,606,770,1068,1243,1084,734,1306,1589,1198,1034,1045,890,771,585,1101,752,1196,1296,851,1085,724,795,1079,1359,602,686,686,732,754,1084,583,645,573,1030,1069,1300,598,694,871,1098,1065,742,605,808,1331
728,1042,722,683,807,795,1041,746,1049,848,826,792,1031,734,919,716,922,788,920,749,1036,789,720,816,941,780,923,732,727,856,721,729,1050,757,805,818,818,705,790,1047,810,733,813,727,1041,831,820,781,717,1063,766,727,826,721,931
when are you leaving.
682,1082,764,1104,1103,610,815,747,1096,1084,1259,1110,1066,1304,737,608,927,1181,1089,938,1332
732,877,712,973,1066,820,726,716,1060,812,758,817,1073,876,721,819,876,781,943,807,950
are you waiting for someone.
612,824,742,1109,1085,1265,1114,1070,681,597,1206,871,1207,1116,931,1099,834,1270,804,1102,694,1250,1154,747,1255,1112,742,1336
834,734,720,1041,807,761,814,1072,747,821,762,735,769,933,808,1060,803,761,732,1042,812,752,919,716,767,954,716,944
would you ask him to call me back please.
the book is behind the table.
665,1100,1296,1141,1330,770,1100,1112,1294,1075,613,697,1241,1073,1090,1205,1172,745,1097,863,1260,1084,821,638,1292,1081,1183,749,1088,972,634,845,1088,1347,1343,1290,748,610,702,755,1334,1672,867,1099,749,1090,993,1267,1267,1210,1084,1189,693,1079,977,735,1062,1188,1096,755,1076,863,1066,740,1060,867,600,1006,1275,742,1358
740,869,744,765,838,806,1041,788,751,1049,838,827,843,1066,870,767,909,724,1047,738,764,1051,887,862,829,1066,927,726,1064,875,849,897,1068,764,766,871,743,832,837,738,935,779,754,859,741,1054,897,767,776,856,1069,774,837,1068,905,742,884,772,960,805,1062,759,856,742,1065,774,846,933,860,743,939
they are here erecting a fine stone edifice for an episcopal church.
862,1084,745,1052,1034,619,829,736,1064,1064,741,810,731,1054,725,801,733,818,858,1148,1060,917,1062,626,1063,873,1174,1090,764,1062,712,870,1226,1081,759,1081,759,788,1160,862,1155,822,750,1074,851,1244,813,1064,623,1079,1069,745,1342,1162,699,825,1286,1371,639,1314,1105,830,1096,1153,814,824,1099,1442
762,873,749,769,1051,841,749,733,1034,852,714,735,731,1053,734,738,741,891,734,786,964,825,1052,827,1054,804,745,930,732,1062,820,757,746,951,732,1059,729,815,771,812,767,908,717,1060,817,698,739,1060,849,960,1068,732,755,744,853,927,693,737,841,817,1064,914,868,759,757,915,872,932
how far is it.
1097,1275,674,1113,851,626,832,1113,1209,723,1079,1204,880,1368
865,749,760,1065,822,820,741,1050,756,828,1069,769,736,954
would you like something to drink.
let me think about it.
684,1275,1124,1311,782,1094,1081,1267,1133,1083,1309,1192,1216,764,1070,705,1245,1187,761,872,1085,1191,1125,947,1085,888,1094,1084,786,829,1196,1117,1220,1339,1689,1363,763,895,1129,1214,760,1122,872,1103,1216,1121,1235,1118,651,983,1297,1156,892,1084,1198,887,1368
757,731,749,827,830,1045,797,761,806,1073,876,774,866,717,1067,821,777,946,729,745,879,795,971,829,1071,754,1064,1066,821,746,785,982,852,941,787,837,716,746,1044,940,729,1055,737,878,795,946,863,1064,843,900,742,773,759,1070,790,759,941
my car isn't working.
1219,1077,1076,794,603,821,1105,1217,700,1128,1491,879,1107,701,1294,817,1242,1205,1104,935,1353
951,739,1071,847,831,726,1052,757,829,958,799,734,1063,744,754,733,855,776,944,814,937
what are your hobbies.
692,1113,648,895,1121,641,843,776,1123,1128,1328,1181,837,1128,1108,1304,996,991,1213,780,725,1359
747,863,818,761,1058,838,750,732,1049,769,730,749,748,1058,876,762,891,890,770,733,820,914
there's plenty of time.
how long are you going to stay.
861,1090,751,815,758,1500,707,1128,1359,1311,758,1131,860,1091,1077,1291,856,1069,881,1194,1186,762,1353,1611,1103,1301,692,1099,1292,1276,1123,929,1103,632,829,759,1115,1089,1278,1119,1076,929,1270,1191,1099,919,1087,876,1259,1085,715,885,635,1033,1350
750,883,740,745,729,782,810,1042,758,847,736,946,746,772,1060,750,849,1073,762,794,930,760,926,789,869,752,761,1059,860,774,930,824,1052,859,757,752,1051,805,760,811,1068,831,792,769,945,812,1062,757,780,1066,841,757,839,767,906
my friend is american.
1162,1041,1068,857,807,1204,725,1095,760,1101,1196,699,1083,623,1190,746,864,1186,815,612,1118,1371
981,752,1063,825,751,770,719,960,809,1058,772,821,1057,849,952,743,784,780,916,874,968,890
they'll be right back.
917,1101,746,1032,1355,1385,1393,1069,973,739,1069,797,1186,922,1079,887,1095,979,632,852,1187,1348
748,881,756,749,748,851,848,1064,903,736,1072,753,788,816,875,744,1038,896,839,896,848,930
the recovering economy is bringing more people back into the market.
sorry, we only accept cash.
894,1084,773,1069,832,759,842,1240,938,768,845,1181,1093,938,1099,785,852,1248,1098,1276,1179,1055,1055,1189,730,1078,997,825,1169,1089,935,1159,1097,934,1084,1148,1230,829,765,1091,1366,758,1262,1372,1337,760,1121,1020,657,859,1222,1106,1194,1137,896,1256,1104,900,1076,774,1082,1170,642,821,1199,755,877,1326,1617,715,1305,822,815,1075,1292,1129,693,768,1091,1261,1120,1308,1059,1079,632,836,842,768,1373,875,1100,832,618,720,1122,1382
752,872,731,1064,750,743,903,751,948,728,756,767,945,819,1051,733,915,760,941,733,945,746,1060,739,830,1064,910,756,776,947,823,769,941,818,1061,922,761,751,732,1042,788,725,791,780,884,734,1049,913,851,916,856,1074,803,975,755,797,1073,766,905,733,1030,949,832,745,867,710,738,942,809,799,729,730,730,756,956,1044,733,709,1043,764,940,844,749,1045,836,891,904,732,742,737,1033,909,838,822,842,923
have you been waiting long.
1078,645,937,792,1101,1073,1253,1123,1070,999,766,768,1113,1099,709,638,1208,904,1203,1117,956,1099,1295,1259,1113,940,1360
879,808,900,743,1046,783,750,779,1065,890,730,734,956,1064,747,827,776,743,783,934,817,1059,861,765,936,806,941
this room is a mess.
883,1096,1204,725,1088,843,1270,1274,1207,1131,1193,726,1105,670,1105,1195,766,721,722,1267
746,884,774,818,1066,744,772,775,947,1053,789,836,1070,842,1068,942,726,806,825,943
who's calling.
682,1076,1237,1489,696,1100,844,620,1303,1302,1209,1127,926,1321
748,846,738,778,820,1052,906,831,859,863,768,945,811,934
i understand now.
1198,1081,1148,1115,798,776,842,740,914,648,1136,814,1128,1133,1278,709,1344
715,1064,784,966,809,718,712,808,714,807,953,801,1045,963,749,721,912
when did you arrive in boston.
728,1098,805,1123,1102,823,1226,825,1110,1103,1296,1147,1104,683,858,861,1216,976,806,1120,1218,1141,1121,1052,1293,785,949,1291,1144,1380
747,885,716,973,1068,811,694,798,1049,788,741,770,1047,835,737,742,754,924,731,1032,762,938,1056,913,742,825,742,753,927,933
how long are you going to stay in california.
1122,1311,749,1151,1329,1306,1164,992,1146,694,877,813,1154,1114,1330,1158,1124,981,1311,1236,1147,970,1096,921,1301,1116,743,927,675,1061,1121,1224,1142,1134,853,669,1330,1215,880,1307,856,1122,1171,644,1351
874,755,756,1044,848,768,937,813,1052,826,737,729,1045,790,742,773,1062,810,792,722,916,790,1025,733,750,1049,816,733,828,736,1038,737,956,1059,905,846,848,721,794,716,718,962,750,828,942
do you play basketball.
793,1293,1122,1070,1274,1116,1087,1361,1309,664,1026,1061,1016,664,738,1235,787,929,1011,655,1294,1297,1345
795,689,1033,735,700,772,1062,737,849,826,723,1019,880,827,823,842,716,719,886,832,847,841,932
do you have a problem.
808,1276,1064,1060,1256,1104,1082,674,665,952,777,1103,652,1107,1370,844,1290,1037,1329,804,1219,1408
796,740,1039,790,738,772,1052,831,816,882,719,1047,809,1044,751,731,737,896,847,732,932,938
i'm self employed.
1203,1527,1214,1133,746,813,1345,911,1121,815,1208,1385,1326,1305,1083,797,835,1367
784,838,952,1050,845,735,858,797,1047,735,957,775,889,777,751,732,807,932
how was the trip.
1070,1254,722,1085,728,669,752,1099,926,1096,806,1107,906,848,1218,1389,1341
915,796,765,1067,763,840,834,1058,750,895,757,1061,767,757,810,790,938
we're from california.
742,1132,1532,864,793,1142,908,865,1310,1233,1148,869,665,1338,1234,895,1312,860,1164,1230,660,1403
758,883,858,756,754,1049,830,758,778,933,1054,888,842,867,794,834,772,750,980,815,834,972
the survey's margin of error was plus or minus four percentage points.
there has been a car accident.
933,1100,813,1108,745,1144,856,979,793,1044,1475,744,1099,1190,666,853,976,1185,1102,1117,1302,886,1123,797,861,858,1291,855,1109,723,667,738,1120,1353,1318,1114,738,1093,1280,835,1073,1152,1166,1096,1094,718,1062,872,1251,1111,816,1053,1307,762,831,821,759,1084,871,627,958,754,1083,1340,1199,1169,1091,891,714,1327,1567,881,1061,747,816,756,1088,1076,617,704,1104,1002,764,757,1096,1108,634,1111,865,645,850,1091,653,845,849,1187,812,795,1114,899,1349
746,884,744,1078,851,782,758,919,747,759,807,822,1060,915,844,752,830,794,960,1063,754,823,1059,746,755,755,773,756,1057,757,840,825,1061,787,875,796,832,1040,747,730,1031,933,764,952,795,798,1049,793,752,757,719,1040,753,719,727,875,715,962,732,824,822,731,1054,785,770,737,978,744,811,941,791,751,876,728,744,722,1054,884,818,827,1037,902,731,732,954,1040,823,1040,880,836,744,1054,827,877,875,754,820,734,946,748,951
would you like coffee or tea.
617,1211,1081,1233,700,1026,1016,1198,1058,1007,1232,1122,1128,690,1000,798,1172,780,788,687,679,1006,1188,1013,1000,807,680,535,1304
665,723,735,803,757,983,751,713,772,995,836,740,850,693,1020,834,734,771,756,683,672,1018,712,1000,1024,692,665,782,887
how many people do you have in your family.
1007,1181,603,1033,1124,543,1065,986,997,1299,662,1206,1295,1234,671,1031,705,1202,1038,1002,1205,1028,986,1005,535,862,668,1026,1122,1039,1018,973,1205,1039,732,990,773,534,1118,1117,1226,960,1286
803,717,674,1027,907,779,929,688,1022,704,679,690,717,817,678,1001,742,708,1001,730,677,748,1029,851,776,856,681,1027,727,954,1064,742,686,704,673,1017,760,779,916,697,803,721,885
i was going to the library.
you have a very nice car.
1114,1003,613,545,622,1026,872,1226,1135,1046,867,1025,816,1205,1016,803,1007,690,1009,1213,1115,914,751,543,753,980,1289,1548,1008,1227,1066,1020,1043,559,869,719,1044,566,1047,874,682,760,980,1004,1071,1145,758,698,1057,749,548,773,1262
722,1055,708,788,797,1023,775,749,702,898,772,1015,682,713,976,692,806,674,999,790,709,827,692,771,688,716,854,770,709,675,698,991,803,774,833,691,995,781,993,843,676,689,693,1003,932,688,876,693,1006,859,793,675,905
can you please say that again.
where do you work.
745,537,1088,1081,1038,1258,1093,1045,1332,1273,684,549,656,699,1063,669,602,1004,1088,834,1077,595,843,1060,599,913,607,1177,1080,1316,1597,649,1089,721,788,722,1082,738,1244,1079,1059,1228,1096,1051,623,1257,766,1200,1310
839,787,923,1029,720,676,707,1019,698,826,694,793,804,695,1029,798,813,654,1020,709,846,805,720,1039,818,799,805,711,908,892,763,715,828,685,700,687,992,776,719,1005,748,693,743,1019,714,704,705,825,905
across from the post office.
576,805,789,1259,681,691,1106,833,803,1253,1166,1122,844,729,726,1050,1326,1235,666,855,1061,1234,816,815,1151,775,702,1290
784,848,722,722,797,799,1018,789,722,742,896,999,723,697,688,997,755,730,792,718,992,713,800,794,729,902,713,933
she turned toward him, her face troubled, her eyes most wistful.
how tall are you.
661,1073,721,1061,846,1128,763,1086,706,745,1068,843,1260,641,585,783,747,1084,1071,1191,1183,707,1274,1060,706,773,1090,804,586,787,705,1086,845,777,1250,1087,941,1264,707,741,1279,1099,1081,703,777,1087,707,1051,702,657,1049,1159,1250,657,837,1058,644,1177,660,835,818,1148,1295,1336,1577,1102,1279,657,1105,830,590,1301,1301,1107,597,796,710,1083,1095,1256,1099,1313
801,844,713,1035,733,769,728,940,709,807,1032,743,752,740,810,726,804,1026,863,751,901,723,922,859,706,715,1021,820,814,870,703,1004,727,729,734,769,867,825,709,785,911,1032,863,707,724,1036,705,749,709,799,1039,929,769,786,719,1032,734,769,835,721,812,761,823,916,763,837,738,722,1027,723,796,827,829,1031,821,729,701,998,772,720,755,890
he'll be back in twenty minutes.
1090,711,1486,1543,1531,1109,942,714,1114,959,594,791,1206,1119,1203,1122,1096,842,657,724,1098,839,1062,1059,1197,1186,1122,1101,842,711,670,1320
856,702,795,799,798,1010,875,720,1006,868,805,849,791,1009,729,929,1033,732,729,699,935,728,755,1020,902,730,945,764,727,711,795,916
all day.
what color is that car.
597,1238,1228,1055,746,605,1007,1287,1621,649,1102,595,860,1119,771,1280,1322,1295,768,1073,1174,662,1061,838,1057,601,845,1060,781,617,802,1310
828,848,836,1049,783,817,785,954,819,730,864,819,735,1024,894,774,892,789,747,1049,792,836,1063,756,884,852,754,1069,876,845,738,949
are you going to take a plane or train.
when was the last time you talked to your mother.
605,797,727,1103,1102,1298,1136,1081,904,1275,1191,1109,888,1080,842,1250,1074,851,588,1212,701,1082,595,1080,1359,1308,595,1110,707,1079,1279,787,1079,846,771,580,1185,1101,1310,1617,626,1099,714,1113,1103,638,579,669,1097,833,1093,720,1097,1292,603,682,858,1063,855,1165,1157,734,1099,1052,1249,1103,1056,839,598,1291,1182,714,737,1082,853,1231,1064,1050,1236,1109,782,1049,1161,1227,846,1066,717,777,1325
816,734,715,1030,779,739,779,1060,818,770,708,893,800,1035,746,764,1044,749,838,865,715,1059,834,1047,728,846,822,961,729,1051,751,742,1038,737,724,829,767,953,928,769,744,854,711,940,1038,735,814,809,1044,734,862,725,1040,819,814,806,726,1024,728,772,924,712,1037,783,749,769,1040,737,815,845,836,707,785,1035,740,746,1043,798,734,788,746,1055,923,771,734,869,711,722,940
is it possible.
1208,672,1101,1206,860,1092,1353,1286,684,693,1199,972,1287,722,1351
756,817,1057,769,739,1053,773,762,793,800,755,888,854,713,948
how much money do you have.
what do you study.
1078,1269,656,1116,1182,1122,796,1070,1084,1153,1228,1092,723,1014,1036,747,1234,1058,1021,1235,1070,1040,1054,594,902,735,1303,1613,661,1103,611,870,1087,777,1298,1066,1050,1258,1092,1051,703,885,1134,785,1046,1355
868,760,726,1038,928,766,876,884,1029,951,778,971,733,749,1038,816,772,1066,786,729,769,1058,889,816,895,723,950,801,748,870,828,739,1059,804,738,1058,771,713,763,1042,810,738,751,812,755,921
that car is similar to my car.
862,1099,610,856,1068,813,613,808,1065,1191,696,1072,701,1193,1210,1202,1307,610,803,1103,872,1301,1086,1197,1015,1039,804,602,813,1308
753,867,828,744,1050,904,825,718,1059,745,825,1052,809,736,935,735,850,818,728,1027,736,751,1064,969,698,1042,882,821,722,917
it's suppose to rain tomorrow.
1162,868,1488,699,1108,700,1152,1402,1401,1331,703,735,1107,883,1300,1112,824,629,1211,1125,1116,866,1283,1198,1281,807,803,1274,685,1340
768,736,803,815,1040,815,747,748,766,729,809,717,1024,747,746,1025,752,824,752,932,1044,747,761,941,738,740,743,748,748,934
there's plenty of time.
they are here erecting a fine stone edifice for an episcopal church.
873,1096,738,813,745,1516,702,1117,1384,1324,739,1137,864,1078,1038,1278,839,1064,882,1167,1160,750,1334,1586,867,1104,750,1036,1081,622,826,748,1097,1074,745,828,757,1092,748,814,734,815,887,1178,1099,927,1084,630,1087,858,1184,1114,767,1081,723,899,1247,1174,756,1095,758,787,1188,852,1190,814,747,1069,872,1262,827,1065,649,1120,1095,767,1374,1212,683,833,1274,1373,618,1316,1098,820,1086,1129,821,834,1082,1364
751,869,723,737,732,784,827,1033,750,837,742,940,745,739,1049,738,829,1059,737,770,934,749,935,756,751,843,731,731,1062,837,753,746,1043,882,742,750,740,1050,735,752,742,904,748,789,948,834,1061,834,1054,836,766,944,747,1065,836,762,762,971,728,1049,729,798,780,826,779,913,726,1070,832,755,743,1051,807,952,1046,727,789,755,811,890,751,762,810,846,1052,884,873,795,734,894,866,920
that restaurant is not expensive.
good evening sir.
882,1092,611,853,1092,795,730,678,862,614,1154,795,613,1119,866,1067,1195,701,1076,1075,1257,851,1081,731,746,1355,730,1101,695,1205,934,733,1333,1610,907,1325,1325,764,1142,748,930,758,1114,1208,1117,938,1098,710,1213,810,1363
733,864,800,729,1041,723,718,808,729,829,761,729,812,938,735,1038,742,816,1028,916,735,737,1028,711,898,742,710,930,808,746,896,714,916,768,789,738,742,798,1005,726,902,721,957,769,946,810,1049,829,752,736,933
i'm thirsty.
i thought he said something else.
1203,1568,1219,1111,870,1102,1236,813,701,878,1086,1377,1619,1258,1112,872,1104,1297,1126,938,1099,888,1071,1083,755,1084,704,628,1223,788,1093,717,1271,1175,768,887,1093,1208,1123,929,1088,770,1293,722,769,1351
738,806,906,1030,747,849,736,741,826,743,750,908,780,731,1034,749,848,748,768,809,858,750,1051,868,725,1057,810,828,745,789,1047,811,749,916,710,734,859,765,935,801,1036,714,830,815,718,926
please sit down.
sorry to bother you.
1390,1356,759,635,715,769,1092,717,1219,898,1082,788,1298,701,1119,1315,1653,721,1344,832,826,1097,1098,894,1310,1093,1001,1305,904,1091,767,830,1087,1094,1299,1128,1388
709,839,712,813,810,711,1008,814,742,732,1025,794,726,743,933,904,759,819,712,737,736,712,1005,737,722,1019,887,725,740,844,723,728,1031,747,718,746,899
do you believe that.
let me think about it.
783,1308,1121,1095,1312,1152,1087,1014,789,1348,1245,769,947,759,1105,896,1127,659,893,1410,1681,1351,777,907,1123,1220,777,1123,899,1122,1241,1141,1258,1114,663,1001,1323,1151,890,1087,1204,904,1362
796,715,1017,733,697,740,1025,906,723,828,730,712,886,709,1019,740,842,823,737,913,790,826,712,732,1018,904,731,1026,737,863,761,931,839,1040,823,897,753,741,730,1040,747,742,912
i love you.
i'm twenty six years old.
1240,1115,1326,1293,964,782,1114,1115,1312,1150,1373,1638,1250,1569,1232,1136,892,733,795,1174,916,1122,1086,741,1233,696,1107,1121,784,667,854,741,1106,1294,1322,797,1372
750,1044,848,750,930,733,1048,778,737,767,915,808,753,794,914,1031,740,745,715,923,745,732,1018,828,748,934,1044,734,735,816,745,814,1031,749,836,799,922
bring me my shirt please.
1032,858,1225,1149,973,1128,1220,797,1128,1220,1078,1087,734,1098,1209,866,941,1096,1368,1308,783,666,744,795,1377
895,743,770,935,809,1040,915,733,1044,951,781,1071,820,874,762,734,751,1061,769,847,724,837,810,712,932
someone is coming.
that's too expensive.
738,1278,1192,782,1277,1124,780,1106,1198,728,1103,858,1261,1204,1192,1130,987,1328,1108,922,1113,670,921,1493,735,1164,906,1288,1285,1079,770,797,1360,779,1119,743,1199,947,786,1352
836,753,927,727,766,941,729,1062,784,818,1056,876,766,928,799,964,819,945,1067,754,889,837,762,810,819,997,748,759,763,1062,724,898,780,731,955,825,785,913,748,937
what's wrong.
703,1129,668,917,1494,723,1122,721,844,1303,1166,954,1359
766,878,839,752,799,832,1039,755,757,788,961,826,903
when do you start work.
710,1112,781,1106,1123,803,1276,1103,1058,1278,1117,1081,726,904,655,846,932,1103,719,1254,840,1224,1348
748,826,716,956,1040,801,733,1060,775,716,790,1059,804,738,820,728,736,1006,754,766,747,872,970
do you have any coffee.
good morning.
799,1263,1097,1082,1280,1127,1077,1104,643,949,763,1103,643,1124,1067,1062,838,1277,866,873,780,768,1326,1619,939,1313,1316,798,1115,1199,1297,849,1133,1241,1141,964,1377
804,737,1064,764,732,770,1068,892,829,892,728,1063,828,958,754,1044,894,727,827,814,746,734,936,810,812,770,769,809,1068,953,784,766,995,789,991,836,943
i'm tired.
i like italian food.
1261,1621,1261,1174,900,1257,1229,772,797,1383,1695,1274,1142,1378,1260,1269,787,1144,1254,884,639,1345,1238,656,1160,1127,873,1299,1298,802,1348
724,803,936,1044,754,781,954,741,813,949,787,759,1044,856,767,856,742,1051,767,754,843,876,773,858,971,1057,825,769,772,822,958
certainly.
the cars are american.
840,778,846,924,659,1227,1157,1318,1078,1331,1563,913,1123,763,1115,853,638,848,742,1125,656,847,778,1124,663,1233,784,846,1235,852,661,1174,1346
885,728,750,754,841,778,969,863,741,911,801,753,847,729,1061,867,837,735,809,1048,838,741,727,1051,840,931,714,737,780,888,849,896,888
as soon as possible.
668,756,1111,746,1274,1276,1145,1131,656,740,1145,1398,1313,745,742,1220,999,1310,795,1327
819,807,1044,807,761,764,932,1050,837,825,1039,775,761,829,836,775,905,857,744,922
do you accept u.s. dollars.
790,1294,1097,1094,1300,1142,1077,641,889,875,781,1375,913,1118,1159,1356,732,1371,911,802,1300,1313,1318,637,851,723,1347
776,695,1018,731,679,739,1030,834,870,871,732,719,743,1023,759,920,818,898,984,793,741,853,860,836,745,826,911
on the right.
i'll come back later.
1234,1117,1088,842,1076,739,1092,802,1183,922,1070,888,1309,1638,1220,1498,1597,1591,1099,811,1278,1206,751,1120,970,637,809,1226,1113,1274,583,878,741,814,1350
752,926,1051,747,868,724,1049,745,774,809,866,728,898,760,744,771,834,826,1038,879,731,907,729,1042,891,852,894,816,1055,868,845,775,754,766,934
