there are many people here.
what should i wear.
778,1001,549,637,549,738,393,645,541,722,1067,435,1047,830,809,1311,660,1255,1346,1302,579,813,959,567,689,587,1158,772,505,1044,438,757,806,535,1015,1205,1014,1257,642,761,1153,744,514,595,433,676,1245
521,596,507,531,492,777,616,537,497,771,714,666,759,481,774,433,458,447,452,598,483,789,617,412,471,445,750,774,445,537,565,483,725,571,595,419,394,609,553,788,410,769,484,448,578,476,701
google is always a good place to look.
824,1221,1220,796,1253,574,779,1153,510,832,461,1303,557,491,903,572,821,451,841,804,1266,1250,669,780,1357,1274,474,686,553,795,791,1268,814,1288,1267,1268,1173,1257
559,425,415,596,556,455,760,396,560,772,588,537,441,584,450,576,787,580,755,548,365,378,553,771,382,530,626,674,504,768,520,395,749,538,375,369,559,734
he also told me that he hates lebron james.
1009,539,750,439,1310,535,1290,751,805,1357,1271,632,780,1108,576,799,796,1010,443,779,836,1008,558,778,1016,441,767,575,521,762,1278,556,837,707,1281,1009,758,1066,414,1130,571,530,1331
537,447,752,609,551,607,439,777,486,290,592,567,803,752,455,772,468,568,593,498,743,580,470,780,592,605,496,479,627,809,550,481,721,526,434,747,781,552,600,680,467,591,716
the entertainment sector there is booming, while pakistan's is moribund.
785,995,609,789,596,1032,799,584,669,800,451,1155,993,1134,582,999,784,822,545,580,627,813,1228,699,822,768,930,575,459,665,571,1168,527,783,865,1249,1230,1081,1122,970,812,1145,802,501,930,1063,1200,573,756,1340,415,1130,1094,484,789,435,1018,1348,540,767,1152,536,761,1127,1273,703,1127,836,1032,980,636,1305
479,568,482,782,494,799,524,489,508,481,577,425,754,710,479,787,520,767,620,455,727,480,447,510,798,500,600,500,569,513,494,405,571,807,706,456,466,777,486,749,585,762,806,522,602,461,573,564,843,483,659,616,438,634,489,634,732,572,593,789,447,582,794,759,519,518,427,774,376,699,618,752
would you like to rent a movie.
492,1227,1037,1246,600,771,809,1176,1002,742,1220,1106,1101,565,803,785,1236,810,646,540,970,786,836,408,815,1077,1188,738,1098,540,1255
479,388,387,593,569,783,483,381,359,807,598,416,569,492,773,505,462,774,547,519,803,505,767,621,807,742,455,729,369,505,737
no.
yay for slide animations.
1022,1230,1287,1493,793,435,820,777,687,1226,685,788,477,1271,1151,608,556,773,407,996,1133,1070,405,756,1152,1291,978,506,1269
741,455,697,446,467,563,756,751,597,462,500,790,559,515,395,602,489,770,639,713,425,665,603,468,392,486,738,524,677
history exam studying.
the knaves lowered their weapons and shrank back cowering before him.
862,1156,544,768,1305,704,940,862,582,640,425,1130,780,549,793,1077,609,875,1189,1017,822,1290,1585,771,1016,552,775,1238,1152,463,739,539,523,768,1336,1277,465,587,684,557,639,587,775,1024,561,1201,663,791,473,562,413,1363,1319,1103,550,794,443,1068,614,783,534,988,700,425,1004,1232,794,797,410,624,1191,813,701,1251,527,626,746,1211,1039,760,811,847,548,649,1243,692,556,777,793,1160,1103,1333
561,369,606,454,410,496,468,760,484,677,641,659,805,579,501,379,584,442,447,729,606,733,436,491,535,506,794,517,698,664,719,512,628,827,546,410,489,490,472,429,482,630,481,579,469,385,486,785,496,458,585,459,409,681,564,779,613,697,577,807,589,592,482,619,719,484,770,695,626,704,511,792,736,415,468,474,486,426,684,591,811,762,499,639,444,581,511,825,626,459,709,735
highly recommend.
nobody is helping us.
899,1182,802,970,1259,955,867,745,562,628,1260,1086,1101,561,1010,601,1269,1556,1090,1254,829,1267,634,850,723,1171,525,794,807,558,1237,1317,1157,986,768,797,1059,506,1268
588,409,612,630,577,457,770,524,449,714,437,715,721,503,764,592,700,437,729,456,729,397,625,474,385,411,587,817,608,506,586,462,455,744,608,819,451,664,694
where is he from.
only one exam left, and i am so happy for it.
489,976,573,659,578,749,1148,523,760,884,535,764,722,716,1277,1129,1359,1564,1308,1032,1278,891,797,1278,998,570,770,572,612,389,1084,782,1283,561,701,796,1203,736,422,1060,601,744,1157,768,394,1089,770,530,1271,788,982,434,1358,1356,906,795,690,1270,689,825,1423,748,1248
482,594,512,508,488,739,403,591,810,617,470,813,620,518,413,715,731,516,410,743,585,496,798,425,768,528,839,518,699,659,699,837,585,531,614,494,740,842,651,712,628,820,404,824,653,653,812,649,442,850,610,643,474,471,499,826,633,448,560,824,275,483,675
i really liked learning jquery book.
1111,751,646,522,355,1217,1219,828,825,1230,1123,1106,494,553,696,1239,574,367,627,927,1077,933,745,783,1047,319,1011,504,609,877,788,855,1192,1199,1098,1187
491,825,535,509,629,618,623,510,787,652,474,610,512,688,886,556,511,732,575,778,544,699,627,855,612,629,426,545,516,515,814,829,498,523,717,818
i hate comcast right now.
1120,737,365,977,432,729,575,769,608,1229,1068,603,389,492,737,805,1088,812,970,784,757,1008,1257,466,1273
400,807,646,637,660,521,527,824,750,429,781,759,722,703,524,812,450,696,639,542,844,782,497,520,753
i'm married.
i'm here on business.
1184,1403,1179,766,1169,413,671,678,1135,527,575,1239,1515,1155,1493,1159,738,987,571,666,583,756,1227,1008,774,861,1025,520,1111,966,530,526,518,1324
435,622,767,818,749,692,569,573,438,537,681,769,590,500,599,770,812,629,548,580,552,822,473,801,829,765,444,686,431,791,522,675,676,752
how much is that.
985,1237,514,1067,1112,1055,677,759,1183,1205,530,830,761,994,451,788,1353
636,435,495,767,738,458,693,817,517,360,555,779,526,534,580,517,741
i really liked learning jquery book.
who wins.
1173,791,677,436,1270,887,904,872,856,1312,1206,1202,564,610,783,1355,526,466,668,1044,1229,1075,835,819,1057,429,1082,556,698,977,875,869,1269,1270,1137,1307,1593,498,1016,1253,798,528,1223,1063,547,1265
354,784,512,614,536,491,499,450,738,528,415,556,457,620,803,548,516,640,478,704,369,711,568,777,527,521,365,503,500,479,705,712,411,406,610,740,518,457,589,460,812,454,378,711,555,677
he's very famous.
the cars are american.
900,562,1379,550,797,704,520,644,911,858,715,397,1106,1257,1052,520,1252,1576,777,1055,570,737,595,404,645,486,741,396,647,544,744,421,1071,558,693,1152,623,403,1052,1280
610,482,570,634,844,734,525,486,500,782,624,623,723,433,415,610,733,493,517,566,543,832,685,672,506,667,857,649,562,504,785,620,707,511,519,414,691,631,770,770
he volunteered a modicum of advice, limited in quantity, but valuable.
868,522,762,708,1240,1237,999,961,750,536,535,636,522,566,694,385,738,1072,1215,574,1098,594,1036,712,1250,665,728,391,575,726,1116,585,584,517,1086,725,1239,1135,983,1108,738,518,543,715,1169,1014,708,391,1056,411,1042,774,750,873,788,1119,734,765,1074,718,795,639,384,1267,1035,367,790,1310,485,1312
628,532,837,734,466,618,407,741,516,550,544,521,508,645,858,646,852,782,491,694,449,733,699,820,436,631,843,637,642,802,439,793,737,556,731,852,550,443,753,499,529,539,716,849,444,689,831,524,388,644,766,492,523,515,449,772,806,667,400,512,763,678,634,545,359,595,735,505,446,729
in other words, the rejection was a bureaucratic, procedural decision.
1198,1010,772,1327,758,1036,550,651,756,472,1297,708,600,516,1161,782,746,1032,531,801,689,562,665,516,581,703,1140,1295,998,759,480,418,500,738,401,736,755,1046,667,562,433,1054,604,644,405,702,1129,610,1117,764,1353,659,1244,578,500,558,1053,598,375,1347,723,577,456,674,1185,500,1242,1339,1072,1314
387,743,782,388,519,597,503,530,769,501,407,520,633,575,661,798,512,526,509,818,536,501,616,495,678,467,403,477,812,800,500,625,657,818,635,818,734,409,488,485,614,381,694,523,589,504,329,733,695,808,460,534,382,734,525,681,424,451,589,540,785,600,471,696,340,587,328,348,594,605
i'm still bitter about this.
1180,1461,1183,779,505,745,1167,1280,1292,772,821,1173,717,742,513,638,735,408,798,1204,1017,744,830,734,967,1106,480,1249
352,559,741,791,650,487,399,507,527,805,674,411,472,524,507,541,800,642,726,397,348,462,755,437,615,423,603,746
the twitter api is slow and most client's aren't good.
i'd like to make a reservation.
749,1032,529,752,784,471,1186,754,749,569,680,756,393,1362,1149,774,1174,511,775,538,1262,1257,465,764,414,1041,600,744,1103,1247,542,774,828,658,1265,1142,566,1001,805,1502,513,775,445,677,572,1048,1471,823,794,785,1305,1305,619,1233,1655,1191,1398,597,785,1355,1227,1206,556,803,744,1277,778,1143,430,1211,566,745,412,774,652,543,497,542,627,671,397,687,1260,1355,1079,1251
487,561,508,815,454,457,400,439,493,487,527,754,587,388,351,790,380,587,818,647,501,388,453,750,612,718,544,823,674,451,637,492,755,694,529,449,481,739,472,540,655,865,644,530,512,729,520,481,799,609,438,445,654,710,514,417,559,605,810,505,405,542,483,783,512,434,804,700,630,548,514,816,652,830,564,538,636,544,539,697,636,558,466,461,734,779
that didn't work out very well
who are you looking for.
644,976,352,662,736,552,1129,559,1006,1367,717,742,415,1275,632,483,753,1222,1043,708,772,777,532,604,779,774,434,531,1227,1239,1607,438,943,1188,721,364,599,505,699,788,1231,1039,741,1237,1157,1167,1153,1158,986,773,779,625,1228,1387,618
598,692,678,608,850,666,579,661,826,615,578,857,574,555,581,629,867,482,482,602,844,739,575,587,574,836,581,583,614,623,480,577,676,556,863,685,584,551,843,584,503,513,847,655,508,629,569,453,743,692,887,677,508,1027,596
booz allen hamilton.
873,1241,1251,550,789,412,1240,1235,571,970,755,764,389,1062,1096,1255,706,1250,979,1227
810,489,490,819,922,707,620,642,593,823,884,673,696,767,526,630,594,596,888,860
someone does that for me.
536,1239,1069,551,1227,970,560,746,605,1246,525,490,726,950,387,730,776,677,1196,664,740,1068,514,1210,1146
685,515,771,563,508,826,572,886,700,500,589,683,590,634,676,612,859,691,531,611,884,823,587,821,734
i couldn't come up with warren buffet's name to save my soul.
1205,762,620,1205,994,1261,585,999,1313,840,827,648,1211,1054,484,747,687,1265,761,432,1124,734,951,778,479,401,669,666,565,939,756,831,1034,685,685,567,743,1308,527,770,950,440,1030,573,755,741,1218,788,523,438,767,579,751,1033,833,752,509,1220,1029,1198,1257
468,871,698,479,465,625,678,750,580,575,858,733,471,751,494,848,582,495,857,531,490,555,605,809,527,634,530,548,520,753,841,707,473,633,642,553,541,581,665,876,805,690,763,561,841,563,536,837,664,691,784,582,863,789,550,866,638,427,416,555,719
i'll call back later.
1152,1376,1338,1343,747,663,412,1293,1300,791,834,399,625,1186,774,1287,405,753,540,648,1170
475,597,533,549,867,714,679,607,615,901,777,680,767,614,885,615,663,579,562,573,808
how much are these earrings.
968,1220,480,772,1080,547,576,954,694,370,627,520,736,730,984,506,551,472,741,536,396,638,619,1125,941,744,490,1273
641,528,555,887,722,565,744,609,874,688,607,574,867,588,621,675,571,657,867,580,681,580,579,529,755,671,668,782
i think those shoes are very good looking.
1138,707,677,1034,1206,978,1183,750,714,997,1298,535,551,740,493,951,1213,536,506,775,422,658,559,762,734,555,656,811,820,811,1222,1247,617,772,1245,1148,1173,1174,1175,976,764,1235
484,846,566,636,465,781,579,852,573,599,430,666,539,843,628,623,469,518,664,884,699,589,556,863,791,584,572,558,846,686,407,435,631,888,587,467,562,585,476,788,674,728
pick up your clothes.
he needs someone to explain lambda calculus to him.
1295,1145,658,1150,738,1024,1330,813,746,1210,1020,693,798,678,1229,1209,773,987,527,534,1184,990,1040,531,747,1006,560,535,623,518,779,507,1204,1054,541,1215,975,543,769,759,1182,781,555,556,1326,1212,413,1107,936,767,1226,394,828,821,593,383,707,574,293,1218,549,1009,1270,970,452,701,679,1219,711,688,1111,1142,1388
575,487,703,612,886,501,481,866,586,472,451,556,873,696,582,488,555,628,529,654,776,804,539,532,867,771,557,544,689,696,907,693,539,761,576,548,809,577,868,631,558,887,570,806,506,658,687,524,801,892,637,710,811,865,717,730,932,779,759,624,806,455,610,393,732,874,605,461,869,682,432,740,783
i got stopped walking out of safeway and asked to empty our pockets and lift our shirts.
1145,732,688,1216,693,781,446,718,1203,1371,1376,484,501,683,423,355,1246,1153,1135,979,688,717,1175,1008,678,725,1208,674,731,506,407,655,523,444,407,757,772,414,941,590,714,417,510,1209,504,565,730,675,1150,720,524,1026,1308,766,818,708,1172,1004,611,724,1298,1178,600,1093,506,723,498,769,383,961,568,717,1258,1143,661,700,757,1169,980,638,731,472,889,1062,628,711,468,1248
449,872,643,485,520,810,644,530,466,489,493,539,648,903,572,703,610,472,397,770,624,828,482,492,545,802,474,617,839,677,696,660,550,577,679,558,847,692,809,672,871,703,673,524,538,704,829,596,549,841,569,772,531,562,581,868,502,504,561,882,535,523,774,657,584,574,657,888,692,793,685,859,590,536,637,565,849,524,531,580,874,664,685,543,561,574,635,794
what's your favorite movie.
i have three children, two girls and one boy.
412,945,391,693,1346,479,737,682,1225,1006,629,724,655,362,738,1230,629,1094,688,521,700,1057,1197,777,1105,514,1245,1514,1141,751,689,377,681,522,704,691,979,626,494,513,714,577,925,1049,1217,558,621,508,922,1084,683,661,429,1160,726,765,1084,622,1208,451,723,375,958,575,727,1203,937,512,740,788,1227,708,1231
530,639,657,549,614,657,878,547,436,443,529,849,620,668,752,499,564,505,590,542,836,727,507,807,470,544,732,571,500,860,645,642,726,545,870,586,590,572,523,548,843,684,608,483,594,682,593,550,809,750,851,617,581,611,867,694,579,590,686,675,885,691,780,652,898,568,833,561,898,735,531,555,848
where can i exchange u.s. dollars.
my mistake.
406,945,510,589,504,704,587,979,339,716,1190,717,512,573,549,1021,388,949,678,524,737,1035,1256,476,1277,706,573,1325,1247,1271,391,612,471,1229,1453,988,769,833,1006,1062,482,697,398,1057,521,1182
556,650,547,565,536,853,765,722,676,867,454,858,566,762,783,639,711,818,682,588,886,508,749,704,735,888,671,387,612,594,692,575,726,790,508,677,468,782,701,454,603,544,638,594,505,767
how much do i owe you.
936,1218,498,805,1040,1027,656,926,767,631,1220,783,1130,798,1209,526,597,798,815,1264,1051,1203
592,458,537,826,743,469,765,635,863,664,512,860,521,873,531,543,514,838,577,434,430,751
do you take credit cards.
579,1299,763,767,1242,1008,778,738,408,1193,583,626,692,610,506,587,1164,710,776,579,394,613,557,465,1217
570,463,826,495,397,408,786,507,590,478,484,657,525,500,460,675,402,508,778,707,643,521,616,655,728
it's is a quarter past nine.
are you coming this evening.
1098,760,1328,487,759,1137,510,777,417,779,330,1018,464,682,778,554,647,745,1350,444,559,766,956,1159,1230,941,497,1164,1512,407,608,506,745,806,1242,1070,767,615,1213,1052,1075,954,791,803,763,949,1133,579,813,538,704,510,886,1136,901,750,1192
416,495,536,586,798,431,615,784,634,798,504,384,655,496,531,482,523,776,412,636,602,509,750,429,398,769,464,769,548,615,510,477,789,512,369,399,819,755,465,761,462,820,643,843,544,597,466,589,829,481,801,507,800,476,806,625,771
i'm self employed.
1214,1384,1124,805,578,587,1290,700,782,571,1060,1381,1254,1219,785,575,634,1243
447,542,704,843,666,548,583,633,843,530,788,469,585,445,499,511,659,785
i usually drink coffee at breakfast.
i think i may have a new favorite restaurant.
1146,773,1049,567,1047,469,1227,1223,803,843,620,685,1167,959,1157,755,634,1286,669,666,559,556,759,408,733,791,798,691,580,437,1139,679,429,540,774,1142,1438,1166,759,727,985,1182,950,1137,779,1140,787,1094,457,844,843,918,443,756,581,753,422,782,961,553,447,762,667,392,754,1220,644,1157,718,558,771,633,544,490,724,445,1028,642,389,956,691,1205
450,831,434,675,425,680,578,583,531,788,657,551,428,726,602,845,708,483,639,634,562,570,838,655,582,829,754,541,519,673,563,642,687,661,532,708,486,427,844,557,548,439,796,596,849,415,850,716,667,580,847,628,681,746,589,876,698,893,800,540,536,834,636,650,769,506,545,522,577,561,865,568,537,653,550,664,493,556,676,815,559,834
very good, thanks.
follow me.
768,516,610,839,709,750,1140,1172,608,1090,758,731,961,942,418,927,1166,519,1146,710,1264,1310,1317,1285,481,737,1049,528,1292
759,539,524,538,860,657,502,482,664,755,856,559,591,807,662,767,618,663,761,653,457,502,518,404,540,846,690,537,800
i'm truly braindead.
1173,1432,1155,781,766,695,955,1237,873,830,845,683,414,1191,932,668,605,451,628,1326
446,609,762,860,586,588,475,606,577,851,741,566,671,482,838,690,602,711,693,787
what do you study.
494,934,437,792,832,630,1284,857,828,1227,1023,799,584,802,1052,646,842,1292
511,601,635,543,815,650,496,818,543,448,434,851,677,559,427,693,535,754
stealing.
i went to the supermarket, and then to the computer store.
452,715,466,355,1218,1079,928,760,1256,1517,1190,758,467,521,968,747,774,736,1199,773,719,986,543,756,487,1016,1363,507,643,1091,392,666,1187,528,693,1081,747,359,1022,573,751,741,987,530,1016,752,731,1198,763,714,943,527,766,615,1173,1077,1341,1020,694,529,619,723,442,711,1077,629,492,1255
627,487,499,719,599,524,717,648,786,429,397,827,489,492,724,529,787,543,449,806,559,563,502,809,615,447,483,491,477,703,635,501,546,495,512,723,822,646,696,589,821,513,560,498,757,807,541,454,807,535,561,501,813,667,369,673,424,360,500,480,519,775,563,479,303,503,466,749
obama got a standing ovation.
1204,828,387,1095,398,734,833,1230,548,395,383,845,492,745,402,988,569,1235,1043,758,760,1239,714,436,768,1128,1275,1036,1307
384,749,633,725,618,826,636,416,487,633,599,759,580,481,577,707,560,303,665,569,795,364,656,587,467,378,411,697,718
man accosts roger federer during french open.
1100,416,1015,795,401,645,655,1227,512,791,504,795,675,1257,774,529,641,749,661,526,586,530,642,496,606,717,579,1077,632,1186,1012,744,738,658,648,475,956,560,729,750,1179,1365,522,1004,1245
650,600,755,828,639,661,691,436,598,499,602,821,541,419,647,497,548,792,626,515,653,527,517,489,533,784,632,357,472,425,736,596,831,627,523,492,760,702,827,828,443,443,500,739,722
right there.
661,1129,799,993,700,737,748,1018,514,630,505,1251
497,384,644,598,520,789,525,544,474,487,506,717
it's delicious.
1204,708,1456,503,788,623,563,1342,1205,627,1119,1236,1016,489,1221
402,510,588,611,849,634,522,537,411,672,378,328,322,615,651
are you burning more cash than chrysler and gm.
who are you looking for.
422,674,527,734,821,1238,1029,789,840,1091,664,1025,1186,1024,791,787,1095,1225,730,561,756,669,416,539,919,773,749,1032,382,995,781,610,919,668,872,499,1228,512,605,723,399,980,600,785,760,1103,1280,1399,440,940,1205,765,428,656,553,763,798,1230,1023,775,1272,1323,1398,1203,1215,1019,734,771,653,1223,641,1203
655,540,498,816,537,390,376,830,725,402,482,753,405,781,635,847,739,483,581,513,841,676,647,634,539,857,509,585,637,753,828,672,564,488,497,598,528,460,500,776,623,678,588,826,607,664,676,491,481,566,410,817,644,541,485,806,564,402,436,810,558,340,289,540,366,692,614,822,615,392,512,678
i couldn't come up with warren buffet's name to save my soul.
when does the bank open.
1135,753,630,1190,999,1236,583,1039,1367,783,811,717,1322,1103,550,756,970,1310,741,444,1206,730,989,768,500,418,691,681,561,994,757,884,1259,656,668,523,747,1351,489,773,1017,444,1122,555,778,729,1232,778,559,421,701,562,753,1064,866,811,490,1243,1059,1251,1281,1528,453,1010,521,988,748,645,1247,1045,523,504,794,748,518,772,815,397,645,1144,741,1203,1362,530,942,1153
383,821,645,303,320,576,601,734,528,503,812,717,274,644,486,822,415,369,795,407,349,498,555,767,446,575,469,474,461,707,788,674,387,574,582,491,485,528,582,818,677,635,671,475,789,520,451,787,619,638,688,515,798,662,484,822,602,296,291,505,698,542,471,562,453,793,794,621,358,339,478,653,830,505,487,820,729,625,674,529,828,411,407,481,752,718
what day of the week is it.
517,912,412,760,798,590,444,849,816,1226,680,791,747,922,554,481,560,568,1180,778,793,1129,523,785,1128,680,1161
468,588,598,511,786,591,608,505,808,405,581,802,518,549,504,544,521,519,593,823,839,397,601,804,397,522,749
what's your favorite food.
466,980,419,732,1480,506,801,833,1233,1039,693,828,690,419,787,1249,677,1116,689,521,761,652,1220,1225,577,1188
448,527,585,470,514,600,846,476,346,369,484,809,591,627,728,419,468,414,513,479,810,623,388,404,558,652
before robert barr publishes a novel he spends years in thinking the thing out.
is this pen yours.
820,527,715,1227,713,539,762,689,1207,843,561,660,819,778,693,388,672,669,775,1303,999,846,1233,1122,530,927,565,519,783,433,742,681,1222,801,568,1280,758,930,534,511,1346,1343,531,946,607,509,745,795,522,414,660,498,753,1113,966,734,725,937,1084,912,1021,1108,929,780,779,711,926,535,761,726,976,1260,1003,785,795,1212,1035,652,1195,1540,1102,565,782,745,939,1080,505,757,1288,521,946,735,782,1184,986,678,482,1205
752,506,654,448,579,511,878,575,458,774,524,546,560,834,697,641,537,541,848,466,448,782,562,440,619,599,503,600,869,646,861,702,468,718,529,539,856,588,491,632,447,412,476,723,604,609,853,483,430,595,472,560,831,397,749,801,502,537,401,744,567,365,730,591,806,492,536,466,793,515,492,327,697,569,801,325,363,441,695,465,400,596,806,483,518,369,559,827,425,448,726,786,488,309,350,483,569,660
a certain austere simplicity was noticeable all over longfellow's house.
442,794,594,503,626,756,381,1090,938,732,393,1012,497,772,529,637,513,744,504,1175,1105,1413,1305,1201,622,1171,722,822,812,520,447,572,793,1014,1257,767,1129,740,559,420,839,1230,512,779,407,1242,1242,774,1200,781,535,648,727,1255,1352,1011,819,690,558,1213,1208,1216,493,1370,558,802,837,1178,1010,563,599,1242
603,827,653,478,472,489,620,362,704,791,619,410,583,434,426,483,418,786,577,282,630,268,510,362,611,358,442,434,760,475,600,581,791,716,434,497,402,696,505,646,718,537,471,813,602,544,544,808,419,683,484,523,795,546,303,687,603,579,462,517,519,386,475,519,626,843,591,334,322,631,488,719
your prayers worked.
785,1222,1022,711,822,1335,696,416,776,550,667,559,819,497,1227,701,1101,542,646,1244
445,370,355,486,810,413,487,597,450,474,489,589,835,471,397,486,640,489,653,733
great stanford course.
883,787,605,460,849,849,546,787,453,990,738,1274,709,619,753,626,1276,1102,723,567,593,1292
676,536,458,568,514,771,559,428,563,750,603,383,471,638,783,731,341,375,508,660,493,731
the cast was awesome so it was well worth it.
761,633,949,593,725,634,394,550,793,807,504,437,556,492,535,584,512,1263,1104,570,767,548,1310,798,1180,732,782,520,426,554,799,501,572,1301,1302,798,539,1287,745,809,1058,839,1247,727,1256
500,441,575,507,828,668,656,609,524,761,490,624,633,637,499,481,598,419,687,471,787,632,431,800,439,510,796,498,636,640,825,487,501,531,539,800,480,439,462,471,588,799,444,494,712
is your father home.
1216,580,848,800,1309,1099,704,794,706,484,874,1031,596,710,826,886,1309,592,1104,1322
377,579,828,474,368,364,458,787,616,578,436,561,442,457,762,592,352,431,722,710
hordes of puzzled tourists, many with rolling suitcases attached, poured down the staircases.
when are you moving.
885,707,727,634,561,556,790,1292,696,796,1337,1064,542,534,1348,526,606,768,791,1258,1067,707,1153,550,826,574,1193,805,1112,464,1037,902,903,513,1233,824,1021,860,732,1281,1271,1270,1156,978,812,822,581,1101,1204,794,634,411,557,574,523,748,429,801,781,415,613,919,554,608,1122,783,1311,1123,693,684,536,624,787,638,1278,480,1004,775,839,1077,594,821,561,826,488,1154,691,636,431,557,562,518,1246,1629,475,976,535,1010,745,471,706,535,763,797,1227,1019,784,1140,1233,797,1147,954,768,1265
615,479,469,602,477,597,833,434,598,819,368,346,798,788,569,452,650,854,496,363,378,492,393,616,472,560,696,828,705,637,755,515,810,487,387,471,520,740,521,390,551,553,373,735,587,831,637,371,355,458,666,658,620,460,650,814,611,442,456,583,665,542,463,614,726,791,392,359,412,431,428,558,834,621,387,468,702,793,490,531,433,776,578,511,588,387,465,663,672,659,482,630,705,486,500,582,466,798,805,637,512,436,777,433,323,343,769,745,425,779,356,763,535,738
can we have a menu please.
he's so amazing.
626,366,967,816,450,566,765,969,406,741,531,782,415,775,1101,535,923,1011,715,1298,1237,563,408,566,552,1218,1582,904,542,1407,527,773,536,1344,780,409,1112,467,503,1190,980,792,1270
716,709,791,826,469,443,779,569,633,719,497,831,628,845,717,482,752,433,818,441,593,484,631,664,469,762,492,642,490,557,654,879,627,405,845,646,758,681,804,369,744,560,704
the cast was awesome so it was well worth it.
in other words it never reaches the zenith, a point directly overhead.
810,1005,575,760,649,401,563,826,823,469,431,559,799,451,445,563,483,1254,1057,559,762,537,777,1146,759,803,518,452,561,465,820,493,561,1306,1297,801,489,1254,718,789,978,821,1192,719,1197,1559,1178,999,827,820,991,581,714,795,836,479,1242,762,620,519,813,1209,815,868,1002,593,709,573,687,786,656,556,395,573,919,493,486,716,718,990,497,726,495,500,923,1035,693,866,1139,751,372,729,1382,1257,1165,976,732,778,573,701,628,509,617,773,1261,919,865,1312,720,495,626,904,498,338,563,1218
502,540,477,798,657,665,585,448,724,438,626,604,823,585,449,480,681,435,787,414,788,644,832,393,486,787,480,618,619,667,807,437,386,566,567,761,445,400,461,448,542,741,406,464,684,542,399,783,769,530,506,454,434,465,783,443,377,460,593,575,781,378,457,750,739,449,714,502,500,766,450,443,572,635,549,471,618,791,504,522,499,813,757,462,760,404,434,604,747,829,632,818,333,340,270,668,487,777,647,476,430,426,688,433,497,472,752,405,730,426,482,532,424,601,627,720
where is the airport.
469,947,487,598,496,696,1165,466,704,752,1108,598,773,441,1159,689,1337,1209,542,653,1232
455,541,473,494,455,753,428,642,842,441,489,431,748,597,347,468,456,411,426,436,683
how lucky are they
i still love my kindle.
873,1283,463,697,1308,1110,625,1185,864,824,407,666,557,767,792,959,576,869,863,1200,775,554,822,1161,1294,1302,777,1301,1275,748,519,726,1085,869,882,1190,1163,981,594,1259,536,1232
615,393,467,828,527,321,728,553,466,805,637,536,482,780,517,559,485,521,789,375,781,599,469,401,534,570,794,587,452,740,527,805,707,485,766,567,428,764,657,606,502,716
cheney and bush are the real culprits.
621,944,532,943,585,826,833,422,986,591,731,745,1016,482,900,713,423,621,522,739,734,938,559,754,675,547,406,1190,821,584,1015,1231,1295,678,1090,749,499,1250
684,551,499,814,493,505,786,635,801,637,868,781,414,692,571,879,676,554,532,806,533,575,486,813,538,502,665,572,785,697,406,525,446,479,430,496,630,721
i don't have any money.
1159,829,593,1254,990,1399,772,808,980,432,739,535,725,414,843,864,1076,1240,1362,985,563,810,1239
380,809,656,431,770,591,476,773,597,691,768,585,865,664,546,808,747,459,356,739,469,472,712
i'm not american.
1204,1405,1155,760,1145,1333,764,836,450,1081,535,714,1187,630,405,958,1262
396,569,717,779,767,444,442,746,631,764,517,526,422,697,658,753,750
contracts with utilities will be signed starting next month, he said.
what do you want to do.
597,1311,1036,785,673,338,599,756,492,746,437,1174,739,976,751,1063,690,1148,1288,1189,710,1175,517,509,740,429,1122,1227,1216,713,745,460,654,422,1135,753,924,504,537,719,429,737,395,649,686,1170,983,736,755,939,471,548,711,703,1040,1203,926,713,881,1106,691,931,466,703,463,387,1109,524,1186,1590,399,950,390,726,746,548,1280,774,852,1206,1022,757,433,952,415,714,764,691,1256,752,552,1216,1169
724,397,753,524,513,684,705,483,634,884,493,429,498,587,784,408,489,407,593,451,439,402,472,620,850,467,448,509,541,820,748,516,804,656,425,637,806,485,659,923,640,484,582,469,483,387,769,595,816,760,469,723,482,808,709,461,761,500,591,703,814,551,481,813,623,681,387,601,703,474,472,571,612,500,754,692,365,753,454,372,385,782,488,722,587,473,749,495,372,772,637,407,781
when did you arrive in boston.
that's not fair.
479,989,548,938,746,601,1206,556,736,833,1260,1050,744,416,686,682,1142,728,523,1173,953,1077,790,775,1249,501,783,1183,992,1256,1606,739,1012,423,769,1497,526,733,1010,1282,745,806,635,365,1135,656,1284
447,576,467,827,819,702,403,645,848,468,393,415,824,666,556,557,373,770,553,440,793,729,804,722,374,582,414,376,736,729,500,493,538,568,468,528,590,818,741,441,491,770,645,644,370,481,741
when does the bank open.
425,988,517,920,724,595,1274,495,454,731,755,959,515,722,779,341,912,1130,735,1288,1460,1036,521,1255
428,551,441,783,805,687,410,487,630,824,488,526,505,821,757,673,762,534,837,402,388,669,463,710
i am furious with time warner and their phone promotions.
1192,748,402,1063,704,655,1065,640,1126,1197,978,472,737,469,1140,760,944,807,760,1139,1003,506,703,410,376,613,972,490,600,703,388,969,559,714,726,932,511,1074,627,725,1296,921,1171,916,496,723,1289,613,1241,1024,1232,693,1062,1260,949,453,1229
356,774,643,754,854,640,390,488,382,339,324,634,844,449,391,482,532,745,520,348,678,500,814,461,619,497,729,497,522,795,640,712,616,857,526,548,476,396,526,819,410,551,422,721,487,813,466,490,421,721,454,479,399,416,732,646,776
i loved the night at the museum.
1179,773,1247,1232,708,483,595,681,696,954,514,718,928,1120,778,925,744,790,377,724,761,717,918,536,737,942,956,452,497,957,988,1164
367,770,578,434,743,473,662,866,514,580,478,795,772,426,664,612,508,788,638,543,791,541,559,496,816,736,385,653,470,396,695,768
about three hundred kilometers.
416,815,1236,1025,754,781,728,956,616,518,532,754,787,1057,962,616,674,558,592,708,1136,1106,1209,1250,1039,587,799,538,637,490,1266
633,749,374,392,487,801,527,555,512,474,467,815,587,377,748,657,469,493,687,871,535,390,519,439,719,443,472,466,479,593,708
where can i exchange u.s. dollars.
462,982,588,697,573,749,596,366,972,758,1175,759,534,515,562,1065,361,923,728,516,713,1050,1123,500,1184,710,580,1287,1290,1276,404,632,450,1234
461,564,386,454,408,743,634,598,715,832,405,805,520,756,732,448,534,744,580,476,786,387,768,595,749,825,621,416,558,580,621,500,633,752
should've mentioned i worked on the mustang with my dad.
484,977,1234,1062,1223,552,1453,751,479,704,1014,491,950,716,1140,1280,948,477,532,678,1167,711,395,1263,624,1091,465,525,690,1280,994,748,706,1035,508,736,1051,1050,475,731,390,961,696,724,421,1210,745,980,785,1047,852,865,571,395,604,1162
655,566,330,279,601,651,549,793,481,840,733,489,839,526,366,419,752,503,627,911,385,806,512,420,517,615,446,645,894,425,721,788,500,543,472,793,685,361,647,435,564,744,640,842,429,355,461,559,737,741,472,775,649,625,616,750
it rained very hard today.
1176,751,795,675,411,1216,986,490,575,739,544,474,606,852,819,933,325,640,540,701,775,1279,539,367,794,1288
372,463,745,525,633,362,733,466,676,843,769,512,484,473,771,609,621,502,633,837,476,389,688,639,503,744
this dentist's office is cold.
for grover cleveland there were no longer enemies to traduce and vilify.
768,978,1097,505,709,578,495,955,725,1119,439,730,1310,468,736,1315,605,607,1107,542,454,705,1151,452,565,1261,1256,1285,557,1251,1533,659,1260,632,738,667,608,1223,686,495,685,567,528,1312,474,609,461,1310,337,950,486,645,655,980,480,569,477,663,369,468,554,456,618,941,1175,652,1174,1156,911,707,477,553,637,468,952,456,1129,1173,495,452,699,686,1233,715,670,582,326,524,1000,533,447,658,338,956,499,648,616,1094,1205,1093,635,748,1257
454,561,415,662,849,682,519,800,546,444,629,540,600,644,876,413,657,660,438,809,607,855,504,675,768,433,593,594,597,794,562,631,470,572,872,579,527,411,867,588,867,797,791,585,572,870,613,588,719,781,708,907,620,608,595,621,589,890,583,556,587,548,844,798,499,877,637,526,782,721,626,627,883,612,782,546,783,502,563,683,921,581,483,817,598,563,698,693,395,753,625,824,673,735,655,871,759,390,453,374,607,519,730
everything is fine.
i'm self employed.
486,624,440,584,810,692,920,1102,932,740,776,1092,437,729,620,1092,1010,491,1263,1490,1292,1413,1129,683,458,496,1226,615,521,452,1023,1313,1201,1184,739,487,547,1175
498,786,540,509,514,521,633,386,746,650,881,447,655,901,644,436,703,553,772,524,532,553,779,852,675,531,563,626,530,558,724,462,621,487,558,538,711,768
we should use that money for all the programs that support the unemployed.
407,512,673,408,887,1124,929,1136,511,685,992,472,540,733,708,868,366,709,745,956,1173,906,535,774,768,611,1209,601,724,346,1176,1167,787,738,874,518,730,1220,650,1152,745,634,374,995,484,708,885,364,725,768,725,488,945,1254,1257,1158,626,736,745,715,910,531,733,986,921,525,996,1285,1176,1167,812,538,563,1132
553,542,843,560,643,456,479,658,652,885,467,709,599,870,596,635,671,620,871,789,518,798,568,592,860,670,474,597,923,712,616,625,852,602,672,580,897,537,607,501,688,600,695,761,686,606,648,664,596,861,901,681,482,457,463,466,589,579,833,580,632,538,868,481,803,546,751,487,636,525,600,532,675,776
her jocund laugh and merry voice, indeed, first attracted my attention.
728,485,576,680,963,1161,564,978,927,528,693,1175,369,949,752,879,728,360,865,542,724,965,518,700,699,851,778,732,1176,1113,540,442,1044,697,1111,1041,536,491,481,513,980,684,568,1086,620,410,683,737,348,702,703,615,326,529,699,420,482,635,1070,820,799,332,646,656,450,975,669,1105,1228,938,1183
659,545,579,843,610,444,720,486,793,716,887,568,711,449,660,614,884,688,773,688,895,758,576,587,589,579,865,787,484,435,786,604,759,882,454,723,715,596,591,675,762,915,706,450,625,681,578,846,633,530,522,501,650,723,504,520,670,810,666,512,763,614,524,533,503,742,488,423,448,730,756
but despite racking up world titles, olympic gold was eluding him.
833,1037,722,796,567,475,450,1336,1096,708,538,741,644,370,558,1121,1122,970,782,776,731,1282,737,399,1262,665,1326,568,683,710,1146,695,1274,496,420,1059,701,1240,1253,825,1127,1396,1189,527,612,718,1294,1256,524,696,413,350,467,717,497,1267,1068,599,954,757,762,736,1125,1099,1278,1397
723,384,487,771,680,547,674,379,372,526,490,814,543,629,729,525,385,727,615,842,541,310,791,502,415,512,536,588,844,486,399,565,528,521,632,714,829,409,495,504,698,371,339,724,853,643,395,572,680,886,545,670,686,888,526,587,376,682,739,658,861,644,382,673,722,775
hurry.
going to see star trek soon with my dad.
817,1013,675,682,909,1280,757,815,1287,1167,939,808,836,778,1262,798,528,527,542,752,512,750,455,698,824,784,693,518,1140,721,432,1262,1256,989,763,459,1135,746,927,790,1050,881,873,580,403,626,1229
594,361,524,513,525,703,865,654,435,369,722,616,827,522,432,793,675,526,514,814,623,503,592,472,790,506,518,531,532,847,513,404,427,729,863,558,442,541,543,792,674,520,811,651,653,633,666
waiter.
would you take a message please.
490,424,1161,707,524,625,1222,1590,387,1280,1082,1251,557,789,805,1243,1062,782,758,444,1194,543,759,405,747,1102,501,498,514,415,853,564,751,1369,1272,535,421,509,544,1262
454,606,373,493,497,511,698,443,491,348,336,540,617,707,457,319,302,769,467,562,534,472,801,619,814,643,480,638,642,664,574,457,788,347,496,478,689,650,512,702
i can't watch tv.
back when i worked for nike we had one fav word.
1188,745,585,357,1042,1362,801,763,491,435,758,557,950,779,802,765,1231,1525,820,393,575,1182,706,412,985,491,940,737,1203,722,426,1287,666,1145,494,578,732,695,1300,655,806,993,1138,1142,507,738,384,494,697,943,339,542,697,1272,969,492,724,630,339,530,722,402,1264,636,513,1330
359,776,708,611,740,569,496,824,467,585,501,739,551,810,473,744,771,529,774,666,787,539,861,508,586,510,810,833,422,862,524,470,527,638,548,689,908,615,423,526,836,819,424,642,567,867,486,467,815,557,659,671,906,433,718,524,846,668,673,735,835,537,400,515,687,716
my dvr just died and i was only half way through the ea presser.
1066,849,828,516,680,648,767,684,1193,502,776,801,573,1206,521,557,700,366,1051,546,686,1208,699,446,390,513,717,1311,1022,1260,841,827,990,396,1280,644,721,452,425,792,806,767,979,688,1191,1007,787,943,782,765,1056,535,771,507,373,710,1310,643,520,487,511,520,625,1194
674,494,782,631,788,543,828,605,311,578,534,778,682,400,550,688,826,666,668,627,872,332,800,531,648,672,896,368,665,504,483,766,536,643,519,618,839,519,651,511,807,562,576,490,346,359,668,611,845,497,525,497,820,473,644,830,430,540,437,630,639,510,526,748
great stanford course.
814,654,525,383,765,789,470,751,385,964,627,1227,658,527,608,605,1229,1079,695,518,528,1225
682,547,519,627,559,805,667,527,604,750,693,493,551,682,885,757,393,347,545,693,558,743
colin powell rocked yesterday on cbs.
547,1268,1297,1174,999,734,1396,1308,448,537,1288,1284,717,682,1258,581,1156,502,622,745,827,548,519,766,557,658,554,393,756,809,1282,1036,712,607,764,460,1273
725,402,584,409,740,837,429,423,544,500,596,601,849,561,433,772,615,551,771,901,556,502,585,505,501,542,690,673,534,792,468,758,843,788,793,695,747
a one way ticket.
404,795,1288,951,506,738,459,407,799,811,718,1178,547,1151,473,747,1237
644,861,415,783,527,837,557,654,564,818,557,455,762,597,551,522,786
when does the bank open.
459,959,529,945,716,583,1306,520,486,739,738,1000,516,744,806,371,1040,1204,706,1194,1320,518,988,1204
528,587,528,804,847,674,430,478,716,848,547,587,535,851,805,668,737,596,837,462,429,516,792,782
thanks for making it available to the public.
684,965,326,952,1152,463,742,637,1243,640,770,1082,376,1152,1128,948,740,380,1114,626,708,330,693,302,1094,1196,365,733,1241,452,721,694,1276,771,708,954,521,734,1290,1032,841,1211,1105,571,1195
544,639,586,838,601,696,906,623,449,546,864,794,704,592,415,721,612,676,461,559,879,715,836,743,444,537,728,864,610,573,902,481,466,783,514,542,489,817,491,352,787,582,412,736,728
but though he listened he was not convinced.
762,1044,711,790,730,911,1123,975,778,899,780,839,577,759,1206,1094,492,739,504,965,465,522,944,453,688,415,364,484,694,781,1025,1254,751,809,604,1296,1080,785,1198,996,615,479,555,1211
797,377,558,808,534,562,395,330,670,657,853,691,552,844,559,426,599,464,501,758,515,671,583,521,906,541,682,708,915,807,746,471,520,783,738,399,793,773,313,758,813,537,691,738
let's go have a look.
i hope you and your wife have a nice trip.
1262,523,755,1377,447,698,766,1266,782,962,411,757,547,714,366,772,1304,1288,1288,1165,1249,1553,1211,751,1167,1326,1421,509,762,894,1283,1087,800,414,1012,605,751,857,1287,1099,722,832,466,1172,783,520,748,996,409,742,517,723,364,738,926,1152,608,492,721,798,711,1186,1360,1249
565,468,504,628,650,887,677,406,872,584,690,801,591,817,649,813,601,416,422,586,740,462,386,842,540,309,364,498,870,496,330,325,820,639,735,620,919,464,359,346,505,824,484,370,675,507,820,562,663,757,542,857,645,890,770,396,759,564,849,582,559,416,429,647
how much does this cost.
naive bayes using em for text classification.
1024,1238,482,792,1144,1077,621,969,718,593,1241,527,508,775,783,949,1097,461,734,555,1240,431,753,1203,1517,987,360,1086,689,474,716,782,401,801,490,500,761,1089,528,1153,953,792,813,528,1114,694,595,1315,672,808,741,527,550,767,791,548,1283,339,501,511,1154,625,1143,536,359,741,1102,1257,921,1187
584,483,490,848,753,390,762,608,888,639,430,507,619,883,504,551,361,695,894,834,360,748,563,754,451,744,638,389,814,578,846,796,656,499,502,615,892,362,712,349,712,617,847,514,737,858,655,323,519,830,496,482,783,520,787,738,538,665,680,703,387,611,411,763,607,445,392,394,825,781
which one do you want.
429,964,1110,582,902,728,1295,947,495,738,545,1188,778,876,1205,989,748,428,387,917,709,1210
472,584,386,786,627,831,433,814,482,861,727,450,844,521,351,364,884,474,688,750,531,749
the arab league has already suspended syria and imposed economic sanctions.
733,929,549,753,438,703,431,785,758,1271,523,374,780,1021,521,755,940,379,502,752,397,1257,662,572,449,607,829,848,490,988,505,1383,524,997,567,506,564,716,478,827,693,1147,350,734,401,967,535,747,1146,1038,1319,1193,521,523,580,754,507,548,1225,984,1226,1080,1139,580,659,441,354,965,551,700,1123,1280,971,462,1296
493,551,543,868,676,546,674,790,887,583,531,705,672,401,563,875,592,683,651,904,690,574,512,488,643,690,533,837,685,419,684,398,467,771,699,520,690,861,657,482,536,357,661,855,680,786,680,944,448,745,469,440,696,548,696,897,542,786,408,800,483,747,477,748,910,670,664,747,783,501,385,474,838,659,753
do you know where i can get a taxi.
577,1357,764,801,1225,1077,723,1193,1015,1303,482,777,479,940,549,663,566,750,1167,770,585,370,974,788,521,740,820,414,796,757,388,590,1125,1227,1223
636,333,867,520,377,336,805,555,762,447,500,842,522,608,517,510,475,786,365,846,726,627,691,663,521,504,781,616,836,531,608,717,423,335,713
i'm lost.
in other words, the rejection was a bureaucratic, procedural decision.
1203,1418,1209,788,1289,1361,557,789,1248,1580,1298,1055,830,1318,791,792,969,565,641,761,459,1248,670,572,471,799,779,1008,550,772,689,535,804,542,599,724,1107,1284,927,769,449,409,497,728,386,760,756,1006,659,511,398,1014,587,679,379,766,1156,539,1073,725,1357,612,1271,550,448,528,1050,632,384,1278,690,534,448,451,1126,415,1088,1253,955,1211
386,550,733,847,593,408,598,533,756,500,347,709,788,376,517,741,543,477,520,779,481,418,521,652,638,759,533,529,477,791,523,491,603,482,725,462,383,392,770,829,491,621,671,849,621,836,715,367,506,499,647,305,712,501,599,436,345,740,698,825,400,512,378,759,541,697,370,510,627,635,844,677,550,781,352,626,324,327,656,695
i love the lakers.
it's suppose to rain tomorrow.
1193,775,1255,1295,625,492,725,751,491,1243,772,1316,440,1256,521,634,500,1263,1569,1240,720,1311,508,783,520,1101,1383,1406,1312,542,583,799,775,1311,827,713,446,1230,1011,819,754,1303,1124,1362,684,705,1366,474,1300
312,792,532,401,748,517,782,541,526,573,839,576,605,526,430,499,656,731,446,347,433,542,641,882,685,341,375,377,371,668,522,824,530,489,806,512,639,402,762,815,523,382,695,396,485,502,364,472,723
it's a good school.
1172,728,1455,517,793,429,775,821,1344,1351,590,709,542,557,962,1288,1318,1281,1298
388,473,597,615,869,635,840,660,397,404,692,882,640,783,579,438,430,564,718
the river is a perpetual enjoyment, always something going on.
752,979,492,707,703,1206,616,442,538,701,1129,428,735,338,700,1373,470,556,1381,470,676,1054,326,1195,764,453,937,958,1227,783,1095,487,982,745,1190,731,330,1271,439,392,787,449,737,463,1257,1092,501,772,966,1092,914,766,761,786,1313,1251,984,747,761,1257,971,1232
478,572,549,852,517,446,829,520,534,862,397,551,873,653,887,401,478,506,492,500,464,327,651,546,774,513,710,459,265,436,714,506,744,485,721,826,645,503,454,590,454,639,873,638,364,678,463,503,472,351,764,591,800,622,359,269,637,568,781,330,658,695
i'll call you when i leave.
1182,1448,1326,1327,764,391,1390,1400,1478,762,822,1294,1110,775,448,1093,533,1026,791,1242,808,1297,494,387,624,460,1303
344,536,529,531,814,652,521,537,516,826,470,373,348,802,494,504,417,725,777,322,719,549,455,627,767,540,730
i'm full.
really.
1368,1497,1178,741,629,1038,1333,1354,1310,1551,690,543,390,1268,1256,879,1297
514,548,742,831,668,330,479,507,708,507,502,520,674,594,600,464,769
i am happy for philip being at googleio today.
i like to watch tv.
1202,744,387,1118,756,992,336,1342,1329,861,823,639,1288,636,774,1487,1023,1167,1370,1223,1534,702,786,480,1243,1008,758,783,364,722,790,800,1277,1293,722,1259,503,1115,1319,731,714,1267,547,360,801,1278,1545,1186,716,1356,1256,1222,472,759,738,1293,768,431,367,707,521,867,705,705,550,1188
377,791,657,741,890,599,670,469,462,504,810,656,451,561,875,396,581,360,543,347,386,797,745,500,339,751,551,809,611,487,774,639,342,350,653,590,494,372,428,811,485,410,695,588,472,746,467,348,789,513,358,494,493,816,487,412,785,502,622,465,734,528,834,473,789,733
i've been here for two days.
1179,1323,685,459,699,797,461,451,982,678,686,1256,518,434,668,590,1278,601,693,692,394,1260,679,505,350,782,430,1236
372,528,772,502,868,800,544,552,754,841,655,424,580,531,819,688,432,593,875,487,545,395,909,707,693,525,659,757
be careful driving.
783,488,706,501,293,629,456,561,1013,1249,711,448,580,1155,686,1152,940,692,1220
767,549,896,752,716,549,500,657,394,552,841,709,566,444,860,459,777,619,771
i love dwight howard's vitamin water commercial.
1216,764,1284,1281,659,447,542,374,1167,743,947,742,805,987,726,1310,440,420,647,500,1459,452,721,595,1223,703,393,1084,1165,935,738,467,379,674,493,568,673,525,1293,1105,1100,486,586,485,275,1259,1323,1407
390,823,609,450,844,583,693,565,390,701,627,524,793,600,594,407,482,636,531,636,578,636,855,763,392,482,583,703,368,736,864,522,590,533,484,519,783,728,403,705,746,466,489,766,620,519,707,746
now i can see why dave winer screams about lack of twitter api.
1013,1246,404,744,1165,688,515,309,942,678,436,452,459,636,369,941,758,706,508,307,621,467,633,370,1115,925,437,521,666,395,467,568,460,303,979,426,663,314,678,1191,989,658,731,1343,352,532,1205,678,1270,564,695,669,377,1168,707,720,500,593,687,376,1333,1148,1221
724,468,485,808,428,834,715,636,788,865,685,520,517,799,531,576,502,806,674,690,798,596,901,541,384,754,519,532,831,661,725,523,501,646,767,699,897,687,790,367,383,442,772,555,625,740,591,834,426,630,832,477,422,383,428,454,436,483,761,601,350,296,641
i'm listening to the music by danny gokey.
1357,1429,1183,758,1356,1242,475,749,440,981,1204,1089,741,766,690,1257,781,705,955,521,783,1058,1055,408,1092,542,634,802,821,828,551,346,1075,1046,844,726,734,1292,1111,484,791,1256
317,499,711,803,504,372,629,445,484,759,367,655,582,841,490,414,798,498,551,507,827,719,329,655,342,715,907,710,439,792,623,644,746,768,510,837,659,354,637,527,519,759
who wins.
today is a good day.
438,992,1272,710,448,1173,989,455,1249,1541,738,1323,550,367,798,809,1195,467,760,371,737,733,1298,1303,503,720,557,381,768,1243
457,573,394,847,495,392,799,703,759,469,480,424,654,618,493,782,373,550,858,617,829,684,401,383,673,912,660,660,524,709
i'm very well, thank you.
1216,1423,1189,755,692,484,621,866,812,414,516,1292,1300,1116,774,769,1015,404,941,1200,736,802,1200,1060,1220
380,590,722,815,752,505,486,472,764,498,512,509,509,680,814,525,550,627,729,567,835,500,413,370,764
awesome come back from business.
dear nike, stop with the fly wire.
404,474,520,464,1296,1080,501,711,581,1304,1101,528,718,759,378,555,1203,698,649,1328,625,1111,734,745,1065,459,1155,969,484,502,492,1209,1568,547,468,370,613,745,1083,1238,1156,459,1054,654,432,717,1229,1341,703,435,1170,718,977,759,710,961,495,709,620,1220,788,769,405,1271,585,1258,1257
645,511,495,703,414,704,483,839,707,420,757,497,853,742,666,761,501,867,619,386,533,712,862,775,403,694,386,723,510,645,663,773,467,670,513,638,527,843,716,371,653,534,789,858,644,500,454,412,844,522,411,511,580,794,538,551,517,844,642,555,528,829,458,296,464,771,761
check this video out.
512,992,445,432,1193,591,627,1068,1209,462,696,632,1166,484,463,1287,631,1212,1025,700,1235
796,529,497,824,524,918,541,502,351,640,899,786,415,710,538,420,875,294,320,477,712
just started playing major league baseball.
996,997,478,761,816,486,709,435,681,759,560,579,726,1359,1248,420,865,1172,948,768,770,1080,395,985,1192,640,733,1232,484,358,727,984,485,720,705,345,488,467,693,332,1222,1220,1228
587,339,599,500,747,615,541,603,492,502,484,616,893,389,541,602,486,394,788,606,843,662,667,569,422,535,842,569,523,677,669,376,544,839,761,717,692,550,820,673,570,570,684
the commercials alone on espn are going to drive me nuts.
711,941,526,723,535,1213,1045,1042,473,636,526,1111,331,1193,473,713,350,1168,1189,942,459,682,1245,965,686,481,429,1286,919,693,365,595,500,692,751,1355,1240,964,744,770,700,1378,726,510,593,1108,628,451,667,1057,447,689,932,1029,656,443,1227
524,622,528,852,760,406,743,781,531,546,796,436,674,560,661,918,711,588,419,754,568,896,476,715,852,524,644,421,709,842,673,568,535,844,646,413,359,771,666,826,567,343,854,687,548,403,795,608,888,722,575,888,761,364,573,642,772
nothing makes you feel like more of an idiot than lambda calculus.
i was just told that nike layoffs started today.
1073,1266,707,930,1120,889,730,730,1060,387,1114,467,453,702,789,1195,993,771,608,525,1217,1223,761,1187,1111,1114,470,705,1083,1234,627,432,694,1277,608,697,367,933,713,1139,528,1247,1527,668,738,680,940,936,750,1269,1339,305,1097,725,489,326,676,507,287,1211,499,1028,1230,1047,406,1208,1563,1167,717,471,421,525,712,1117,1131,511,764,827,776,1347,1335,558,725,1137,438,783,804,743,1046,1214,1165,525,751,1254,423,863,1299,589,605,459,480,470,745,432,652,725,540,557,715,726,1294,554,382,783,1239
761,414,516,591,393,791,653,886,732,680,563,555,690,917,537,368,393,846,672,510,611,600,882,632,424,595,560,876,765,465,608,558,887,476,670,895,658,783,868,427,699,446,276,523,819,542,564,769,844,571,600,618,764,790,685,690,873,787,733,577,769,400,544,378,687,715,495,361,851,572,672,693,890,540,349,630,548,763,548,373,570,656,891,584,587,521,788,816,747,443,599,532,849,617,650,531,465,668,663,683,676,598,521,609,508,536,488,639,885,517,422,687,626,493,743
numerous innovators are also worrying away at this nexus of problems.
1015,1080,1022,516,648,1164,968,517,663,1124,935,929,1381,592,369,731,1263,613,445,730,330,555,458,664,320,1203,424,1257,699,389,1250,639,621,766,1172,953,763,772,376,441,392,774,792,393,747,819,740,950,1117,462,723,970,480,518,1000,444,768,1245,572,680,1379,626,1336,797,1243,497,995,464,1227
778,447,786,542,582,435,453,725,915,484,769,790,390,729,645,503,402,559,697,913,708,601,567,871,684,581,715,431,914,538,459,550,544,557,393,802,655,879,695,535,665,509,851,628,537,795,549,562,399,680,910,814,557,796,390,730,884,410,702,887,449,510,435,818,611,569,780,688,790
lets go lakers.
1227,519,728,500,757,732,1288,754,1244,1144,1236,496,601,498,1269
623,548,551,672,914,685,442,885,632,618,546,546,543,664,759
can i take a message.
549,298,984,712,1199,751,719,395,1181,496,731,393,715,1053,515,472,479,380,728,512,1187
728,692,795,850,409,817,542,672,591,558,865,683,896,751,544,707,706,734,712,583,790
have to brush well in the morning.
982,406,736,546,763,732,1278,806,769,709,1026,498,758,472,535,507,1293,1272,733,1170,994,780,732,931,526,751,1042,1252,608,943,1131,936,743,1189
555,703,825,551,861,559,489,837,764,567,394,671,903,561,559,505,615,617,841,428,732,807,571,532,524,843,760,434,507,817,464,743,624,777
how much money do you make.
791,1272,428,753,1080,1048,520,907,697,1084,1267,922,518,775,844,536,1312,737,757,1219,1049,716,1037,386,1122,497,1221
626,488,532,852,796,426,799,598,887,773,415,779,542,561,839,682,444,873,521,385,380,845,768,651,583,537,779
getting really good.
783,546,711,710,1173,967,767,809,650,539,407,1370,1347,851,863,828,1303,1279,542,1290
614,489,521,532,424,796,646,880,553,543,683,539,563,513,802,668,454,455,537,724
i was talking to this guy last night and he was telling me that he is a die hard spurs fan.
1165,787,471,445,526,773,741,416,1275,1189,1181,1008,798,820,766,1258,811,753,955,1111,510,791,802,1053,855,800,1274,423,548,801,828,964,1172,813,945,790,825,414,989,591,740,939,522,755,473,424,533,783,749,566,1267,1255,1175,1001,804,823,1084,578,778,775,1015,446,767,807,999,520,759,1144,516,756,406,769,632,1180,567,781,1005,409,657,577,738,512,1319,1047,671,476,750,625,389,997,1196
433,855,525,693,690,903,583,628,614,617,393,779,639,853,571,476,833,576,612,448,645,888,672,404,526,825,577,657,626,520,799,731,383,649,601,505,770,649,766,640,898,579,511,882,548,661,652,890,532,526,530,528,390,705,639,870,664,512,834,525,579,611,557,799,599,482,802,449,676,866,672,850,664,441,546,842,621,687,576,689,939,680,441,382,545,709,923,636,640,751,763
what time did you go to sleep.
521,1008,460,791,839,779,1191,1061,547,747,609,1184,587,761,856,1248,1081,795,799,1258,809,773,1288,828,512,1243,548,529,1363,1186
491,542,576,503,776,530,390,744,540,865,688,417,712,885,794,407,417,795,654,488,813,524,489,812,658,614,516,526,483,761
i'm self employed.
hello.
1234,1420,1210,789,564,558,1301,695,773,560,1097,1412,1306,1352,795,557,620,1179,775,850,534,1232,1216,1333,1259
564,621,798,851,676,512,562,632,877,541,758,444,495,423,539,492,611,755,841,666,532,602,625,474,769
he was industrious but improvident.
854,587,791,504,461,590,821,1153,972,638,1024,548,768,692,1125,1182,998,547,824,856,1039,733,794,1166,1082,1334,693,1231,831,1135,623,587,963,772,1183
659,538,866,561,673,673,878,461,759,658,438,658,541,539,467,397,451,626,875,747,444,534,829,449,710,463,525,468,733,459,674,556,779,565,761
i don't have any money.
1176,792,663,1296,1003,1337,792,856,979,759,572,775,413,1015,844,864,1111,1290,1036,577,833,1231,1209
420,856,692,450,779,570,537,848,596,734,546,879,659,730,560,841,744,490,769,538,546,747,784
the cars are american.
751,1007,575,714,618,385,630,506,780,414,628,515,725,377,1029,520,651,1228,614,375,1000,1237
576,638,531,849,698,669,573,689,890,688,588,558,869,675,752,557,586,468,699,643,714,746
please call me.
1398,1235,573,452,573,556,753,622,409,1259,1252,771,1068,541,1227
454,621,577,681,698,567,870,685,675,550,561,884,711,568,756
he's so amazing.
here it is.
801,527,1320,534,791,537,1314,770,430,1094,422,525,1150,978,745,1197,1543,782,516,608,533,741,1192,728,789,1204,516,1225
675,556,609,690,914,662,467,891,696,704,689,808,461,774,676,767,516,680,536,573,540,862,429,570,870,439,628,771
my name is john smith.
awesome come back from business.
1112,922,863,1045,435,1114,519,377,1220,510,846,1111,1323,887,1047,831,536,1149,1176,788,989,1237,1578,426,467,526,482,1340,1118,539,703,560,1318,1123,571,749,809,417,591,1261,707,730,697,1333,1139,753,788,1086,498,1190,1014,534,493,514,1347
770,559,847,779,676,756,564,1048,373,633,902,595,419,654,760,870,671,731,465,486,614,769,505,666,475,519,659,436,743,481,838,748,443,734,508,832,790,673,801,535,905,634,579,408,784,884,820,379,742,395,773,536,703,725,767
i can't watch tv.
1294,734,598,405,1032,1468,839,742,467,415,766,487,956,695,798,623,1255
366,911,810,675,786,582,510,888,555,618,526,832,611,896,555,814,758
