i'm full.
it's a bank holiday, yet i'm only out of work now.
1205,1485,1210,1039,891,1128,1332,1313,1416,1737,1258,1053,1512,636,1078,550,1047,1099,562,1199,1338,1092,1000,1348,1355,1227,814,609,1024,1363,1142,985,776,1109,1148,1170,1509,662,1120,1308,1133,1370,1026,1131,1325,1162,1014,1114,1337,878,1122,661,1342,821,1254,1093,1106,1334,660,1416
682,797,938,997,852,734,831,824,951,804,723,735,825,851,988,861,1029,923,847,931,842,1042,860,741,848,721,853,882,736,935,1014,747,735,716,1010,723,814,840,993,738,925,807,738,1009,722,744,735,997,726,846,1012,754,716,737,844,1021,939,742,742,932
if only certain puzzles could be solved by dint of sheer hard thinking.
my exam went good.
1249,843,1108,1404,1118,1388,985,1115,832,738,888,974,610,1272,1160,1107,1442,1201,627,623,1335,765,693,1079,859,1322,1155,1347,782,1086,964,755,1064,658,1309,1307,886,739,749,1117,1119,972,1105,767,1235,1134,918,1108,1348,843,1087,676,1029,745,753,836,1100,1076,601,830,714,1099,957,1081,1217,1134,1275,1225,1130,971,1443,1745,1238,982,1101,775,728,621,1252,1118,674,820,1157,983,1126,983,1391,1399,792,1468
684,844,1007,674,922,814,729,1025,955,719,717,718,818,705,917,1043,704,712,942,942,810,708,829,996,959,715,717,819,838,996,940,742,1027,843,705,841,966,757,839,1026,914,709,1016,811,722,924,707,1002,679,829,1002,809,798,732,723,727,1018,809,834,731,799,1020,734,841,709,943,826,743,929,840,953,810,958,728,1019,705,920,810,933,1030,724,736,962,741,1028,840,686,683,839,926
but the flames grew too large, compelling firefighters to call off the rescue.
996,1155,916,1117,990,1119,797,1105,901,1347,611,1237,765,693,1131,974,853,781,669,1098,984,1361,1368,1132,1384,642,890,951,758,1356,1151,876,1363,1263,1466,797,1377,1377,1299,1187,1013,1148,893,1308,863,773,898,1306,966,1128,979,767,872,675,1103,941,1340,1122,843,599,1342,1339,1107,1340,837,835,1067,913,1080,755,1084,797,741,648,817,1132,743,1433
955,711,718,1009,734,811,732,1007,865,841,844,950,756,837,1018,857,740,734,736,1030,731,715,717,969,823,832,731,849,717,955,1015,932,730,955,732,722,836,847,738,903,829,1019,844,750,759,742,846,724,838,830,738,721,735,817,989,751,754,1005,987,856,874,871,1020,734,859,864,1033,765,831,745,1036,751,737,840,969,750,746,947
he was industrious but improvident.
1046,700,1044,1058,560,627,1028,1199,1100,735,1111,642,888,769,1238,1332,1132,647,1064,1052,1230,849,1084,1247,1226,1412,801,1309,867,1222,757,739,1100,918,1453
864,755,1041,834,859,854,1021,726,961,846,751,861,770,743,744,759,740,818,1014,916,711,735,1004,725,939,738,748,731,961,717,827,746,932,749,947
affliction is allayed, grief subsides, sorrow is soothed, distress is mitigated.
536,795,794,1353,1272,793,945,1242,1304,1123,1098,1263,661,1092,574,1344,1338,585,990,726,746,1290,1100,851,815,1250,745,919,1095,676,1145,946,676,1208,771,746,662,1290,1083,661,1318,849,836,1333,651,1096,1250,658,1084,682,1315,1313,917,1080,748,785,1332,1092,786,1197,693,905,748,701,665,667,1112,1278,676,1086,1192,1226,927,1236,916,587,883,742,765,1408
860,875,872,842,741,978,736,753,761,935,1018,753,829,1018,843,839,837,843,713,749,848,946,1030,868,746,733,737,853,996,831,711,941,828,714,844,753,843,929,1016,834,738,753,747,737,738,1009,751,831,1011,840,734,740,775,829,724,813,907,983,821,694,830,751,736,724,829,845,998,744,842,1004,952,750,771,750,859,835,759,717,833,930
i never did thank you for including me in your list.
google is always a good place to look.
1257,1106,1094,726,917,742,838,1035,739,1222,745,1074,895,1072,580,1108,1290,1062,984,1288,1133,1097,866,1279,853,1092,1237,1145,848,1351,1187,798,1272,1132,952,1097,1209,765,1105,1244,1122,1098,932,1350,1159,835,1095,1338,1235,702,942,1428,1752,926,1332,1346,943,1341,737,1090,1288,1084,646,576,1325,676,596,969,653,1102,585,1095,931,1311,1313,764,1089,1416,1344,595,825,717,1098,941,1355,1087,1355,1333,1330,1307,1487
671,959,940,721,968,727,732,1045,822,732,819,1012,745,815,827,947,834,1041,747,742,753,984,876,766,749,1022,760,963,966,829,741,855,752,942,868,1045,951,775,1051,757,953,1049,763,721,752,737,1012,825,758,860,762,934,854,885,773,761,903,825,784,1021,743,1000,847,847,855,754,857,759,845,1023,834,1018,866,750,750,838,1020,713,830,846,966,746,1041,763,732,1030,847,680,680,786,921
he's a very good student.
1135,752,1556,671,1111,595,1117,1032,754,880,1078,1088,933,1346,1363,779,1111,678,895,1114,777,769,1137,949,1505
825,736,805,853,1007,853,1019,951,768,769,753,1012,868,751,747,856,1029,847,780,765,832,776,964,771,967
blink by malcolm gladwell amazing book and the tipping point.
908,1323,1229,1139,1282,1240,1054,983,1047,1174,558,1302,811,1303,1334,1216,1090,878,1287,596,769,743,780,1310,1303,1076,580,1183,587,608,1217,1106,929,1085,920,1300,1294,1234,1091,575,1115,772,1084,904,738,1067,1032,921,1230,1385,1389,1186,1091,913,1064,1392,1299,1214,1095,896,1408
992,846,766,975,849,850,973,716,1043,959,837,864,972,756,853,974,1038,885,858,859,875,741,738,858,853,1030,858,959,851,948,760,953,840,1039,965,753,757,858,1027,841,943,838,1032,756,760,1015,1030,755,713,723,722,719,936,863,1030,728,712,709,927,734,958
what's your favorite food.
how much do i owe you.
629,1040,580,950,1535,658,1118,963,1330,1145,834,1077,854,595,874,1323,823,1194,955,751,1094,869,1295,776,1406,1843,1774,1123,1365,656,1097,1148,1149,847,1068,1086,779,1334,1107,1222,1088,1298,642,743,1066,966,1300,1129,1540
726,834,840,707,786,822,998,733,699,731,711,1056,846,842,939,723,737,721,740,730,1012,848,709,825,920,580,786,865,712,731,1017,949,694,923,838,1011,825,719,1006,714,1008,715,722,722,1030,736,704,716,969
where is there an atm.
626,1027,778,847,750,1100,1233,688,1067,892,1056,735,815,721,1047,565,1134,1078,572,879,1227,1426
689,774,685,689,676,1020,743,808,1017,714,791,686,697,665,1023,803,908,1025,799,695,962,967
malcolm gladwell might be my new man crush.
1189,555,1362,807,1313,1357,1208,1120,931,1351,617,785,658,758,1344,1340,1117,1249,1258,927,1094,934,1123,1098,782,1046,1217,1057,1129,1137,777,699,1096,1199,632,1117,1094,864,878,791,695,1084,1421
946,807,759,957,714,800,926,1025,861,815,835,862,724,728,837,844,1027,941,742,847,843,726,1005,922,743,1002,949,704,1028,936,727,730,1021,928,816,943,1032,935,746,716,830,834,937
an air of intense anticipation pervaded the general's dining room.
557,1117,1072,593,1224,815,1101,1379,840,1112,1254,1135,893,737,1140,687,761,1111,602,1157,934,1291,825,1289,1446,624,942,1257,1331,1142,1112,1423,783,873,852,621,797,795,795,1138,941,1083,788,1063,998,726,1122,747,841,585,1318,1561,649,1097,754,1235,1137,1217,1122,951,1105,868,1349,1362,1252,1486
827,954,1054,852,705,741,1006,710,861,1013,717,949,764,741,957,849,741,1036,847,949,748,740,965,739,744,847,756,750,740,921,1034,731,746,746,931,835,811,735,816,1016,726,786,707,997,850,728,948,723,728,828,818,806,839,1012,822,704,953,716,940,828,1047,749,711,703,967,951
what can i do for you.
662,1090,582,900,1099,814,568,1133,1103,1275,1112,764,1373,1121,835,1355,812,1108,943,1343,1163,1464
742,850,867,725,1031,939,845,930,1032,720,1012,852,711,1029,865,715,752,1045,755,728,748,936
i'll come back later.
1242,1510,1346,1338,1078,815,1337,1215,741,1116,1101,593,829,1229,1084,1370,605,895,747,842,1450
698,821,813,819,1030,943,721,933,757,1023,981,862,990,837,1038,830,882,803,782,789,954
it takes three hours by car.
1281,948,1107,937,606,1282,758,691,1112,925,1088,823,753,755,1072,972,1292,1105,853,697,1087,1089,967,1070,847,606,848,1420
728,733,1043,750,825,835,746,843,1034,754,825,767,741,750,1025,862,730,762,758,854,1021,923,742,1048,954,869,745,950
can i borrow some money.
contemporary art has never quite jibed with mainstream media.
865,606,1152,1109,1272,1107,1036,1356,879,872,1344,698,1098,704,1345,1250,761,1128,1257,1350,1135,765,969,1434,1737,822,1378,1249,936,745,1243,1478,1346,891,617,881,1028,1120,623,862,979,1126,1026,621,716,1129,1209,764,931,793,882,1147,607,1222,1301,969,772,1126,902,1250,1075,786,802,1093,695,1235,960,1084,1084,1252,625,1262,1145,690,907,836,763,605,1251,1129,1246,755,760,1320,608,1459
966,856,928,1052,700,1029,993,713,768,768,719,746,1021,868,740,932,751,1031,923,726,937,755,773,981,809,981,700,955,747,731,960,704,717,767,834,766,752,993,861,728,749,1016,820,828,818,1004,914,735,940,738,736,1021,720,700,700,744,711,1019,851,720,956,748,844,1043,745,753,742,841,1007,931,829,730,933,839,730,726,722,827,956,1020,933,726,812,711,825,930
in other words it never reaches the zenith, a point directly overhead.
1318,1140,1059,1376,927,1097,753,851,1123,661,1374,828,779,663,1139,1284,894,1111,1146,733,1000,721,837,1090,830,754,595,831,1078,743,639,1077,918,1078,751,1066,638,733,1114,1223,922,1036,1290,1067,593,645,1415,1315,1238,1105,925,1078,767,1265,851,753,829,968,1335,1056,1101,1331,975,759,859,1083,738,586,737,1416
671,946,1055,727,761,819,761,781,1023,767,733,758,844,835,1017,748,748,1029,932,754,941,752,759,1028,747,754,850,972,845,726,843,1035,759,831,736,1026,970,721,943,689,753,857,935,1009,834,798,751,758,746,926,752,1025,856,734,754,736,961,717,844,717,1013,764,947,748,761,857,754,868,872,941
he volunteered a modicum of advice, limited in quantity, but valuable.
1052,736,1038,892,1311,1349,1178,1129,929,759,790,877,753,764,1099,579,1103,1234,1321,767,1228,825,1152,1211,1094,1342,870,1077,603,780,847,1242,803,747,1303,1094,1378,1257,1215,1266,920,753,675,1098,1244,1118,1085,562,1147,596,1116,928,1212,931,997,1307,1108,991,1139,865,1091,853,611,1311,1193,608,911,1335,751,1435
845,729,1011,949,719,820,727,953,752,731,728,746,719,826,1000,844,1004,914,698,869,729,967,720,937,1029,714,855,1018,868,884,975,717,959,758,931,1018,833,724,948,728,769,755,866,1018,732,942,1048,761,734,869,954,767,750,769,758,955,1038,968,754,755,1020,977,849,843,760,851,981,853,771,942
then a match was kindled and fire applied.
938,1039,717,1110,1033,561,1039,1152,563,873,812,1014,1020,647,574,681,1044,1356,1233,1102,756,1313,745,770,1078,583,798,1070,856,858,1239,834,730,1030,596,1380,1377,1320,1225,748,762,1399
768,853,764,961,1049,868,1050,937,833,746,944,815,1017,757,864,843,1013,827,738,956,843,844,751,852,1022,850,860,1047,859,879,742,771,754,1036,846,746,741,839,723,742,852,938
what's this.
i'd like to speak to mr. smith please.
631,1065,577,905,1518,661,1083,923,1075,1227,647,1436,1733,1287,1519,854,1112,1323,1202,1250,756,1079,992,1330,1097,683,1420,771,611,1211,1057,968,1325,1100,1210,859,1400,1080,666,1212,1227,926,1025,1019,1400,1314,763,609,724,785,1422
719,805,838,714,794,832,1017,746,829,726,847,937,781,726,840,839,1040,865,750,870,759,1039,760,761,1032,817,722,742,845,826,1022,765,753,1012,925,745,959,1047,818,962,736,781,855,1033,713,831,750,851,857,750,971
dick cheney's dishonest speech about torture, terror, and obama.
770,1270,886,1260,1072,839,1059,765,1157,786,1006,1506,710,1106,794,1262,700,1055,1351,1132,776,701,954,1115,709,1412,777,784,885,1154,1092,616,970,1291,1131,956,1101,963,1321,879,968,1113,883,812,1306,1121,978,803,876,879,1436,885,1361,1137,670,1210,833,1140,1379,1074,688,1297,690,1449
847,719,952,852,1024,978,832,748,972,737,757,865,846,1027,852,739,858,844,721,942,756,863,769,1021,861,749,756,761,966,853,1026,854,971,728,736,743,1004,754,730,759,770,749,751,748,959,1030,758,742,753,755,744,748,982,1021,834,961,834,1023,774,970,840,953,845,952
high doses can have adverse effects and even cause death.
1016,1309,972,1088,1093,827,1376,727,814,728,1129,867,652,1198,1139,1100,647,901,773,1155,648,809,886,777,881,728,812,1165,785,934,928,764,859,970,742,1121,642,1178,822,1142,815,990,806,1156,1111,680,834,628,1197,708,1053,778,754,606,964,1095,1399
882,722,882,858,1030,843,723,847,771,847,1011,947,843,918,1040,847,838,964,759,1031,857,867,951,760,757,864,743,1038,753,887,877,769,969,747,848,1031,844,940,845,1035,753,965,752,944,1047,849,963,857,753,862,1010,829,730,851,748,861,953
now i can see why dave winer screams about lack of twitter api.
1162,1388,673,1117,1291,1093,872,638,1160,1113,724,796,790,1129,700,1111,1024,1109,777,636,908,744,1149,685,1288,1100,759,866,1091,687,844,816,754,606,1238,699,1116,618,967,1344,1174,948,1142,1370,639,883,1271,1116,1383,853,1108,890,702,1313,930,923,780,872,1119,646,1435,1131,1446
983,741,742,1048,731,1053,957,839,930,1042,852,746,737,1044,749,846,760,1025,828,864,960,739,1047,754,739,930,720,733,1016,818,923,704,715,817,949,817,1019,826,969,735,746,718,1035,839,839,941,838,1025,729,824,1026,707,737,714,738,751,740,755,1005,809,730,735,978
i've been here for two days.
1338,1590,971,770,1115,1106,790,779,1243,1110,1104,788,879,795,1099,887,1322,879,1100,935,692,1331,1090,806,610,1063,706,1480
713,848,981,754,1047,956,760,764,972,1020,850,765,761,745,1020,855,722,747,983,779,775,771,1021,860,849,737,844,952
i'm married.
the book is on the table.
1044,1433,1263,1139,1278,623,897,882,1298,790,813,1437,1728,958,1122,794,1092,1028,1372,1374,1300,1122,1298,726,1112,1400,1171,1128,974,1122,809,1107,995,667,999,1344,781,1446
736,838,963,1033,945,846,763,770,769,753,832,961,792,764,830,746,1007,951,720,722,865,1031,735,839,1019,713,924,1016,766,812,761,1002,772,846,933,828,751,947
i'm still bitter about this.
1352,1584,1302,1122,753,1248,1383,1387,1135,1159,1049,1313,1015,1015,845,936,1130,670,1018,1348,1184,985,1121,1009,1123,1268,750,1427
726,843,926,1002,848,724,833,834,1005,1047,988,756,788,791,766,784,1016,854,987,746,768,751,1029,758,846,736,847,925
next time, i'll call myself nike.
1179,808,812,982,1153,993,1332,1258,826,1383,1160,1321,1530,1341,1363,1157,899,669,1400,1397,1135,1277,1030,765,828,1390,1019,1160,1213,1297,1326,806,1426
952,733,946,738,1021,745,728,939,754,932,1019,710,812,825,827,1013,960,856,837,840,1024,936,768,861,753,856,867,1035,960,741,857,751,945
huh. is that a good or bad thing.
1173,1272,1172,1410,1063,1290,710,1113,938,1101,641,964,1139,631,1130,967,1358,1358,790,1101,1371,866,1106,1120,625,787,1099,955,1073,1229,1105,989,1408
762,663,769,913,1018,708,859,999,766,837,873,765,1000,870,1011,870,710,712,851,996,715,759,1004,911,857,862,1026,767,866,742,946,857,913
are you burning more cash than chrysler and gm.
people picking apart michael lewis and malcolm gladwell.
606,866,805,1102,1007,1316,1168,1100,1089,1294,826,1168,1250,1199,997,1133,1234,1357,905,819,1149,883,660,757,1256,1115,979,1128,647,1162,1108,802,1203,835,1141,774,1365,857,943,1123,670,1205,831,1141,993,1290,1444,1755,1494,799,1358,1465,1403,779,1122,1476,1312,883,1322,1365,1172,951,1129,635,1440,641,864,938,1156,1258,1313,873,1166,643,794,1387,1130,1368,788,690,1301,730,1122,646,1160,823,1115,1273,648,1369,845,1370,1374,1239,1114,981,1329,644,821,814,708,1337,1338,1439
869,762,743,1025,757,722,751,1011,933,694,751,951,743,935,831,1015,943,721,746,736,1007,951,861,856,817,1040,761,850,842,940,1023,937,820,705,677,830,843,720,725,1014,838,927,825,1021,851,957,988,843,737,745,745,727,823,748,1031,749,729,960,832,743,940,867,1048,859,777,866,766,786,1051,981,775,976,867,856,761,852,1029,857,774,768,746,870,1018,847,942,872,1034,940,869,863,981,713,863,968,1028,888,867,866,876,757,745,865,858,948
i have heard lots of women simply rave about him.
1314,1128,624,917,739,1135,1058,1172,755,625,876,809,1129,1390,1340,975,723,1131,1403,891,1110,712,1370,1196,778,1120,1115,699,1256,1240,1447,1356,1039,1136,912,660,949,765,1153,640,995,1331,1151,961,1147,969,1269,1242,1434
654,839,845,946,755,1034,1035,825,719,826,727,826,1005,826,699,721,821,1016,705,841,1019,748,729,969,729,947,1050,811,701,956,693,843,717,1033,704,813,921,708,1053,824,964,699,726,725,1033,875,708,944,942
excuse me.
can you hold this for me.
770,738,822,1188,704,773,1103,1264,763,1426,1752,872,620,1178,1116,997,1322,1161,1101,1092,1343,1352,796,1121,974,1099,1227,698,1087,876,1359,856,1121,1245,752,1467
750,962,936,734,830,726,1014,915,732,915,786,944,840,927,1052,758,745,751,1025,875,748,865,858,1035,745,845,741,848,1030,874,733,759,1047,934,760,962
i'm a size eight.
1267,1490,1263,1143,595,1122,702,1287,666,764,1101,769,1277,938,1102,954,1456
676,810,940,1011,842,1009,819,701,918,729,1043,737,700,847,829,735,947
what's your favorite food.
the cars are american.
671,1087,607,921,1576,668,1099,955,1328,1160,760,1107,858,602,879,1350,756,1258,942,762,1128,881,1384,1378,795,1442,1796,947,1131,791,1091,849,642,908,721,1147,634,894,808,1146,608,1238,800,895,1290,856,616,1145,1485
738,833,852,718,812,841,1024,750,710,751,733,994,859,849,950,732,709,723,748,711,998,848,731,724,826,914,792,735,820,709,1003,920,832,732,819,1030,834,735,731,1037,818,958,706,713,722,906,833,963,947
i have a question i want to ask you.
i came with my family.
1271,1084,598,854,698,1104,575,564,1057,562,1154,735,665,904,1243,1317,1115,1077,1230,1072,661,574,1118,938,1097,940,1359,1093,598,710,1271,1104,919,1327,1160,1464,1740,1309,1102,857,602,1235,776,1128,656,1242,940,1092,1044,1244,1013,1098,880,614,1207,1245,1361,1050,1447
676,838,848,952,720,1027,856,810,1006,702,684,719,828,736,751,748,919,1029,708,1003,731,816,933,716,1046,732,722,1019,837,842,839,1036,752,731,754,916,810,726,1049,956,849,963,753,1041,729,715,739,828,1001,916,738,1040,862,843,957,722,815,730,958
a little.
i speak two languages.
591,1098,1371,1271,958,943,1347,773,1409,1690,1243,1075,680,1423,768,609,1271,1092,958,680,1363,1101,1383,619,1146,816,1174,648,916,791,816,1425
844,1024,848,737,754,760,831,745,960,841,751,1039,851,753,767,863,847,1042,766,764,747,1029,850,846,933,836,715,848,865,736,843,952
please take me to this address.
dear nike, stop with the fly wire.
1321,1284,701,547,663,716,1024,886,545,1197,682,1047,1190,675,1053,877,1331,1029,864,1029,1243,628,1062,559,729,735,812,723,608,611,1377,1761,734,705,545,814,1092,1145,1272,1275,682,1331,1103,612,870,1337,1441,1080,647,1290,906,1082,1062,895,1113,720,1060,805,1371,963,1106,625,1331,839,707,1448
734,836,773,874,895,772,1033,756,857,846,727,1031,942,736,1025,736,731,1038,718,822,714,825,1013,825,827,828,713,706,810,811,949,851,835,715,832,706,1028,944,735,862,723,951,1018,815,708,727,743,1010,713,713,737,808,1000,719,777,709,1000,835,834,718,1035,735,720,741,714,956
contemporary art has never quite jibed with mainstream media.
766,1320,1210,867,705,1335,1456,1324,803,576,813,913,1119,589,835,943,1122,1097,605,713,1102,1187,757,886,752,857,1119,585,1237,1309,892,744,1105,1243,1317,958,755,776,1127,625,1281,912,1095,1108,1253,611,1270,1171,703,893,809,722,567,1251,1133,1240,751,772,1288,574,1462
989,741,938,742,745,952,728,736,762,842,744,750,1008,842,728,734,1025,810,811,817,1014,908,716,944,723,725,1038,723,729,748,731,705,1029,856,748,969,735,817,1033,750,791,754,861,1017,944,815,750,944,818,736,741,733,815,953,1029,964,749,855,737,833,955
i finally got around to using jquery to make my bio collapse.
i really appreciate it.
1282,1066,827,1272,1145,587,1365,1352,1016,1112,982,1362,988,1098,574,835,1355,1163,1138,746,1069,942,1351,1072,1208,668,1297,1132,929,1079,1234,564,1227,763,853,1020,1077,957,1370,1106,1242,585,1309,740,1135,1236,957,1123,896,1275,1363,1103,842,1323,1339,1332,599,1420,683,758,1432,1721,1273,1079,826,759,587,1380,1366,979,1112,571,1429,1429,826,716,818,1261,572,886,727,1084,1293,840,1406
698,1026,864,717,941,846,838,844,748,1014,867,755,750,1022,851,743,731,732,945,832,1037,731,732,1027,726,833,743,942,838,1030,859,760,750,752,754,744,1039,734,750,1034,961,856,871,746,1034,971,733,1045,991,775,783,1049,988,764,862,863,869,772,836,745,976,849,762,1042,783,766,871,867,870,777,1045,869,772,772,771,747,961,769,868,767,730,1019,735,768,953
no plans today, going back to sleep i guess.
1022,1297,1019,1400,1288,461,1078,559,1036,815,1280,675,481,879,1258,982,854,1318,1199,1086,821,1048,790,491,701,1279,1038,867,1301,1073,600,1294,678,690,1402,1051,1249,1040,873,1034,682,608,609,1366
960,709,1018,696,806,850,912,863,1017,719,734,836,843,734,937,1057,855,736,723,945,855,1015,981,849,981,806,1018,733,733,989,835,810,734,745,722,1005,697,1017,867,723,751,844,849,935
the commercials alone on espn are going to drive me nuts.
870,1045,694,1047,787,1292,1206,1212,703,802,776,1229,530,1405,628,1098,541,1363,1318,1077,690,1084,1366,1085,1056,708,641,1439,1137,1086,547,814,720,1095,911,1363,1237,1144,894,1084,913,1322,1057,746,780,1292,854,710,1087,1224,687,1082,1091,1177,921,637,1374
791,883,772,1044,981,761,972,977,758,752,955,751,865,856,855,1039,871,882,754,978,754,1036,722,950,1036,742,841,753,962,1027,853,749,735,1035,851,744,743,948,850,1026,764,744,1048,857,760,746,952,779,1050,940,742,1035,973,762,762,848,966
i don't understand.
1244,1045,736,1309,1106,1501,958,1099,1263,1120,755,760,855,666,866,608,1156,748,1457
712,1040,872,780,977,847,765,1031,745,973,861,780,786,869,773,871,955,852,962
since it's probably impossible for a non russian to get into the cosmonaut corps.
638,1236,1113,796,694,1084,1291,891,1549,663,1101,1452,805,1353,1075,558,1082,1384,942,1074,1286,1218,1445,1333,682,674,1264,961,1348,705,1089,842,1370,813,1098,573,1068,1150,1323,1133,1091,828,1186,649,655,1288,561,1121,1075,938,1318,1091,929,719,937,1087,1256,1107,932,1339,1084,914,1090,740,1066,791,1307,637,1175,1301,1104,555,1145,911,1006,815,1278,800,1432,648,1382
870,759,951,962,776,1028,747,738,870,841,1021,752,747,741,968,846,968,843,726,1012,722,951,741,743,833,837,753,941,847,751,1017,858,749,730,997,826,1017,958,741,960,1030,731,727,814,818,741,819,965,1055,716,745,1026,843,742,705,1044,746,970,712,736,1007,714,795,710,1020,927,728,810,961,734,934,825,711,717,1019,943,739,707,741,838,953
no, i'm american.
1110,1364,1508,1066,1285,1454,1256,1078,550,1206,721,828,1273,831,577,1112,1416
971,702,837,1038,721,848,939,1012,846,964,750,735,744,945,856,950,957
at three o'clock in the afternoon.
539,824,1078,893,1045,780,699,708,1089,1341,1486,812,1335,1324,807,1257,1083,1235,1103,1070,891,1043,721,1042,543,859,846,695,793,1111,1323,1325,1106,1373
864,741,1033,755,842,751,738,740,1036,760,856,949,845,752,952,854,1032,769,947,1033,757,840,753,1013,847,850,709,729,725,969,745,736,944,921
it's shorter than three miles.
1237,951,1521,643,1062,650,1074,1352,797,927,761,861,1074,913,1104,588,1123,1065,901,1058,850,765,763,1057,1209,1217,1325,717,669,1407
739,729,872,821,1037,829,842,731,730,741,719,742,1029,734,815,827,940,1044,730,829,727,697,704,1015,965,741,853,714,803,942
he's a loner nihilist who believes in nothing.
1197,676,1463,616,1073,530,1078,1352,1270,1073,690,778,1061,1137,1230,907,1205,1300,1232,640,884,1095,627,1077,1308,1064,1085,692,1309,1226,706,873,703,627,1070,1256,1118,1046,1052,1274,899,1036,1188,1092,927,1389
835,708,835,841,1013,836,1032,845,756,960,743,748,1029,964,771,849,778,853,759,834,735,1033,735,836,729,1019,945,737,843,751,740,927,729,827,1028,723,961,1058,961,763,765,884,755,949,844,933
huh. is that a good or bad thing.
1129,1245,1122,1417,1054,1275,656,1057,884,1073,565,894,1066,564,1077,913,1310,1322,740,1099,1351,828,1095,1099,557,720,1089,897,1082,1252,1109,922,1417
851,723,825,912,1026,726,847,1012,740,818,853,741,1011,818,1010,864,749,743,845,1020,751,755,1000,940,854,849,1027,741,864,740,953,846,930
contemporary art has never quite jibed with mainstream media.
802,1332,1197,874,713,1220,1453,1335,794,559,805,957,1132,593,822,918,1097,1158,590,678,1108,1213,727,893,715,816,1134,571,1217,1318,904,729,1121,1365,1416,986,731,764,1153,650,1353,921,1129,1133,1293,599,1323,1179,672,878,809,675,575,1257,1182,1271,725,741,1309,582,1465
965,734,959,746,732,950,745,736,752,850,737,733,1033,838,728,730,1021,842,829,833,997,907,728,911,714,719,1014,730,732,722,726,706,1005,823,733,937,734,837,1008,741,748,731,821,1009,901,839,740,930,829,716,727,727,830,942,1037,941,719,818,755,825,927
guess i'll be retiring my g and start using my developer g
1004,1082,763,690,683,1102,1247,1494,1362,1357,1132,1282,717,1128,829,744,910,1249,760,1277,1158,950,1114,1275,985,1123,960,1124,572,1106,799,1048,647,871,564,789,873,1080,1169,653,1168,1098,922,1072,1223,953,1092,721,702,891,702,1296,1330,1412,715,820,1081,967
874,763,761,846,847,1048,746,853,846,849,1023,936,759,1045,762,748,764,769,743,755,945,851,1039,937,731,1050,825,1043,860,960,857,1058,862,757,867,741,764,1060,774,864,772,954,866,1065,959,736,1066,833,737,947,741,886,751,757,730,733,1032,814
my father has been there.
it's here.
1226,1004,1114,916,574,949,1043,772,865,1050,1056,605,681,1061,1078,722,727,1186,1026,914,1007,739,836,730,1365,1680,1232,960,1368,664,1057,926,728,851,728,1393
973,736,1056,850,849,764,871,772,771,1047,862,853,866,1048,964,724,723,952,1042,737,849,748,753,728,952,845,765,746,866,868,1041,868,754,762,739,950
how does it taste.
896,1274,646,1061,733,1291,706,643,1019,1206,774,1047,880,566,666,759,686,1428
872,744,738,1022,822,746,717,856,1031,713,740,1009,740,833,829,721,731,937
i want to send this package to the united states.
her jocund laugh and merry voice, indeed, first attracted my attention.
1282,1067,654,557,1116,904,1072,919,1343,1088,655,718,1125,759,1084,927,1072,1227,654,1096,1389,548,773,1209,543,876,673,1087,906,1328,1074,919,1063,706,1053,1212,1116,1330,898,738,777,1092,674,899,597,901,694,647,1468,1777,1053,739,811,1061,1200,1378,783,1263,1193,710,1126,1369,542,1174,905,1045,1059,574,1122,753,1096,1259,725,799,807,983,1066,834,1315,1216,869,693,1292,1077,1295,1129,744,711,719,737,1340,1107,824,1331,809,682,941,1110,602,918,899,792,594,814,866,701,721,1088,1238,995,1091,593,903,906,771,1136,920,1251,1348,1117,1415
661,996,723,824,927,730,1037,730,740,1007,801,742,973,827,1019,754,869,756,813,1035,757,823,930,849,845,834,708,1038,741,728,1041,752,803,719,1010,724,950,722,734,711,814,1029,831,729,837,736,707,811,926,808,870,736,750,1039,879,753,969,726,932,811,1008,827,854,695,868,853,1031,851,950,868,1032,926,733,755,739,717,992,957,753,726,950,754,952,1030,724,946,851,745,737,838,932,1028,854,761,732,848,747,1031,828,751,747,735,819,933,699,702,785,980,914,716,1047,807,733,729,701,950,731,756,759,963,947
i really liked learning jquery book.
1276,1055,853,767,623,1307,1358,966,1091,1357,1261,1291,751,776,1082,1350,774,646,890,1145,1239,1148,950,1110,1184,617,1170,754,830,1097,1054,1015,1314,1320,1302,1430
673,1038,753,719,837,852,811,733,1016,827,730,842,732,822,1016,817,704,836,716,952,757,943,807,1017,870,721,743,723,722,733,1031,929,757,751,876,973
would rather go to the dentist.
let's go have a look.
678,1333,1161,1379,808,1101,850,619,971,1093,791,886,1091,952,1337,1104,952,1354,1118,958,1095,785,1073,792,774,1132,954,1237,721,949,1366,1724,1387,746,930,1514,661,1097,941,1377,1112,1072,605,966,752,1054,609,1055,1313,1287,1303,1215,1361
712,738,749,848,829,1019,719,823,749,838,717,726,1026,855,750,1034,740,741,1020,734,829,728,1017,817,703,948,741,724,843,735,933,823,842,748,748,857,844,1027,842,742,1026,845,859,968,751,1049,850,1053,863,759,764,883,990
she dozed at last, her face serene and beatific.
684,1102,768,1046,761,1335,625,785,760,1107,588,937,1118,1397,589,705,950,1378,1134,1101,763,856,1085,892,596,831,734,1090,664,779,848,769,1151,771,1081,603,1165,787,1107,1085,776,610,956,1302,791,1303,678,1487
849,847,759,1057,844,779,941,750,860,1018,844,752,1026,846,843,843,754,916,1020,829,744,755,1024,857,848,924,708,1056,837,729,738,719,964,734,1049,826,924,818,1039,953,735,833,732,769,817,769,892,945
what will the weather be like tomorrow.
sorry, we don't accept credit cards.
633,1096,605,900,1102,653,1254,1361,1350,1091,914,1107,747,1069,643,728,600,879,1084,749,829,1088,1086,748,1082,1390,1282,1291,750,1077,938,1335,1232,1346,859,854,1357,657,1436,1788,708,1385,876,860,1008,1340,1116,682,789,1130,813,1342,1162,1532,976,1148,612,825,821,737,1447,932,1110,864,856,785,787,1305,949,1110,813,577,832,759,644,1446
714,847,860,737,1030,729,754,826,812,1014,729,819,725,1029,737,718,814,722,830,704,721,1018,944,711,1034,826,729,847,717,1044,752,748,948,741,730,734,734,724,921,809,825,751,733,725,739,954,1028,712,703,1021,824,748,946,773,702,973,793,902,898,727,730,747,1013,907,678,701,806,743,709,1039,926,809,734,804,808,958
i understand.
lebron is a beast, but i'm still cheering for the a.
1250,1056,1195,1098,736,777,833,689,899,628,1153,771,1435,1774,1303,721,938,835,1350,1145,1064,1274,662,1060,575,1063,962,745,621,712,929,1335,1104,960,1130,821,980,1236,1474,1274,1121,707,1235,1312,1373,1360,1130,816,1093,736,734,825,1258,1156,945,1104,843,1339,826,1100,913,1113,751,1070,599,1388
726,1041,735,935,830,743,742,827,751,815,931,819,944,800,846,735,947,749,727,970,1059,724,839,1040,856,1041,961,727,870,836,761,931,1023,942,753,735,1042,747,851,970,1031,852,752,751,860,868,1026,946,847,738,744,742,751,945,828,1013,855,765,742,1013,755,828,728,1011,837,974
it's north of here.
1216,843,1485,660,1066,1140,1322,846,938,1100,1076,1340,872,1076,1046,749,847,739,1409
773,754,888,865,1040,966,783,764,764,852,1039,769,863,1029,858,776,771,753,938
i'm a size eight.
1242,1460,1267,1099,606,1065,702,1265,627,761,1082,732,1239,867,1074,815,1461
773,894,977,1045,862,1060,836,793,932,746,1047,749,788,855,884,721,955
what time did you go to sleep.
going to the dentist later.
624,1086,572,897,1094,914,1272,1225,758,1114,779,1285,776,1107,969,1333,1174,1086,870,1320,1101,931,1311,1112,670,1305,740,746,1384,1361,1744,917,1314,1238,1136,911,1087,909,1084,1053,915,1091,751,1047,761,726,1116,883,1205,663,907,1083,1350,583,905,742,831,1397
748,865,860,765,1035,735,768,959,736,1035,827,760,836,1009,737,745,768,1029,863,754,1011,734,752,1006,834,844,730,732,750,940,838,874,772,766,954,867,1034,751,1016,1022,760,839,731,1023,833,751,961,756,774,855,747,1025,828,822,759,720,723,941
it's shorter than three miles.
my dvr just died and i was only half way through the ea presser.
1245,876,1556,666,1118,694,1100,1377,853,906,748,826,1101,897,1088,594,1150,1066,863,1076,795,713,717,1059,1194,1229,1340,705,643,1418,1739,1197,930,1096,763,868,805,1086,1186,1197,680,902,1099,745,1218,732,758,1068,573,1112,753,1084,1260,1074,647,570,670,1055,1304,1106,1333,934,1094,919,587,1369,721,1073,662,601,941,1084,919,1065,823,1276,1107,916,1090,1067,912,1088,745,1055,776,598,1070,1400,818,739,676,680,741,812,1420
728,700,868,820,1028,831,827,728,738,733,719,730,1025,731,835,839,972,1044,730,847,728,708,712,1031,977,736,848,724,804,952,819,977,717,1039,830,972,704,1046,861,762,846,733,1053,825,767,726,824,1030,824,928,833,1040,747,1023,746,837,833,1040,765,954,829,721,1029,865,849,833,842,1039,736,855,750,1042,736,863,747,765,770,877,869,1042,747,846,732,1034,746,850,1039,741,736,718,810,817,717,713,952
playing with twitter api sounds fun.
i will never use them again.
1393,1337,600,940,1227,1128,967,1093,669,1296,912,1110,1087,915,673,1266,925,917,730,824,1079,606,1417,1296,1104,688,1313,1208,1160,766,683,1108,913,1099,1092,1355,1679,1238,1050,679,1211,1316,1313,1066,1137,736,896,729,806,1061,1165,695,762,1042,901,1043,734,1192,1072,559,890,577,1205,1085,1360
732,830,866,747,750,947,868,1031,760,755,764,855,1027,772,749,743,771,772,738,758,1015,833,756,729,1005,832,750,767,960,826,832,1024,857,754,968,948,816,704,1045,759,747,821,812,1012,912,726,964,751,751,1055,766,839,744,1041,736,848,723,947,1037,840,873,843,744,949,934
i speak two languages.
i went to the supermarket, and then to the computer store.
1236,940,668,1389,722,566,1272,944,828,611,1315,1086,1354,566,1118,883,1132,557,882,715,658,1363,1661,1276,940,714,621,1112,884,1084,888,1300,1079,885,1075,717,1057,667,1148,1392,746,823,1180,603,843,1235,738,950,1302,1047,571,1123,753,1046,895,1041,737,1081,1019,939,1285,1038,913,1038,776,1021,819,1268,1162,1360,1104,894,732,826,1032,673,822,1300,771,688,1362
771,1043,827,777,736,844,845,1010,753,763,768,1027,822,826,936,841,727,837,860,741,833,922,840,720,1019,710,732,949,735,1038,749,776,1023,749,862,724,1022,810,752,757,716,740,970,827,732,869,726,739,966,1057,808,943,794,1024,730,831,731,968,1050,733,755,1036,741,831,725,1035,928,752,973,757,750,747,716,729,1003,825,745,764,733,737,960
but too often the music sounded thin and pallid.
did not realize there is a gym above safeway.
897,1207,884,1075,885,1301,1309,1065,1301,882,911,768,1184,1096,919,1065,766,1033,1261,1171,664,1277,778,1069,664,1297,1119,1050,764,723,751,1056,900,1026,1179,1077,1035,578,1113,727,1079,1431,560,1326,1329,1290,720,1382,1732,715,1296,706,1052,1108,1358,859,1086,777,690,538,1294,1220,587,714,1066,838,1032,706,774,690,1018,1232,606,1058,545,1066,873,1067,1199,1063,567,928,1310,863,693,1083,668,575,924,731,645,591,893,1381
999,756,746,1047,748,767,766,1020,767,874,748,742,934,1030,757,827,736,1032,943,723,826,765,948,1048,850,751,757,960,865,768,870,1035,746,849,741,974,1041,860,965,885,1044,771,864,869,876,776,874,986,829,877,752,874,1026,951,761,787,1029,776,751,870,851,786,959,764,1022,773,855,754,753,734,1041,752,859,1019,865,1032,869,757,969,1020,873,967,765,982,752,1026,870,863,870,748,733,851,752,967
i say we just cut out the small talk
1273,1041,654,568,906,1087,636,722,1092,1204,1227,678,898,1089,816,1167,924,1076,1369,1207,880,1107,904,1090,718,1073,650,1216,557,1341,1340,1114,906,603,1318,1249
686,1027,854,881,753,1030,748,738,1028,864,743,853,764,1043,924,758,713,1005,740,752,741,1033,737,831,720,1017,823,956,838,874,881,1031,742,810,856,850
i really appreciate it.
1321,1059,803,719,569,1340,1348,974,1121,557,1417,1423,776,684,813,1307,547,884,730,1091,1324,870,1412
714,987,717,723,819,821,827,714,1003,824,744,739,733,708,910,711,801,716,675,999,711,713,936
nothing makes you feel like more of an idiot than lambda calculus.
1118,1354,913,1113,1255,1142,958,1110,1216,584,1265,749,673,1023,880,1328,1147,1049,826,755,745,1354,1095,1320,1250,1246,721,1063,1204,1345,793,707,1074,1333,866,1077,594,1128,1080,1275,737,1265,1342,913,1078,898,1104,575,1161,1085,1359,581,1207,930,758,589,1119,829,610,1337,821,1223,1347,1239,689,1399
956,735,714,834,723,951,813,1010,934,823,846,712,804,1022,696,716,735,1021,800,714,717,844,991,843,742,859,721,1010,927,744,727,715,1012,736,845,1000,811,914,1021,749,815,753,771,733,1012,733,839,829,953,1052,850,838,987,949,836,837,1062,955,849,866,955,738,834,721,848,948
before robert barr publishes a novel he spends years in thinking the thing out.
playing with java and the twitter api.
778,624,728,1207,685,610,944,711,1221,890,619,709,798,960,1000,483,717,727,971,1356,1101,916,1259,1177,595,1005,642,579,1002,480,974,1111,1216,798,625,1264,1019,982,624,996,576,1340,634,1053,663,551,996,841,671,520,723,566,1001,1198,1039,989,814,987,1148,1017,1191,1163,1025,857,1007,823,987,631,1000,835,1022,1156,1037,791,1023,1247,1093,836,1319,1670,1414,1299,504,851,1203,1062,847,1012,565,1238,813,1023,1006,1142,498,783,507,1005,506,1084,666,819,1007,659,1024,983,853,582,1176,816,843,584,702,1016,527,1343,1185,1309
994,753,883,787,746,746,1047,747,761,961,716,731,740,1018,949,820,733,724,1028,760,754,955,838,734,844,883,753,847,1033,843,1053,990,770,966,780,848,1050,828,764,1037,837,758,760,942,857,830,1043,767,713,819,723,803,1002,735,948,1044,736,847,731,937,828,732,933,809,1017,722,833,714,1017,726,825,716,938,825,1027,714,738,731,911,793,731,842,848,729,722,915,826,1009,743,735,738,825,1002,810,812,923,798,1014,814,908,820,732,811,721,973,1028,745,727,755,741,752,729,725,1017,809,732,753,961
back when i worked for nike we had one fav word.
951,493,681,1197,951,573,1042,647,1043,990,1195,985,580,1257,746,1151,646,678,1003,738,1273,711,1005,1083,1191,1159,631,989,556,660,997,994,504,681,1018,1258,1040,644,999,706,512,725,1036,602,1298,752,693,1328
965,844,967,860,1047,759,860,743,962,1030,733,1044,751,763,739,863,736,830,1036,861,764,751,1040,942,739,869,756,1032,754,753,1032,860,832,857,1053,759,950,753,1038,837,822,943,1038,726,750,729,839,969
check this video out. president obama at the white house correspondents' dinner.
by the way, i'm totally inspired by this freaky nike commercial.
729,1038,645,720,1186,1035,827,997,1178,593,984,758,1192,673,658,1315,992,1291,1092,858,1358,994,1388,751,646,575,1223,683,649,1041,819,995,1300,988,500,1146,499,1021,491,824,1013,819,981,676,982,572,988,1168,805,987,972,844,1237,1084,593,667,982,748,1236,743,736,659,598,1355,1246,1072,700,686,1062,837,610,1421,1032,713,1208,1044,1039,677,753,1279,1598,1005,863,994,854,1000,680,989,582,521,864,1241,1016,1164,1385,1169,1032,872,1297,869,543,1264,1267,922,1023,1210,1057,624,1335,1180,766,687,698,1026,1032,895,1015,877,994,1135,778,991,714,713,640,534,1199,896,1044,1088,1181,1220,669,1016,764,1255,1138,1132,690,771,764,1186,535,1306,1295
951,835,731,935,828,1016,731,817,712,814,1026,952,716,824,718,744,1012,714,740,718,924,1021,722,736,716,815,723,812,708,944,710,1039,729,944,811,944,812,1037,815,734,1039,729,831,713,1027,713,826,724,730,819,999,865,756,751,829,714,1029,900,745,714,707,691,792,732,729,935,797,703,946,712,795,805,1009,798,712,934,934,712,715,923,827,934,721,1029,714,824,704,1004,710,800,732,941,1031,747,854,932,1016,744,748,741,798,839,846,720,1023,749,946,796,753,735,717,733,806,1000,946,717,1030,735,838,726,837,1023,842,737,740,840,884,733,1031,953,753,862,723,1018,923,760,950,940,732,724,929,761,826,870,970
here is your salad.
i love the lakers.
991,671,735,641,974,1177,579,986,857,1221,1070,670,972,587,501,1215,497,666,1258,1641,1205,1003,1291,1275,927,650,1001,855,1012,675,987,1313,555,1176,717,764,608,1346
851,702,709,691,1036,779,838,1027,745,750,759,723,1035,833,841,849,831,822,951,856,741,1011,824,711,908,729,1031,733,827,712,1021,866,814,852,723,728,815,909
in other words, the rejection was a bureaucratic, procedural decision.
1198,1045,971,1256,887,1009,703,783,996,593,1236,759,707,610,1234,1020,857,1019,714,971,745,693,1160,698,766,845,1219,1295,1064,1007,599,528,621,1016,538,1009,840,1165,748,681,534,1114,791,769,575,838,1271,798,1348,1060,1410,794,1302,768,683,723,1123,758,536,1332,1033,708,684,735,1220,620,1193,1276,1058,1407
732,963,1069,753,737,858,717,728,1036,693,760,702,794,800,949,1030,735,831,728,1028,725,710,868,727,936,711,747,757,930,1038,699,803,792,1029,805,1041,924,752,712,693,809,754,922,697,795,705,761,910,921,1038,741,701,735,899,712,820,772,731,800,825,1029,837,726,914,742,815,762,764,945,935
i finally got around to using jquery to make my bio collapse.
1259,1022,768,1250,1068,536,1287,1284,891,1045,821,1306,798,1017,526,771,1310,1118,1060,715,1027,828,1286,1036,1130,578,1232,1073,836,1028,1088,508,1111,682,762,866,1004,808,1332,1023,1151,522,1190,670,1033,1118,811,1057,851,1215,1288,1048,753,1309,1277,1276,540,1379,632,704,1370
712,1021,822,735,953,834,844,843,723,1024,814,737,691,1026,815,704,735,746,947,780,1041,713,722,1016,714,816,732,938,807,1028,853,725,740,719,712,717,1049,733,746,1028,952,811,836,721,1028,940,695,1043,973,776,774,1040,958,770,856,856,825,760,833,732,934
i thought he said something else.
lets go lakers.
1178,1005,816,1015,1276,1107,846,1015,839,1001,1051,701,996,639,551,724,1027,1033,725,1267,1124,708,878,1035,1215,1057,883,1032,727,1260,759,744,1365,1748,1319,717,895,649,1063,907,1310,1084,1298,587,913,709,822,653,1339
769,1049,735,882,764,769,853,863,729,1025,830,741,1036,808,826,829,1009,1031,823,780,960,749,754,877,767,966,848,1038,752,850,829,744,966,833,831,736,736,816,1017,836,750,1016,859,828,873,751,726,818,956
going to see star trek soon with my dad.
would you like to rent a movie.
887,1289,1182,1084,891,1035,905,1263,1053,672,725,744,1053,663,867,588,794,1055,882,801,724,1234,1060,674,1272,1275,1094,1056,659,1247,895,1030,1007,1152,935,1047,751,609,778,1340,1680,658,1298,1122,1295,740,1068,914,1296,1124,1055,1321,1226,1215,718,1059,893,1270,1085,806,723,1098,900,1061,590,1055,1167,1281,830,1233,685,1384
870,759,762,945,851,1035,757,778,1026,854,742,754,1034,839,755,836,729,1054,750,728,715,873,1041,823,771,771,956,1038,736,766,748,853,1020,942,728,1055,823,828,825,964,851,714,740,729,827,795,1045,729,739,746,1022,848,749,869,714,1048,741,783,1020,698,694,942,727,1032,825,1048,979,748,963,770,728,964
tell me again
891,703,1299,1304,1039,1227,705,1074,564,887,554,1220,1107
762,728,857,856,1035,952,735,1038,831,872,844,753,965
stop the financial tsunami.
much needed.
638,860,1256,1355,1033,892,1055,699,1021,862,1231,1106,557,1109,776,1209,548,1328,1060,859,648,1198,1092,536,1184,1203,1364,1699,1163,1124,787,1146,1015,1112,710,692,710,699,721,1336
839,735,730,732,1023,727,806,708,1029,824,732,923,810,926,922,709,820,858,1010,716,815,692,934,817,963,704,952,845,963,723,944,827,1024,941,713,713,806,712,819,946
my throat is sore.
be careful driving.
1181,947,1094,899,1155,739,1325,572,932,1078,1278,663,1068,640,1365,790,720,1387,1752,961,758,1100,827,615,840,778,866,1250,1364,1054,788,846,1309,838,1308,1137,931,1410
962,714,1041,722,860,696,742,794,718,1038,726,797,1026,801,707,712,684,950,798,965,712,1016,923,799,715,697,829,728,846,1036,809,726,765,901,751,945,796,960
time warner is the devil.
the circumstances leading up to the shootings was not immediately available.
914,1319,1223,736,1121,647,586,822,1151,748,814,1114,1221,656,1034,858,1029,711,1056,728,703,791,1221,1329,1400,1733,884,1070,733,1080,788,1259,801,805,1181,1218,662,898,623,1114,800,744,643,1090,1335,726,585,761,1246,1126,904,1092,1149,1386,1072,871,1307,1065,880,1055,727,1053,643,1057,1325,1319,897,1260,1125,912,657,1073,672,587,678,1062,1107,1319,906,1062,1181,1187,1186,725,761,1256,612,890,738,1317,1009,1044,594,840,602,1221,1342,602,902,1334,725,1376
708,729,951,713,1024,708,799,711,936,682,703,1025,716,804,1017,738,836,738,1024,836,716,902,746,854,937,821,719,854,710,1028,912,741,699,912,732,939,814,727,798,951,912,701,823,1037,845,708,804,829,712,927,804,1032,735,716,1023,727,730,1019,721,821,722,1023,808,838,738,741,711,743,942,818,811,1038,702,809,793,1026,925,744,716,1037,690,936,933,683,801,725,810,722,689,827,713,992,789,905,807,748,847,805,913,835,699,947
time to watch eagle eye.
let me check.
852,1260,1189,757,1091,929,1311,1096,675,602,911,797,1010,1046,700,598,936,1288,760,1060,747,979,766,1405,1725,1340,759,989,1108,1235,754,1089,806,1099,743,827,1311,1408
768,774,957,750,1025,756,750,1014,734,808,744,917,827,1024,717,827,854,854,712,1042,699,740,698,969,822,855,709,733,1047,934,707,1019,894,823,707,899,865,961
i have heard lots of women simply rave about him.
i'm on it everyday.
1309,1072,1074,545,855,720,1070,1132,758,603,856,798,1042,1363,1370,945,688,1084,1367,847,1094,681,1368,1223,749,1136,1115,701,1225,1440,1411,1325,1008,1102,884,614,904,749,1098,606,950,1356,1185,934,1121,1103,1281,1256,1432,1747,1324,1512,1257,1129,1414,1166,1098,1319,959,1115,765,923,781,857,985,830,663,1062,1460
744,1027,835,804,912,731,1035,840,721,823,739,820,1032,843,743,736,809,1047,755,830,1037,716,756,966,718,944,1045,827,963,747,738,851,729,1019,735,793,910,700,1040,800,920,757,773,721,1033,888,756,970,917,826,751,865,960,1034,719,940,1027,726,763,1031,687,912,699,700,715,804,815,721,939
it was okay.
but despite racking up world titles, olympic gold was eluding him.
1335,980,1099,687,627,735,1089,1379,1265,642,1013,1416,1773,1083,1172,921,1080,815,1301,723,1423,1268,943,793,1094,861,631,843,1269,1318,1169,961,1120,1280,1459,1124,685,1349,856,1371,787,1122,926,1288,925,1347,767,678,1327,1140,1379,1363,971,1235,1486,1308,844,1133,958,1377,1356,810,1120,727,609,722,1117,772,1355,1239,799,1318,1160,954,1118,1007,1308,1243,1420
684,714,1018,713,820,815,1016,757,845,814,729,946,842,967,746,741,1035,800,759,798,764,740,733,707,1035,718,800,895,847,751,946,789,1012,753,768,1032,703,750,678,832,790,1010,717,737,716,831,692,784,919,1045,755,849,704,969,718,742,892,1011,819,744,835,800,1003,693,782,788,1013,698,830,743,794,752,928,804,1016,846,750,946,935
i've already seen it.
1279,1447,1004,760,1079,634,1330,856,781,618,785,954,1115,712,788,783,1140,1093,1277,848,1396
741,845,935,741,1023,818,842,722,711,794,825,716,1012,818,695,703,928,1035,735,728,940
hurry.
how much money do you make.
936,1136,925,900,1019,1387,1774,971,1332,699,1091,1218,1187,798,1057,1051,1189,1312,1112,797,965,1086,821,1315,1089,975,1299,1131,1077,1154,614,1192,759,1371
878,775,752,742,763,969,846,886,762,731,1037,920,784,909,847,1012,943,751,923,739,746,1002,823,745,1011,738,719,731,1020,933,829,843,745,923
can't sleep. my tooth is aching.
821,625,1096,1404,899,1084,687,1271,741,738,1369,1257,1023,1154,893,1063,859,1275,1279,911,1075,1051,1207,689,1054,607,788,1062,1213,1077,884,1345
951,829,956,821,745,1023,842,844,786,781,756,961,1034,940,756,1042,749,760,751,779,842,1019,762,818,1037,837,908,876,761,970,854,956
the cars are american.
892,1080,752,1032,795,577,809,663,1065,607,829,757,1083,599,1176,778,848,1232,819,616,1099,1406
733,847,728,1024,921,825,731,797,1025,812,722,711,1014,811,927,698,711,733,901,813,947,941
i can't watch tv.
can you hold this for me.
1249,1041,812,600,1136,1505,918,1078,684,623,933,815,1050,1032,931,843,1312,1727,815,598,1132,1084,973,1280,1116,997,863,1261,1290,764,1043,883,1041,1179,668,1022,846,1254,794,1043,1149,708,1305
740,1040,925,819,931,825,738,1040,716,820,743,932,845,1049,755,973,967,851,960,856,953,1061,781,748,751,1024,878,769,874,853,1023,750,821,714,846,1012,875,755,752,1052,953,754,961
be in good physical condition, with good eyesight.
1023,716,1026,1195,1160,1025,930,1252,1254,742,1037,1342,864,997,685,1215,821,595,1310,1064,798,1278,1075,756,1181,893,1183,1274,1062,1332,1047,633,1235,880,1061,1039,922,1258,1264,761,1036,746,990,729,676,1196,887,1040,907,1351
932,760,1047,749,969,1032,864,740,738,835,1003,742,862,741,852,749,952,856,853,1022,938,737,932,816,748,747,757,751,932,907,1018,731,713,734,808,992,849,760,752,824,1009,723,732,718,834,735,832,837,715,954
i get off of work at six.
1269,1023,903,726,897,1042,1299,797,789,1035,1300,787,1022,612,1258,776,1217,1041,550,867,1047,627,1171,584,1331
685,1033,867,751,760,1041,748,847,853,1046,737,851,1027,756,746,755,855,1039,825,733,1033,815,751,907,945
where are the t shirts.
she picked it.
602,1128,696,769,690,1027,565,795,715,1036,881,1066,734,1059,886,1071,665,1083,1280,811,896,681,1408,1741,672,1061,748,1048,1421,1284,821,1232,749,746,1086,1302,824,1446
728,836,713,729,694,1019,834,728,704,1022,739,818,719,1019,737,1021,822,867,746,714,716,808,945,813,818,819,714,993,745,711,910,824,710,785,995,716,811,957
ust got back from church, and i totally hate insects.
1205,669,903,1063,926,1315,881,1064,883,595,769,1225,1062,823,808,1333,1198,1085,798,1179,1276,842,823,1125,1310,1107,618,1155,779,1098,1278,1080,926,1298,928,587,1290,1289,919,1063,1084,594,878,738,1059,1227,1115,689,775,813,909,659,1393
774,842,742,1032,849,781,712,1024,920,805,916,857,1030,818,726,762,947,993,914,835,733,718,910,844,943,1008,827,921,818,1019,752,1017,773,773,770,822,863,856,748,1003,849,847,751,727,1023,764,964,817,707,898,727,803,947
i'd like the number for the hilton hotel please.
i'd like the number for the hilton hotel please.
1152,1451,727,1043,1305,1233,1221,717,1060,864,1074,721,1024,1086,1147,1162,959,735,804,1014,821,1292,785,1068,883,1047,728,1054,865,1189,1291,903,1333,1099,1067,879,1310,893,722,1307,1084,1380,1268,734,576,682,747,1357,1766,1273,1526,744,1076,1349,1231,1273,727,1075,899,1101,747,1056,1097,1130,1200,1008,727,806,1045,824,1299,781,1059,876,1039,727,1039,828,1223,1294,808,1325,1101,1049,875,1308,881,704,1311,1078,1413,1307,741,599,696,756,1407
785,879,858,1021,852,770,863,774,1017,782,841,772,1027,937,761,971,949,772,766,1048,849,753,761,1048,766,853,747,1036,864,775,848,756,734,964,1050,872,756,761,735,848,1025,758,858,745,819,794,710,965,843,771,867,807,1018,825,761,847,746,1020,747,828,728,1036,923,728,945,940,732,733,1031,835,753,729,1029,731,845,729,1044,838,748,833,734,747,937,1032,849,784,751,732,874,1036,747,849,733,828,827,735,948
such an inclined passage following a seam of coal is known as a slope.
666,1129,765,1080,1024,569,1108,1048,1267,1103,793,1344,1235,1132,754,752,1078,1443,593,688,690,586,926,735,1103,863,1356,1347,1340,1346,676,1287,1150,927,1092,593,1086,672,739,596,1230,1100,1362,844,1083,809,1338,589,1351,1108,1303,668,1070,1257,1141,1334,658,1115,1066,587,669,1079,587,1066,684,1294,1322,1386,718,1383
826,751,928,828,1012,829,950,1035,740,946,928,834,760,941,713,826,1009,732,807,805,809,810,828,719,1025,818,748,849,848,745,711,745,914,807,1002,795,1000,770,696,781,951,1001,715,811,1010,902,711,793,809,991,749,802,998,833,934,736,723,926,994,815,800,999,811,1010,803,831,748,761,716,942
thank you for pointing that out.
925,1083,595,1096,1254,1062,935,1292,1131,1059,835,1290,819,1079,1408,1314,1238,1120,894,1246,1120,890,1074,889,1064,607,893,1059,1299,1121,897,1377
737,843,822,962,838,1026,747,715,728,997,828,761,747,983,774,763,754,929,740,741,925,832,995,732,818,809,730,1008,725,743,726,940
it was okay.
1263,939,1097,630,605,681,1094,1363,1252,595,914,1409
732,731,999,703,827,812,1008,733,831,827,733,929
i'll pay for the tickets.
1271,1478,1324,1315,1080,1445,571,920,1091,843,1340,798,1080,891,1046,724,1037,951,1295,835,1137,771,962,687,1385
702,825,820,822,1021,740,809,734,1025,835,749,719,1010,737,818,713,1026,733,774,913,851,742,743,802,939
in other words, the rejection was a bureaucratic, procedural decision.
1251,1039,971,1258,808,1001,662,746,1003,591,1278,775,648,538,1239,1045,828,1023,643,1029,748,650,1136,653,685,844,1230,1310,1063,1039,569,507,593,1047,496,1048,788,1171,737,647,497,1079,738,729,513,825,1189,715,1264,1063,1371,778,1268,735,640,665,1102,748,506,1312,1081,670,673,719,1227,581,1227,1326,1070,1366
747,916,1034,746,723,833,723,725,991,731,738,732,808,809,914,1010,725,799,711,986,714,692,835,708,901,703,730,723,938,1014,692,816,814,1012,810,1015,906,710,702,701,807,724,901,694,805,723,759,892,922,1020,724,721,741,887,702,803,741,707,795,844,999,809,707,922,725,825,740,740,934,908
announcement for mission specialist and pilot astronaut candidates.
471,1068,1071,1297,1115,1060,700,618,1158,623,1081,791,1047,740,1305,711,1047,1160,1186,569,572,1222,1303,1073,1054,593,1352,635,703,1215,520,1306,1188,558,791,1042,512,1103,662,1048,1366,1205,1321,1322,778,1028,509,593,804,717,1291,1079,504,1117,792,1016,720,503,1066,642,1194,655,506,800,663,574,1308
832,959,958,736,739,964,904,719,955,731,957,726,1035,834,755,720,1024,951,756,819,824,756,751,944,1031,829,769,728,915,743,843,826,738,841,746,1021,830,916,822,1000,758,743,824,744,719,1019,812,820,735,740,765,963,806,755,721,1014,908,828,956,812,737,818,831,750,713,814,944
how tall are you.
1073,1311,587,1034,834,544,1266,1264,1057,537,771,680,1060,873,1267,1102,1333
920,761,751,1018,752,829,857,851,1012,843,748,725,1013,748,750,767,919
colin powell rocked yesterday on cbs.
693,1290,1288,1187,1084,1048,1353,1243,541,623,1260,1259,1062,711,1265,695,1146,626,660,1048,837,654,586,830,623,723,714,513,816,1073,1297,1057,1019,723,953,579,1300
971,774,863,771,942,1030,774,766,779,757,860,857,1005,767,772,926,854,741,847,1020,743,719,821,745,729,741,832,839,741,1025,750,949,1035,928,992,851,965
glad i didn't do bay to breakers today.
722,1290,527,681,1063,1228,1046,625,1260,657,1084,1359,871,1056,699,1313,1063,1039,546,925,1039,887,1310,1070,1051,795,712,553,1240,723,802,618,1056,868,1323,704,543,884,1343
836,831,840,870,1036,755,1024,851,764,853,963,830,748,1012,837,751,1011,915,841,745,1034,719,747,989,894,712,702,800,839,707,692,773,1016,712,748,804,819,690,914
i've already seen it.
1238,1484,1029,665,1001,540,1318,763,681,530,721,936,1095,626,707,709,1143,1074,1282,856,1313
708,815,933,713,1004,796,830,711,691,812,809,698,1000,806,685,685,909,1016,745,697,932
generalizations of this sweeping order are apt to contain only partial truth.
1025,690,1112,669,745,536,1296,1209,579,530,867,1237,1253,1313,1114,605,1067,1321,793,874,1058,1210,620,1029,633,616,713,707,1426,1287,1140,911,1094,1315,790,721,736,804,1106,595,815,731,1101,570,1393,931,1104,906,1353,1021,824,1296,1123,874,569,1250,1116,1056,1289,1104,1294,908,1071,1377,557,808,880,1237,558,1330,1083,872,795,1084,866,1047,1329
867,719,934,719,724,807,844,772,905,808,735,772,767,765,923,803,1007,751,807,703,851,762,805,990,807,722,718,724,777,741,914,813,1004,769,717,831,717,716,999,812,715,697,1018,813,771,703,1006,717,755,1004,940,748,909,731,809,748,920,1018,751,933,811,708,1007,750,799,697,711,736,799,813,979,719,696,712,695,812,923
i'm not itchy for now.
1201,1423,1199,1059,1150,1341,879,1064,1233,873,793,1101,904,1043,815,1286,772,1063,1134,1331,626,1381
727,834,925,1003,923,753,733,1009,733,714,879,818,692,975,819,742,696,997,882,731,708,919
the survey's margin of error was plus or minus four percentage points.
851,1090,667,1047,624,1158,806,844,723,928,1486,635,1111,1223,580,791,879,1289,1135,1072,1353,823,1067,724,808,806,1350,791,1066,617,589,663,1079,1352,1293,1160,633,1079,1316,819,1078,1203,1236,1097,1130,637,1061,811,1321,1140,751,1039,1389,701,784,821,700,1101,856,562,930,705,1084,1389,1297,1218,1110,883,664,1385
711,795,694,993,805,716,693,895,686,697,837,785,1001,895,810,699,812,736,915,1005,716,813,999,705,715,714,741,715,997,685,796,772,1000,741,833,719,793,987,722,695,1019,933,731,946,733,800,1027,836,736,737,699,1040,748,713,712,881,705,953,729,797,794,694,1038,754,731,705,896,684,772,939
bachelor's degree from an accredited institution in engineering.
1061,590,805,1117,709,1301,1298,805,1422,620,1008,682,659,849,683,663,670,1045,831,770,1326,1158,1044,557,1134,1063,548,777,775,738,663,682,1237,849,683,698,1050,1252,1102,608,827,1243,835,1057,838,1186,1266,1080,1031,1257,1081,1016,636,1080,854,1189,1073,680,668,757,1232,1104,864,1415
954,816,945,839,716,845,761,740,837,837,1025,819,722,874,721,725,735,1041,852,730,788,972,1025,830,921,1029,829,954,952,738,713,839,748,756,736,834,1022,743,945,844,759,761,756,755,748,774,769,942,1051,767,954,1028,742,971,846,767,961,731,709,726,749,927,819,954
you're right.
855,1297,1105,1438,770,694,1034,790,872,1054,880,873,1362
718,717,738,844,731,729,1042,717,813,815,702,708,955
blah, blah, blah same old same old.
i'm truly braindead.
1084,1315,552,1041,1341,1046,1121,1358,561,1077,1330,1061,1112,1355,548,1123,1036,645,565,1183,697,1058,1284,1288,707,1057,625,529,1131,677,1043,1295,1256,693,1334,1716,1263,1486,1196,1083,828,765,1143,1325,868,1065,824,768,578,1224,1102,729,723,576,667,1411
962,839,837,862,950,1044,956,830,832,832,937,1043,946,823,829,862,1018,859,865,941,757,1041,777,869,840,1029,846,861,982,773,1040,751,861,837,958,868,777,891,963,1039,793,771,766,858,760,1016,920,748,836,748,935,838,732,826,836,963
when does the bank open.
647,1091,1087,1051,747,765,1332,727,681,1068,891,1070,737,1065,1082,567,1148,1275,1076,1306,1368,716,1119,1406
755,867,966,1054,858,836,756,741,844,1025,747,831,738,998,915,825,945,826,1011,756,761,751,947,927
they wrote at times with pictures standing for sounds, as we now write in rebus puzzles.
880,1056,710,907,1029,603,772,1308,911,702,1040,565,884,1072,904,1263,1188,748,666,1072,660,1247,913,1077,1047,1404,1262,829,923,1179,821,755,692,705,755,943,636,1130,784,1278,1148,916,1076,872,1346,856,1096,687,1310,1137,1105,775,683,1277,1111,606,697,1127,676,746,1121,1145,1368,785,1090,815,894,1316,965,793,1084,1284,1153,1096,864,789,927,1196,718,1122,1428,1201,663,664,1320,784,720,1390
727,823,720,732,1036,720,716,741,720,697,1026,810,729,999,716,736,934,704,789,1029,715,746,719,838,1010,772,747,905,741,753,708,709,790,790,766,731,793,942,803,751,932,795,1020,814,773,710,1022,796,738,729,913,785,795,960,1040,816,800,1028,713,703,1028,973,775,722,1040,728,728,774,750,714,1054,766,944,1047,728,709,891,747,814,1031,770,749,894,891,856,699,811,952
what will the weather be like tomorrow.
665,1068,621,926,1066,700,1242,1351,1356,1078,887,1096,731,1045,647,768,589,898,1107,766,869,1084,1110,754,1084,1350,1257,1290,749,1100,913,1363,1219,1371,849,854,1377,682,1394
738,832,828,751,1046,733,767,841,849,1048,746,853,734,1038,729,733,826,749,848,729,744,1021,927,728,1014,846,753,857,723,1025,751,769,964,769,737,749,759,734,937
house correspondents dinner was last nigh
911,1285,1121,692,747,1055,803,1295,799,799,730,672,1388,1253,1117,754,733,1133,885,664,1066,758,1233,1095,1091,731,814,1057,630,570,659,1056,1314,572,661,873,1059,1119,1237,877,1077
892,778,772,857,741,1046,924,767,729,737,729,838,768,756,943,815,738,947,738,814,1025,804,762,945,946,734,748,1028,723,819,808,1029,836,823,818,756,1039,949,774,813,852
huh. is that a good or bad thing.
1095,1186,1076,1296,1044,1250,655,1034,892,1072,578,888,1042,584,1046,909,1317,1325,735,1091,1298,813,1057,1008,564,719,1035,886,1057,1183,1073,905,1342
875,761,868,937,1035,771,828,1037,751,847,826,754,1020,826,1026,856,780,775,819,1016,787,748,1027,976,829,828,1048,740,872,770,966,826,972
announcement for mission specialist and pilot astronaut candidates.
550,1081,1082,1285,1117,1096,804,720,1135,717,1083,888,1052,801,1322,766,1067,1170,1227,640,646,1227,1303,1099,1061,656,1395,705,809,1286,577,1335,1271,641,889,1096,573,1153,746,1107,1422,1313,1348,1361,866,1085,587,665,912,802,1352,1121,582,911,1135,1062,785,579,1121,727,1267,727,556,902,761,665,1404
833,972,974,766,761,945,908,748,962,742,978,740,1055,846,769,749,1044,953,790,848,846,797,799,959,1053,841,778,739,927,774,826,853,768,830,760,1006,827,908,837,1016,759,744,852,746,741,1025,830,818,745,729,770,962,811,741,733,1036,910,829,953,817,757,816,830,746,703,798,932
he volunteered a modicum of advice, limited in quantity, but valuable.
1101,696,1029,777,1346,1320,1196,1114,886,751,758,826,717,730,1053,549,1078,1225,1323,739,1240,789,1141,1199,1066,1329,817,1060,560,712,812,1250,759,701,1273,1082,1345,1258,1209,1293,896,714,720,1074,1245,1122,1047,546,1153,562,1102,873,1219,865,956,1290,1116,893,1179,855,1074,726,589,1309,1202,580,825,1417,745,1505
839,761,1029,955,736,856,755,973,754,729,733,743,727,808,1025,833,1017,928,736,855,748,942,725,950,1044,731,835,1020,849,851,936,728,947,746,908,1014,825,732,982,752,750,739,811,1000,725,903,1013,747,741,845,943,761,770,750,751,924,1028,930,742,724,1003,929,824,835,708,837,935,819,748,963
your prayers worked.
932,1289,1137,778,1060,1393,815,571,948,728,853,640,1081,655,1322,815,1206,722,724,1363
746,733,747,715,1017,752,746,816,750,728,731,796,1018,739,759,728,849,727,794,938
waiting in line at safe way.
how do you use the twitter api.
635,549,1249,919,1262,1134,917,1075,1243,1112,1030,1342,1239,1084,698,1024,560,881,1048,655,555,832,714,1076,628,569,969,1346,1717,958,1305,614,1056,735,1313,1064,901,1303,1152,1055,1148,649,707,1036,883,1056,711,1051,854,623,1219,884,895,708,797,1051,579,1273,1362,1364
745,825,744,749,746,921,828,1005,741,936,1065,818,737,942,744,1019,829,762,1029,799,827,863,729,1027,732,827,729,954,820,861,769,747,1021,811,760,1022,718,752,768,1043,750,819,732,1029,741,812,730,1039,744,729,752,740,757,716,713,1030,809,765,753,934
what do you study.
618,1065,550,873,1043,732,1296,1105,880,1295,1116,1049,666,889,1096,749,909,1340
709,824,801,732,1010,802,757,988,730,726,740,1039,817,719,711,814,712,952
do you have an appointment.
737,1311,1078,895,1296,1123,1042,1045,573,859,721,1060,566,1095,1038,566,1337,1338,1229,1153,1055,901,1171,711,1072,866,1409
861,753,1019,769,748,767,1053,832,857,959,750,1057,836,921,1056,842,767,764,750,769,968,759,887,762,932,772,964
very interesting ad from adobe by goodby
i really appreciate it.
1063,700,810,941,1059,1206,1071,867,695,790,683,641,866,1216,1085,893,1050,568,737,1056,804,770,1307,1165,1060,510,702,1295,884,672,1034,1028,884,1019,931,1301,1303,747,920,918,1045,1242,1037,795,691,534,1313,1315,939,1089,557,1371,1377,798,713,783,1213,560,881,711,934,1187,826,1369
955,773,788,787,1050,774,962,767,720,743,718,844,742,771,953,845,1030,838,845,1029,848,732,772,955,1019,848,844,742,925,759,1045,933,710,1021,822,754,746,833,882,729,1048,733,1028,736,714,831,824,821,734,1007,829,767,764,751,729,907,757,823,736,695,988,758,722,932
the cars are american.
866,1102,691,1045,790,546,825,641,1056,553,814,732,1060,555,1183,726,800,1244,791,567,1114,1369
771,819,748,1016,948,860,750,824,1027,834,758,729,1029,826,951,732,736,765,923,836,947,953
higher physics exam tomorrow, not looking forward to it much.
829,1217,771,997,684,781,1036,1363,823,1021,616,1160,586,610,1039,684,605,554,1182,1059,871,1312,1164,1326,811,802,1324,603,1274,1096,1100,1341,888,1064,1296,1311,1313,1370,1319,1142,916,1079,826,1332,813,641,602,859,781,1090,913,1319,1094,1209,825,1054,1176,1191,761,1076,1371
900,753,886,874,753,760,1049,775,870,748,858,761,957,863,1052,753,943,836,950,1054,767,775,971,771,756,761,773,747,945,1023,962,777,766,1050,893,767,761,863,752,951,842,1024,866,769,752,733,853,748,829,1015,759,781,1020,787,760,1044,966,783,921,835,940
since it's probably impossible for a non russian to get into the cosmonaut corps.
629,1222,1084,759,683,1033,1218,852,1438,611,1057,1386,790,1277,902,537,916,1319,964,1092,1246,1173,1397,1269,657,644,1260,912,1316,669,1047,787,1343,768,1073,576,1055,1136,1269,1122,1065,817,1145,661,654,1232,580,1089,1045,910,1297,1046,1049,711,898,1042,1231,1087,843,1318,1054,865,1056,708,1024,775,1265,637,1149,1291,1096,556,1147,921,1056,783,1307,795,1434,649,1363
821,742,950,906,731,1037,755,734,836,815,1026,738,746,752,910,843,914,839,736,1030,747,950,741,758,843,845,756,934,862,751,1022,847,770,762,1002,844,1016,944,748,930,1029,757,748,830,829,755,836,943,1030,750,761,1014,829,736,754,1030,740,948,742,751,1012,737,829,715,1011,902,735,815,949,747,915,815,691,733,1002,921,741,712,723,807,928
the circumstances leading up to the shootings was not immediately available.
i'd like a map of the city.
867,1027,708,980,757,1190,764,748,1082,1133,610,822,549,1015,774,685,619,989,1256,708,540,720,1194,1080,854,1032,1136,1343,1033,858,1303,1055,869,1042,691,1030,643,1039,1268,1275,868,1199,1066,857,634,1046,630,560,648,1046,1093,1299,830,1029,1223,1144,1159,717,734,1219,553,863,715,1322,963,1066,582,858,575,1227,1350,583,892,1302,723,1357,1715,1263,1467,761,1061,1310,1249,1339,693,1043,581,1076,1208,587,1414,1056,1278,816,1036,884,1057,707,1003,768,1208,899,1033,1292
753,824,736,1010,916,738,708,903,736,947,830,749,812,916,959,733,844,1028,846,745,835,845,728,952,834,1017,734,706,1026,737,723,994,751,792,739,998,828,812,712,716,745,712,915,832,818,1030,722,825,814,1018,913,719,720,1023,716,943,943,700,806,700,807,728,691,829,714,1021,813,889,817,712,814,819,915,836,722,924,820,708,816,814,1021,839,722,829,746,1027,836,1029,902,819,719,1003,746,844,1004,745,800,719,1009,904,716,726,715,954
here is your salad.
1047,699,784,679,1018,1239,628,1032,884,1263,1105,695,1033,643,570,1273,566,702,1343
863,725,721,700,1002,754,817,1004,731,752,765,719,1023,802,826,836,815,810,942
