hurry.
an honest, quiet laugh often mantled his pale earnest visage.
955,1022,703,703,844,1205,1463,509,971,768,965,1154,976,627,579,787,1129,783,499,1021,1100,635,791,780,1196,512,1021,779,955,819,1173,720,778,637,979,815,1080,526,988,777,1208,641,653,788,959,1112,608,792,1243,524,1221,648,814,641,529,714,988,639,608,805,795,756,1115,608,528,791,648,1244
713,632,602,608,616,819,692,677,771,842,689,620,807,590,666,604,783,845,597,612,614,596,604,852,695,677,617,663,692,861,617,668,608,596,770,857,776,667,774,615,701,605,675,846,695,616,648,839,611,673,721,598,844,605,662,592,760,598,657,602,848,744,617,648,664,671,588,789
whose book is that.
how old are you.
593,983,1193,600,669,797,843,1178,1180,1125,795,1153,597,824,784,1014,532,808,1277,1529,990,1224,577,802,1212,1218,655,795,509,708,637,805,873,1215,1034,1251
590,714,624,652,597,836,769,639,639,720,830,589,646,842,600,698,674,612,809,656,684,599,584,844,604,673,668,842,664,598,593,848,628,612,617,806
is it ready.
1073,576,796,1080,783,799,696,644,498,641,857,1243
580,637,841,582,603,835,596,585,653,648,618,791
when does it arrive.
576,953,641,980,794,643,1168,631,568,776,1085,783,799,509,710,708,1099,767,646,1251
598,694,593,777,844,661,634,593,650,828,638,607,842,683,596,600,644,731,600,818
are you going to attend their wedding.
533,719,643,853,885,1189,1019,791,820,1174,1089,988,794,820,776,1203,815,522,775,776,632,1016,664,812,779,981,631,1130,717,815,597,664,678,674,1117,1021,804,1282
656,605,598,870,602,612,615,831,686,615,604,759,673,848,602,596,839,680,609,614,600,761,665,842,611,675,607,606,602,841,608,603,683,673,615,776,682,780
give me the pen.
who's that man over there.
799,1084,767,623,836,1079,628,815,770,927,632,811,1207,638,952,1225,1517,511,900,1120,1238,524,797,730,911,476,736,790,1038,477,955,766,1125,725,609,676,783,749,934,614,694,609,1224
678,585,758,598,876,774,612,855,611,713,608,856,629,607,792,819,660,512,657,558,682,604,801,550,658,619,558,817,754,637,771,805,598,723,573,562,818,580,668,590,583,581,768
i'd like to buy a phone card please.
1102,1277,648,823,1204,1114,1121,645,821,763,1185,833,830,1033,856,824,521,824,1285,962,1154,979,658,811,693,522,712,669,826,1254,1213,649,517,595,664,1235
572,691,652,849,675,592,673,588,844,581,598,849,731,586,608,846,656,841,587,660,581,748,579,827,711,645,580,657,834,597,678,588,646,641,567,774
the committee worked in accord on the bill, and it eventually passed.
784,972,645,831,700,1201,1074,1074,1099,784,785,659,657,835,599,1170,734,1125,669,677,841,1132,1029,817,534,709,711,1192,722,690,845,1223,1037,821,805,1003,663,832,857,1147,1231,1230,1203,817,550,1043,690,819,1137,806,836,666,778,670,1019,809,1050,560,1224,1224,899,841,1260,556,635,642,714,714,1278
594,673,592,834,753,589,770,782,595,589,593,585,589,842,590,626,586,647,577,656,846,626,810,829,669,742,729,618,595,662,836,602,772,828,609,676,602,834,740,603,691,697,781,827,666,760,679,836,614,605,841,579,740,595,779,604,602,666,700,701,621,844,619,660,662,656,594,657,819
can i see your passport please.
727,567,1009,832,1098,829,635,709,709,836,889,1143,985,749,845,1220,555,625,626,1220,1131,753,828,836,1208,1158,691,567,640,717,1192
745,664,807,845,626,837,653,598,601,831,612,606,621,607,852,609,663,656,654,608,620,605,609,856,613,703,604,664,666,592,820
but the flames grew too large, compelling firefighters to call off the rescue.
generalizations of this sweeping order are apt to contain only partial truth.
863,1057,841,876,826,987,696,856,763,1192,571,1078,708,625,853,830,748,681,625,854,824,1186,1184,851,1184,560,767,836,694,1154,830,743,1193,1084,1275,675,1206,1210,1119,1007,823,835,767,1129,764,694,771,1141,844,981,838,701,785,657,856,842,1223,825,751,588,1271,1273,833,1238,794,797,859,858,1017,715,856,799,728,675,766,1074,736,1307,1631,860,721,1032,718,794,592,1227,1145,618,595,865,1153,1220,1018,668,865,1217,808,889,843,1013,1149,678,866,670,670,751,747,1310,1170,1051,870,853,1245,788,741,734,794,854,593,788,717,854,595,1288,866,866,855,1226,863,775,1241,1032,863,615,1154,1018,859,1129,909,1129,793,722,1190,459,660,735,1047,472,1143,763,742,673,964,737,888,1217
764,616,617,864,619,685,596,847,683,698,670,769,611,660,849,688,599,599,602,850,613,639,636,849,709,675,598,689,606,790,846,741,621,788,616,598,722,728,635,788,683,849,676,640,617,614,688,634,681,711,630,623,628,675,856,638,646,844,761,688,686,691,842,623,694,698,849,615,716,608,833,613,599,660,753,639,613,822,702,696,616,791,618,618,690,705,639,740,683,620,629,616,796,671,851,625,679,866,620,697,622,667,856,685,604,612,614,646,639,805,693,862,630,610,668,609,616,848,686,617,619,847,683,641,630,858,626,629,852,760,624,793,635,692,636,796,860,577,812,683,561,802,602,644,581,598,594,657,692,824,588,589,607,599,679,818
do you like to watch tv.
641,1176,807,854,1179,998,789,1166,1067,1072,649,803,785,825,823,592,520,792,700,966,815,803,768,1356
637,603,843,599,595,603,827,676,604,687,586,836,601,841,853,588,667,602,727,656,829,601,743,789
the book is in front of the table.
what do you think of these shoes.
778,978,640,826,828,1165,1170,1106,800,1099,610,837,1111,982,801,737,733,1162,977,797,819,1172,733,824,783,955,660,824,795,552,848,1200,647,1240,1547,585,986,529,805,856,667,1217,872,890,1196,1031,806,791,970,1106,981,1110,816,1187,745,840,798,964,669,602,669,826,617,962,1208,671,607,1265
595,651,601,839,742,567,563,657,829,570,635,841,569,760,818,665,594,580,761,592,833,566,628,828,574,657,564,828,591,642,725,668,548,768,619,563,640,640,589,848,644,559,860,595,568,578,827,581,656,573,741,657,827,561,641,829,583,651,567,625,556,821,629,659,567,572,640,762
have you ever had potato soup.
tell him that i need to talk to him.
1009,567,793,675,860,926,1197,1028,815,700,797,689,760,843,1029,571,701,855,1298,1212,835,578,840,1193,857,656,1190,1042,1257,1252,1534,833,702,1232,1226,859,993,1126,1121,853,830,984,592,836,879,1123,863,998,702,697,718,871,855,1198,875,837,595,1216,1128,860,859,1197,880,992,1130,1125,1259
648,660,739,570,839,604,581,591,825,568,732,579,581,829,656,645,649,832,587,578,597,649,594,591,837,648,589,595,592,785,681,599,596,671,665,852,658,589,739,848,594,666,671,613,861,596,847,752,593,593,659,842,614,600,851,609,671,663,683,842,605,598,851,674,597,759,798
i'm bored.
will you pass me the salt please.
1137,1366,1118,851,891,1210,782,720,732,1293,1515,646,1153,1237,1236,867,946,1225,1054,842,1267,594,674,670,847,1087,720,860,863,977,720,878,663,580,1192,862,864,1252,1202,711,576,655,724,1251
581,654,778,849,751,602,604,594,681,767,663,597,578,660,663,846,623,585,586,843,579,653,658,655,840,755,594,846,606,714,593,851,645,672,712,600,844,611,699,587,653,661,576,791
such an inclined passage following a seam of coal is known as a slope.
657,1062,751,1003,873,587,1019,839,1113,998,745,1190,1094,1003,711,726,853,1280,582,662,659,578,859,710,853,790,1203,1213,1215,1205,655,1135,1029,851,866,592,853,663,728,579,1114,848,1212,791,885,755,1218,583,1223,860,1174,674,854,1147,1033,1213,660,1035,855,590,665,841,594,860,674,1231,1207,1276,725,1301
652,610,750,698,847,671,767,846,614,783,715,703,615,769,587,640,837,598,679,665,664,672,681,593,836,675,596,680,687,590,594,601,767,659,835,669,831,657,595,662,755,824,589,667,840,740,607,682,695,836,529,646,828,660,743,592,587,748,823,653,650,826,667,828,645,677,597,581,579,766
i'm a beginner.
1141,1349,1125,853,596,858,895,714,866,1175,1056,1052,718,794,1286
590,682,775,837,658,841,750,588,677,519,735,736,579,579,772
when did this happen.
664,1036,729,1059,863,734,1179,734,856,881,1047,1176,669,861,1057,597,1319,1325,723,1034,1310
573,628,574,734,824,657,576,653,823,610,662,571,650,824,654,663,570,567,581,748,764
where did you learn english.
655,1010,733,785,710,853,727,1151,728,854,938,1226,1052,848,1212,706,588,784,1035,849,708,1032,863,1262,1161,670,1000,1310
578,668,583,582,584,822,650,586,648,813,600,579,597,825,673,566,647,580,733,810,566,733,648,623,547,635,640,779
let's go.
there's plenty of time.
1199,724,859,1353,667,866,857,1221,1280,1537,845,1001,717,789,714,1375,667,883,1313,1268,736,1039,851,958,897,1244,816,889,845,1122,1087,719,1261
652,582,573,629,635,815,659,561,742,647,583,656,586,582,585,625,642,829,565,649,574,733,595,610,851,593,647,831,594,567,746,579,787
what day are they coming over.
what's wrong.
663,1043,595,863,858,734,583,911,910,605,784,711,883,849,1019,722,942,892,770,1226,1102,1138,1024,847,886,1205,829,719,795,1269,1522,658,990,597,859,1318,675,857,669,794,1215,1029,873,1275
574,661,653,601,825,652,642,588,836,649,581,583,837,582,665,593,603,847,729,547,762,572,731,648,833,574,738,572,580,743,643,589,665,676,607,656,654,830,580,589,581,741,665,751
can you throw that away for me.
the river is a perpetual enjoyment, always something going on.
774,594,1005,875,949,1169,1045,853,865,1009,801,1200,694,896,873,1008,628,884,896,616,697,613,952,891,819,1220,821,910,1104,745,1272,1530,873,1033,756,904,837,1180,866,753,834,897,1182,711,897,641,893,1302,779,826,1298,759,896,1102,650,1262,899,774,1049,1083,1230,978,1144,779,1062,902,1205,918,645,1263,725,666,964,753,919,750,1254,1160,800,925,1054,1169,1077,914,929,924,1257,1189,1075,925,935,1267,1096,1300
776,667,785,848,612,617,612,829,607,690,613,615,603,856,621,698,687,622,860,685,629,678,620,844,669,601,618,861,755,612,769,654,620,664,612,858,619,593,771,604,613,860,602,666,858,671,856,594,614,623,604,616,620,601,674,684,843,598,760,695,601,622,742,611,758,610,757,850,677,671,594,669,626,670,856,679,611,754,616,627,673,616,764,677,867,702,618,604,760,685,875,610,755,751
have a good trip.
1011,659,868,760,911,663,912,924,1239,1242,788,912,922,846,1152,1307,1299
697,667,763,606,851,682,861,697,634,634,684,857,630,610,632,614,784
is your house like this one.
1160,715,911,993,1234,1082,840,915,1022,1247,1088,729,794,922,1252,1161,1174,788,923,904,1026,1159,735,917,1232,1061,787,1288
629,647,848,617,629,620,607,852,700,612,620,662,601,851,690,611,710,612,851,623,698,618,665,848,626,779,600,766
what will the weather be like tomorrow.
what size.
706,1009,634,896,921,707,1125,1193,1192,910,892,987,755,904,701,761,626,878,1002,758,825,923,934,761,913,1237,1144,1146,761,883,883,1257,1139,1252,819,821,1248,703,1297,1543,714,1063,652,919,919,737,1195,688,791,1335
600,668,663,606,843,598,551,653,654,834,601,656,593,828,583,594,688,596,666,588,597,839,754,599,836,670,597,692,594,829,600,586,762,597,587,592,602,588,785,639,596,663,655,612,843,664,595,740,583,799
i'm here on business.
1211,1360,1170,907,1060,786,848,772,911,1281,1104,898,963,1133,737,1196,1083,802,738,745,1325
575,662,785,830,676,583,598,596,831,598,760,832,748,582,644,549,742,604,639,639,751
i'll pay for the tickets.
take a chance.
1192,1324,1376,1364,907,1350,672,990,979,878,1274,849,922,921,1045,796,930,917,1192,834,1188,783,930,748,1313,1613,909,677,1193,822,942,679,918,848,1073,682,1098,839,815,1308
564,635,682,698,831,582,668,617,851,673,588,611,833,619,676,598,842,613,597,730,676,579,610,660,778,563,611,679,671,619,851,683,843,763,674,674,735,745,585,752
do you want to come with me.
824,1290,1009,1009,1274,1103,933,751,665,1097,926,942,919,1277,942,843,1276,1146,800,934,744,1191,928,1047,941,1136,791,1289
660,576,877,621,576,588,846,608,682,760,618,846,621,580,853,754,596,754,598,849,585,612,622,691,853,810,616,821
i've been here for two days.
1174,1322,881,761,928,941,776,776,1059,905,1005,767,838,767,914,852,1206,851,924,908,728,1267,897,803,666,984,746,1293
615,699,760,596,848,761,605,606,789,838,703,606,614,616,835,675,617,620,838,622,600,580,823,665,648,605,662,770
i want to ask you a question.
1166,892,706,638,1069,888,906,887,1241,900,644,729,1198,904,1001,1245,1101,887,663,895,676,1110,820,751,934,1181,1255,1061,1294
585,824,588,664,755,607,834,608,612,830,657,647,671,836,624,605,606,837,663,833,591,610,613,666,613,611,592,761,774
can i bring my friend.
behaviours have changed and attitudes have changed.
828,664,1076,941,1179,924,970,859,1199,1072,920,918,1151,991,932,865,861,1171,796,1052,803,1273,1597,968,801,1029,685,902,1199,1256,1121,865,757,931,1060,681,905,807,951,849,1071,688,1084,941,808,811,939,690,1091,827,956,682,926,926,1166,921,1086,806,806,749,942,1071,686,904,803,930,857,1054,686,1084,940,799,822,1306
704,646,737,834,586,829,741,584,590,755,675,838,741,599,829,642,595,585,580,759,650,768,638,751,600,669,665,744,578,577,582,591,650,831,659,645,750,583,845,740,664,647,734,681,593,655,834,657,740,663,835,668,613,609,590,610,596,657,599,645,833,677,658,742,588,828,706,672,647,751,671,582,660,758
he can't trot down the street without being besieged by paparazzi.
1050,782,950,831,665,1070,1377,917,959,921,866,1242,919,921,806,1236,737,1055,941,920,1047,795,952,754,937,868,814,818,942,966,762,1189,944,1053,1269,1125,934,965,971,829,1204,1090,942,941,973,811,763,1189,838,958,835,843,960,1016,1064,955,1335,717,1328,713,893,711,722,725,1194,1373
664,568,838,730,654,759,668,608,848,616,595,601,611,844,659,606,586,752,833,613,674,599,843,656,615,600,589,588,616,863,586,609,620,678,606,615,622,861,780,610,600,784,693,862,790,597,662,600,602,691,600,672,847,784,646,862,619,665,625,663,617,662,743,729,620,785
are you married.
674,874,793,921,1018,1238,1091,911,1138,675,861,864,1163,814,810,1322
661,607,584,833,619,606,602,832,720,653,598,602,593,594,658,770
it's very cold today.
1129,879,1280,695,877,834,740,816,960,866,791,1182,1201,761,900,865,1181,761,639,959,1222
608,605,684,656,832,760,599,602,625,844,747,624,712,679,862,617,628,692,693,643,787
i'm very busy. i don't have time now.
my name is john smith.
1158,1321,1126,883,866,772,834,984,920,940,1099,728,980,1275,904,1156,891,792,1242,1058,1369,906,933,1051,662,884,785,919,911,1197,1160,779,916,1048,1236,718,1290,1537,1154,969,927,1048,640,1155,775,900,1206,720,905,1150,1290,1047,1082,898,738,1148,1182,916,1030,1323
602,678,786,864,786,623,622,647,866,789,607,683,653,789,863,604,852,692,623,782,691,640,876,698,687,762,618,868,639,619,778,626,862,826,612,618,825,690,780,616,862,837,675,823,609,846,633,672,843,723,630,728,810,850,675,811,636,630,728,848
i have money.
1188,941,1054,660,882,790,920,1147,1247,1076,787,993,1318
598,870,704,695,766,619,860,779,595,772,610,638,772
do you believe that.
is there a nightclub in town.
789,1227,931,992,1226,1071,875,950,777,1222,1123,781,873,785,912,906,1004,670,921,1285,1521,1140,742,923,907,1036,774,854,779,916,668,902,1084,1225,912,1026,923,826,1238,1082,956,932,1175,1068,934,929,1223,752,1024,1294
672,595,868,647,601,628,856,781,617,705,623,628,786,619,871,641,705,697,657,788,676,618,696,869,653,697,653,660,652,880,721,872,771,504,697,709,635,754,707,620,764,887,635,777,872,644,620,624,786,806
she later found work as a teacher's aide in a head start program in harlem.
745,1023,802,929,1260,673,928,798,874,956,891,1224,1077,1039,821,953,747,1247,870,1182,926,672,756,941,681,942,921,811,687,847,1065,813,881,1422,761,951,687,1201,833,832,949,1214,1098,935,692,949,1071,827,700,845,953,778,960,717,897,966,965,1377,910,1300,968,897,711,1178,955,1206,1108,950,1081,713,900,1311,833,1188,1366
684,694,617,862,715,691,639,624,637,879,719,635,635,793,699,871,631,618,636,712,854,686,691,865,706,867,641,636,697,767,730,620,635,678,691,870,691,646,706,631,867,649,816,864,690,867,712,626,708,698,868,691,645,708,649,654,883,616,643,622,711,628,689,785,871,634,784,864,701,693,634,707,617,795,791
of course.
how do i get to daniel street.
1291,898,956,878,1292,1122,893,775,843,1333,1534,1072,1274,774,688,847,1304,956,1180,949,969,813,954,972,944,1260,932,825,687,1088,1177,837,1252,935,777,971,894,840,839,963,1350
606,700,874,772,621,616,636,684,632,784,679,688,610,637,623,688,615,873,646,864,722,638,654,887,658,647,872,706,702,798,630,637,714,867,685,653,637,626,629,650,836
that's too bad.
747,978,531,793,1260,603,797,784,1179,1182,815,835,557,689,1237
575,675,658,603,668,648,836,611,603,605,857,774,685,684,824
he'll be back in twenty minutes.
what do they study.
964,669,1278,1308,1291,800,849,689,842,860,595,731,1163,845,1150,1017,847,826,648,713,1020,813,890,843,1101,1137,1034,1071,827,709,658,1247,1516,635,993,577,836,832,710,1204,863,911,971,702,913,844,655,834,1053,726,901,1258
703,616,694,763,750,848,783,632,879,821,700,779,720,868,604,791,869,659,639,631,783,651,658,887,780,618,769,607,653,629,695,781,664,616,683,694,644,895,692,620,887,658,704,648,661,887,698,652,636,692,654,823
they are here erecting a fine stone edifice for an episcopal church.
810,999,700,888,846,589,773,694,837,979,705,768,694,834,719,778,711,747,837,1125,1022,836,854,604,845,787,1118,1020,725,847,680,843,1189,1018,729,851,723,743,1113,785,1128,766,730,862,800,1230,794,865,616,1025,858,766,1274,1122,686,764,1205,1288,614,1208,856,769,994,1055,798,773,977,1285
642,702,644,664,876,714,652,639,881,731,638,655,636,872,636,640,627,792,652,636,816,713,886,707,877,716,651,800,634,888,706,656,644,818,647,877,632,703,676,721,674,779,631,885,712,596,656,888,713,800,881,662,635,662,708,787,656,650,713,717,884,786,734,665,649,778,754,837
what time did you wake up.
i'd like to rent a car.
685,1020,610,872,888,865,1126,1094,731,878,750,1133,766,874,941,1205,1047,843,681,610,1134,752,867,1048,1246,1255,1528,1149,1345,753,868,1202,1129,1138,730,879,863,1191,873,797,726,1004,864,881,628,878,787,627,816,1276
633,720,710,651,894,653,655,808,634,881,713,657,689,877,663,646,658,872,629,720,728,647,882,653,672,841,731,663,705,715,883,735,658,741,641,889,656,656,881,644,650,820,659,888,708,885,790,703,656,837
where do you work.
700,1020,754,828,751,891,762,1226,914,952,1229,1072,871,687,1208,821,1144,1280
620,724,636,643,632,900,719,665,906,669,663,663,884,637,654,648,723,809
are you okay.
617,813,751,890,974,1235,1080,889,1226,1150,636,969,1272
717,660,635,898,670,647,659,885,647,727,705,666,791
and you.
who sent this letter.
605,1057,759,902,975,1221,1083,1243,1505,683,1020,1227,864,703,768,1065,886,911,896,1027,1150,722,890,1235,774,888,888,774,844,1324
684,793,694,890,657,646,638,791,695,608,709,648,858,683,630,803,657,898,653,724,652,703,885,723,645,660,660,645,649,828
is it cold outside.
1181,732,910,1199,898,917,828,1259,1267,799,891,1258,1109,915,746,1167,814,810,1353
630,700,882,628,646,885,784,635,732,704,881,636,649,659,704,660,719,650,854
how much does this cost.
1116,1289,734,911,1189,1140,821,1086,896,803,1284,801,731,912,901,1051,1195,744,923,824,1259,741,913,1326
689,616,609,879,795,628,781,704,882,705,651,662,703,879,653,711,629,698,883,793,640,702,656,835
i hope you and your wife have a nice trip.
can i bring my friend.
1243,915,1084,1261,1370,776,927,1015,1264,1122,890,682,1099,816,930,1002,1277,1132,866,942,745,1214,875,792,941,1057,680,902,798,939,689,939,1115,1207,835,803,952,921,860,1199,1362,1343,1583,848,686,1123,942,1203,949,955,872,1218,1096,931,959,1174,999,971,883,884,1227,823,1107,821,1356
601,881,702,627,614,645,892,648,617,618,875,708,772,703,885,654,620,620,627,879,622,625,691,633,878,718,693,777,616,881,690,874,772,622,770,611,887,641,634,631,613,795,677,768,675,775,872,639,879,776,635,638,792,709,884,790,637,874,686,636,634,631,791,707,801
do you feel better.
823,1317,961,1016,1320,1152,916,892,805,809,1297,945,971,827,950,952,825,886,1324
698,607,882,652,616,637,856,707,627,635,713,867,782,630,652,654,638,628,827
may i speak to mrs. smith please.
1200,708,1003,958,1230,929,789,1370,855,704,1242,951,952,1313,948,1177,894,778,1364,943,783,1222,1249,953,1110,965,1403,1335,845,710,780,852,1354
769,695,644,887,620,865,675,618,625,692,695,867,644,616,862,803,641,691,791,854,683,797,617,640,703,871,630,724,635,688,687,619,821
jonathan, choleric with indignation, stood by his desk, clenching his hands.
1035,1187,997,609,866,978,626,1005,1145,851,784,957,1184,1206,753,824,1104,787,872,695,1122,888,990,874,1134,1029,773,1129,890,1016,632,878,1123,1204,1021,1148,882,719,879,1223,1223,773,905,934,994,917,1005,1134,726,885,798,786,726,1148,1175,872,807,1210,791,1040,807,1018,1152,1032,899,910,1013,1158,735,900,999,657,1025,799,728,1250
691,601,780,685,636,681,697,772,779,851,771,707,616,711,620,637,621,769,868,627,618,642,699,851,621,777,678,630,711,772,684,634,624,609,787,776,857,699,637,620,623,690,867,801,644,880,698,636,671,856,699,623,679,714,784,863,774,719,636,764,777,699,618,787,705,876,711,622,690,867,723,695,788,708,685,784
are there any concerts.
653,843,771,916,910,1026,778,855,783,913,666,1085,990,931,822,1241,1059,818,792,868,925,751,1349
684,619,622,869,631,701,632,622,625,862,690,781,653,870,745,635,799,752,627,634,642,704,798
they're planning to come next year.
857,1040,742,938,1319,805,731,897,1318,1254,624,1059,1075,1159,1059,875,898,898,1247,907,807,1245,1115,759,906,1046,779,746,900,912,989,788,664,861,1325
613,714,618,631,699,615,616,866,622,708,689,785,795,640,804,693,883,635,617,868,760,628,793,622,863,792,619,750,625,864,632,608,680,620,784
that's alright.
839,947,610,851,1244,685,855,620,1205,798,1116,859,964,857,1276
586,681,672,610,664,666,848,671,723,615,635,684,718,625,833
what day are they coming over.
694,1036,622,873,864,765,640,955,923,645,830,765,909,890,1031,768,955,914,807,1235,1137,1147,1062,899,892,1236,871,769,850,1311
615,690,695,624,852,680,683,631,870,678,618,607,863,622,698,608,637,862,752,634,804,637,790,681,851,609,770,607,607,788
i haven't been there.
1194,901,1050,656,870,791,1063,1346,899,933,938,778,777,1072,920,911,1030,778,851,777,1311
570,850,680,666,780,613,781,664,631,866,760,603,601,789,851,633,701,608,611,607,769
do you like your boss.
i don't like him.
792,1268,962,995,1264,1110,896,1262,1162,1168,799,923,1023,1241,1100,878,947,976,1235,751,753,1278,1503,1178,927,838,1257,1064,1398,951,946,1287,1215,1213,823,914,1048,1189,1211,1350
646,606,872,639,614,623,851,702,627,714,596,865,638,624,626,625,866,789,621,677,674,822,692,626,866,699,629,788,664,639,876,683,612,697,618,884,703,625,769,804
when did you arrive in boston.
717,1012,772,1035,889,795,1158,788,910,989,1217,1067,909,664,849,843,1166,897,778,941,1196,1059,907,967,1240,747,936,1238,1073,1318
608,681,608,779,853,683,613,671,856,630,625,635,849,695,624,617,630,779,617,868,614,796,856,792,616,670,635,616,772,781
i'm just looking.
1205,1351,1176,922,1129,1136,737,928,931,1205,1210,1217,1129,1121,1016,916,1308
607,689,795,851,676,603,652,627,858,691,599,607,683,614,789,693,811
i have a lot of things to do.
he's never been to america.
1181,914,1011,652,864,768,903,656,911,1233,1226,897,923,1228,848,925,897,995,1135,1007,896,723,911,900,1226,892,788,1252,1291,1529,1024,761,1361,707,931,1071,768,871,777,847,931,950,773,768,1074,908,906,1245,889,655,1158,796,839,1185,808,660,1322
579,860,691,678,749,597,853,675,855,702,612,625,870,626,673,870,619,703,616,814,694,665,862,631,619,848,690,569,824,676,689,607,689,693,875,758,616,767,624,637,886,784,633,637,800,859,641,623,841,686,820,623,627,625,769,692,809
everyday i get up at six am.
613,700,616,681,824,657,509,836,823,1130,835,820,683,804,851,1042,1287,826,561,809,822,644,1129,657,799,561,1090,1267
615,771,615,618,631,683,690,622,863,636,865,713,628,635,868,600,592,847,695,640,859,673,596,760,846,695,781,791
tell him that i need to talk to him.
817,675,1212,1215,826,980,1102,1101,816,805,978,572,805,838,1117,834,1002,693,696,708,849,866,1201,854,841,599,1196,1127,853,858,1216,888,989,1101,1146,1319
635,611,684,681,851,676,600,776,853,635,696,713,635,863,629,860,773,628,631,698,862,648,622,874,641,701,691,711,865,633,622,875,712,624,800,855
would you like coffee or tea.
643,1189,1022,1205,715,836,911,1186,1022,842,1195,1103,1111,707,859,769,1188,791,791,714,715,859,1248,792,880,858,727,611,1237
597,590,605,689,681,854,641,618,620,852,692,631,709,630,862,777,626,704,701,622,622,866,580,637,878,652,627,716,787
i ate already.
are you sick.
1163,871,608,858,723,859,617,1234,795,729,613,750,943,1280,1515,611,799,721,898,962,1223,1076,872,715,1167,788,1166,1298
617,866,704,646,632,862,694,694,629,620,697,692,653,817,660,696,634,618,884,639,616,620,850,688,614,762,708,808
i don't want to bother you.
1170,886,753,1237,1039,1351,866,888,682,610,1057,861,884,868,1250,879,901,1258,872,1021,745,806,878,966,1246,1073,1299
614,879,699,619,795,679,649,880,647,703,786,646,880,652,623,866,789,619,652,709,637,635,855,660,634,638,790
is there anything cheaper.
1167,725,899,866,1020,742,810,740,888,625,1084,990,903,1032,1143,1054,885,904,801,1028,761,644,1316,769,838,1287
616,679,875,635,694,649,656,657,858,695,805,639,632,719,642,818,687,858,776,711,624,684,628,619,627,811
that's fair.
891,1035,662,901,1362,728,926,844,649,1198,838,1321
634,703,687,636,682,685,866,700,692,621,633,802
do you have a boyfriend.
here is your salad.
625,1181,800,856,1191,1020,783,955,525,780,667,796,550,800,830,1169,891,762,763,1099,704,996,715,1275,1491,987,703,764,703,851,1146,657,876,918,1214,1055,786,879,678,600,1221,595,735,1280
615,564,812,590,581,594,806,687,641,754,583,826,683,840,779,607,608,693,633,657,599,814,669,817,703,722,619,627,625,851,626,662,862,640,620,639,635,856,657,683,702,678,693,828
give me a call.
858,1123,811,717,876,1104,723,855,592,841,776,613,1249,1251,1306
703,639,780,626,867,781,622,847,682,843,796,683,671,675,797
my grandmother passed away last year.
1128,936,874,876,789,612,1033,757,1108,1212,869,995,737,806,857,1309,607,683,686,751,739,861,624,685,619,952,912,1244,626,721,889,903,981,777,645,840,1275
780,620,863,715,630,695,799,685,796,619,635,732,638,633,843,623,694,671,665,609,687,846,687,615,689,621,846,703,671,675,622,853,649,611,689,624,838
everyone knows it.
774,874,775,834,967,1252,1061,770,910,1180,1069,1267,713,718,907,1176,903,1351
621,774,627,640,654,656,835,602,856,740,829,639,607,689,850,663,640,848
do you think it's going to rain tomorrow.
784,1301,973,1009,1298,1122,912,909,1056,1173,1077,1211,932,1202,922,1391,750,929,952,1293,1198,1071,918,950,917,1288,945,868,686,1212,1103,933,928,1289,1173,1272,873,874,1316,760,1358
687,597,870,629,595,625,846,634,696,616,782,711,862,615,636,701,678,853,720,639,633,800,697,877,635,633,866,624,695,645,795,859,652,640,780,635,639,638,626,628,847
are you sure.
684,880,800,969,1006,1279,1137,939,784,1143,882,838,1354
706,627,621,863,655,639,645,861,684,636,638,625,796
i need to go now.
1225,973,1113,812,815,830,963,936,1318,964,938,1321,959,1128,1323,771,1402
615,884,793,633,635,696,873,644,640,870,704,640,871,787,621,620,810
where did you go.
what does he do for work.
775,1089,844,892,828,950,841,1255,843,959,988,1245,1116,942,930,1256,1301,1571,720,1046,648,903,872,785,1278,776,708,890,1061,779,892,786,1278,905,841,1279,843,913,723,1277,843,1200,1325
627,726,627,649,633,870,702,591,690,866,634,635,646,847,680,620,825,678,590,700,700,625,849,694,617,636,703,851,712,632,852,692,630,852,700,637,635,868,626,642,623,715,823
what is it.
719,1099,653,929,910,1221,747,913,1223,902,1374
600,693,683,639,862,618,675,856,624,631,851
do you sell batteries.
what day of the week is it.
791,1292,930,981,1280,1128,863,727,788,1263,1268,893,951,663,920,920,783,846,1225,806,734,1347,1544,738,1053,669,930,914,824,666,986,920,1277,867,919,937,1072,797,932,744,809,811,1206,931,1204,746,935,1205,924,1343
682,615,865,626,608,619,836,665,607,679,688,844,788,691,645,651,635,644,604,629,680,770,670,616,684,716,652,874,705,715,660,884,613,714,872,654,694,639,867,647,633,635,740,863,653,690,867,654,644,792
behaviours have changed and attitudes have changed.
he likes it very much.
887,711,1015,606,829,1160,1195,1057,775,674,853,1015,607,836,731,878,772,1024,621,1044,870,734,754,887,640,1063,775,885,633,881,880,1144,896,1076,769,770,715,906,1051,655,875,777,906,808,1071,649,1093,910,777,776,1319,1544,1086,768,896,1263,1205,1200,772,711,911,1194,892,919,871,785,838,1006,914,1184,1106,820,1036,1380
783,629,722,694,788,658,644,660,644,677,852,732,699,781,631,877,776,740,724,810,725,636,728,885,713,833,721,877,707,658,658,680,660,666,723,659,701,887,722,712,807,650,902,809,723,720,806,741,640,723,800,620,690,636,867,695,630,697,639,694,872,616,653,884,796,645,627,651,870,779,620,760,695,828
please call me.
1323,1274,772,649,732,797,918,825,664,1255,1255,919,1136,788,1296
615,733,630,671,683,626,866,761,679,733,726,866,796,608,810
are you busy.
671,843,773,919,996,1250,1117,887,953,1136,753,997,1316
678,623,611,852,632,618,628,841,798,618,669,639,798
that's too late.
that looks great.
919,1074,701,930,1372,759,959,914,1297,1301,966,1289,689,933,794,1326,1549,925,1064,697,937,959,1293,1280,1287,1231,771,949,941,873,807,703,937,1357
635,708,690,640,699,681,868,633,617,619,871,704,684,654,615,808,677,642,704,696,640,866,689,629,628,695,676,864,716,631,638,689,646,797
i'm not married.
1257,1408,1206,960,1119,1332,946,950,1195,707,888,890,1227,841,840,1384
626,703,808,873,769,635,655,869,814,696,635,641,645,620,695,841
how far is it.
1084,1303,768,965,881,704,889,952,1234,775,963,1242,949,1365
709,610,613,870,722,705,645,865,641,692,869,637,639,824
does this road go to new york.
828,1271,823,762,964,929,1092,1213,766,969,878,1288,683,835,961,953,1302,970,934,1304,962,1126,827,760,971,1010,1305,899,1264,1382
687,607,634,693,868,644,672,598,685,871,638,609,688,683,867,708,611,872,639,611,866,753,622,620,855,643,621,621,681,810
the accident happened at the intersection.
933,1091,807,973,711,863,873,1218,852,836,1119,972,983,1079,712,1358,1367,833,1109,834,835,978,698,954,978,952,1110,825,978,1239,1119,956,834,907,794,852,866,961,1219,1295,1097,1349
635,705,627,868,722,780,774,628,703,621,800,651,888,721,707,621,619,635,795,640,694,874,701,651,878,656,714,632,878,641,810,660,646,645,693,630,770,657,647,635,816,826
what time are you going to the bus station.
where's the nearest hospital.
763,1034,693,938,946,937,1180,1145,802,958,702,893,826,978,1020,1245,1104,961,963,1227,1160,1074,950,984,939,1231,974,949,1029,820,963,965,1100,783,960,786,943,707,938,1182,1250,1075,1331,1540,743,1086,807,873,805,1379,766,971,949,1090,812,969,1122,821,703,884,827,769,954,971,1078,1298,785,1361,1212,959,725,1293,1356
619,721,705,645,881,653,637,807,643,871,713,657,639,886,670,652,658,885,726,656,656,825,707,887,644,641,879,653,736,641,870,801,661,703,869,694,654,715,654,670,653,822,857,652,618,679,629,646,636,685,699,878,657,695,635,871,773,628,702,641,628,694,659,884,696,615,690,627,628,664,710,690,837
my friend is american.
1212,1044,977,913,890,1222,843,1114,841,961,1238,956,971,709,1168,833,888,1210,868,703,1091,1348
734,658,870,697,641,607,634,781,705,869,618,869,872,715,832,635,642,641,781,700,808,811
when do we leave.
778,1080,839,1121,946,842,1312,957,776,839,973,1307,833,698,932,830,1364
621,704,626,791,852,701,614,860,620,614,866,692,621,701,769,622,847
i'd like some water too, please.
1242,1385,838,970,1305,1230,1237,810,957,772,1330,1192,829,969,774,700,974,832,888,1001,956,1298,1300,1231,940,1369,1307,812,679,760,824,1302
624,698,689,871,707,644,733,642,876,691,561,826,634,870,616,703,650,637,622,884,652,630,635,805,868,583,716,633,711,689,637,877
how do i get to the american embassy.
1044,1294,712,903,791,1280,898,1210,905,916,788,896,927,898,1301,921,899,1079,794,922,674,1172,793,841,1207,824,662,1094,906,791,1177,964,687,646,642,949,1285
710,605,626,854,698,617,847,613,853,703,633,629,870,637,617,866,643,699,626,866,714,782,639,643,619,778,705,801,848,618,801,770,692,694,703,639,823
can you swim.
how many hours a week do you work.
739,568,1032,856,921,1211,1064,851,679,676,1143,1101,1280,1529,1026,1250,676,868,1141,616,1062,929,910,1027,1248,1090,813,707,884,625,874,688,753,753,1190,866,763,1238,891,974,1243,1078,909,702,1235,826,1173,1309
767,692,805,861,641,614,657,858,695,646,624,780,788,657,690,601,647,871,758,721,780,660,903,713,616,638,650,696,870,712,870,643,644,650,722,867,695,643,881,659,644,650,873,631,649,647,721,841
an air of intense anticipation pervaded the general's dining room.
644,1062,897,636,1169,834,893,1256,846,905,1175,1053,892,773,1064,732,798,913,657,1077,901,1174,821,1179,1318,668,911,1166,1249,1047,884,1333,779,844,884,673,806,801,807,921,909,1040,778,928,924,796,1069,797,868,683,1280,1380,751,941,824,1172,1066,1180,1061,936,922,854,1237,1235,1128,1315
714,778,870,720,643,630,867,627,696,874,633,809,656,633,810,694,635,875,699,798,650,651,778,656,636,698,656,658,638,826,868,635,619,644,795,698,708,637,700,877,674,731,647,887,748,662,820,659,664,719,713,682,711,904,733,651,812,639,806,736,898,658,638,639,807,856
how long does it take to get to georgia.
1016,1253,721,907,1243,1243,1058,900,921,790,1265,784,711,914,1209,912,939,904,675,1202,784,918,901,1278,931,926,796,910,934,911,1254,934,911,782,1258,833,917,1195,663,1337
742,636,624,889,729,644,810,720,893,722,630,644,703,884,646,675,906,669,732,725,651,886,669,650,904,741,646,671,913,672,672,908,752,666,668,654,754,663,718,839
i'll tell him you called.
1190,1327,1293,1295,904,904,767,1281,1281,905,1032,1175,1135,898,974,1251,1095,878,827,661,1261,1260,800,802,1303
646,709,771,770,890,680,659,761,752,888,748,668,846,886,669,669,674,884,795,722,754,757,637,722,845
about three hundred kilometers.
that's too many.
645,934,1262,1107,900,918,888,1034,836,768,774,925,1033,1099,1067,807,853,799,809,929,1204,1200,1263,1263,1141,798,917,796,869,745,1325,1529,919,1050,681,921,1357,747,958,917,1269,1274,943,1149,681,1064,982,1319
712,784,645,654,657,889,666,734,663,663,656,885,728,646,803,710,655,643,733,889,721,652,742,642,803,649,671,672,667,726,820,679,667,703,717,673,719,711,914,663,647,654,894,807,712,810,682,837
it depends on the weather.
i'm a beginner.
1239,906,951,802,798,1361,786,1105,778,721,932,1267,1099,934,919,1079,785,932,728,802,652,905,1036,772,849,1323,1544,1195,1348,1160,935,666,928,944,796,934,1179,1070,1080,780,844,1328
613,657,908,724,662,629,666,800,730,722,891,647,811,896,670,715,650,886,662,653,717,665,737,654,652,814,690,618,724,806,897,724,887,809,658,733,668,814,807,653,644,830
can i bring my friend.
682,523,1018,797,1115,797,826,730,1107,1004,802,817,1064,885,837,760,744,1103,687,990,695,1243
798,751,808,892,626,887,817,659,636,789,749,899,785,673,895,734,666,645,660,806,722,806
is it hot.
do you have anything cheaper.
1114,640,840,1128,835,857,978,1194,829,1257,1491,706,1206,872,925,1203,1041,856,972,606,830,732,863,599,1006,916,840,975,1104,1005,842,861,759,989,719,597,1243,721,790,1239
620,708,883,625,661,900,716,615,667,786,683,711,615,903,674,615,634,886,715,708,786,647,891,725,793,676,674,719,636,801,734,900,795,726,651,729,638,662,670,821
do you know how to cook.
that's too expensive.
730,1216,902,914,1205,1052,842,1138,1007,1198,672,854,971,1218,666,855,853,1200,851,756,1196,1198,1131,1264,1495,843,991,607,851,1331,682,894,865,1199,1201,882,749,699,1288,736,1040,695,1181,847,755,1335
734,664,910,671,671,673,883,742,830,646,634,884,759,647,650,885,671,658,885,818,666,666,746,843,696,659,737,730,671,728,714,899,666,655,657,891,631,792,635,633,855,711,575,789,654,786
i'll call back later.
would you like to watch tv.
1077,1230,1227,1221,824,736,582,1218,1214,843,868,602,753,1140,837,1191,582,833,700,780,1230,1478,637,1210,1038,1231,705,870,918,1197,1037,833,1219,1116,1122,705,863,827,1202,858,657,578,860,746,987,842,840,813,1273
608,683,734,737,876,801,713,731,731,877,812,714,797,741,872,712,696,645,633,638,787,675,634,601,612,686,719,892,667,605,614,882,696,624,719,648,897,657,610,887,620,706,652,782,690,870,657,787,756
i'm looking for the post office.
1145,1322,1115,854,1239,1227,1230,1157,1153,1037,843,875,780,1218,787,885,835,995,708,878,1294,1220,675,851,860,1227,787,787,1145,755,722,1363
581,677,785,876,689,603,609,701,622,789,712,892,713,612,648,889,658,706,644,888,617,617,700,659,888,620,739,738,640,788,634,868
i'm twenty six years old.
1176,1373,1128,838,850,661,730,1065,846,929,883,693,1170,716,911,936,741,625,816,708,897,1233,1257,769,1317
605,690,801,882,660,642,637,777,652,665,890,711,615,779,905,659,641,718,644,711,888,625,724,718,840
can i have the bill please.
784,617,1061,885,1176,870,1045,627,843,749,888,865,1027,747,896,923,1168,1256,1260,878,1292,1238,752,626,708,763,1307
790,718,824,887,626,875,717,733,797,639,882,654,705,646,892,793,636,703,717,890,625,704,649,708,719,634,913
we like it very much.
699,759,901,1291,1201,1196,772,892,1197,871,906,846,752,831,968,898,1160,1114,806,1037,1348
651,645,884,702,623,720,646,870,624,654,883,822,654,637,652,867,771,616,775,692,818
do you play basketball.
784,1279,959,989,1276,1114,911,1354,1259,676,978,928,951,674,748,1206,791,923,956,688,1274,1278,1309
706,601,893,640,612,621,851,593,707,709,640,860,782,685,675,700,618,640,792,704,705,692,806
here it is.
1108,798,853,785,921,1228,937,953,1235,757,1392
668,618,628,629,865,601,638,871,607,678,844
what time are they arriving.
i don't think so.
744,1104,676,934,909,931,1227,1189,801,939,685,874,797,966,931,1047,794,969,905,659,854,856,1162,884,1172,1060,913,1295,1534,1163,897,784,1244,1074,1390,898,915,890,1065,1205,1099,1233,936,733,1294,1361
607,699,667,626,848,622,620,785,618,858,673,626,616,870,630,696,612,632,856,687,623,629,622,764,623,767,702,776,655,615,843,667,620,777,672,629,861,627,690,605,770,685,865,662,611,797
how many children do you have.
1085,1302,718,921,1187,649,1102,959,896,821,1069,1202,1294,777,836,770,1055,903,802,1257,951,973,1245,1104,897,1044,664,867,777,1250
694,597,583,851,748,693,762,633,852,762,669,580,674,689,617,625,810,849,682,618,874,638,622,618,847,700,696,772,620,875
what do people usually do in the summer in los angeles.
642,979,591,863,873,747,1210,861,1272,724,1210,1326,1281,725,894,1090,683,1099,604,1239,1231,923,865,730,1201,889,1128,1040,876,849,1012,719,874,695,1073,1109,1114,741,805,891,1116,1013,881,1200,1188,693,879,616,1022,881,748,1211,753,713,1270
575,719,702,629,848,696,614,844,612,626,623,595,692,602,841,587,683,598,678,669,687,636,861,674,632,866,621,796,851,628,695,636,853,687,632,778,791,620,629,868,645,792,860,713,626,694,863,711,807,711,637,748,638,690,821
i'm bored.
i'm getting ready to go out.
1194,1368,1142,892,927,1244,822,758,764,1310,1553,1167,1397,1171,884,888,772,872,870,1203,1091,877,915,824,760,648,794,961,950,900,1252,908,888,1249,917,1247,1097,900,1318
618,687,796,874,794,626,632,621,709,809,681,626,700,806,870,718,644,655,653,616,813,719,884,659,645,711,708,660,903,649,630,877,726,656,885,655,645,650,815
his coat of arms was emblazoned on the cover.
1035,1197,710,893,806,1260,640,894,908,1262,836,912,656,837,1139,729,906,736,648,732,866,765,1137,941,1288,659,678,1275,1084,778,782,917,1274,1088,909,909,1068,778,897,805,1264,879,781,840,1343
712,626,683,871,799,623,713,655,882,630,716,880,693,654,788,713,872,638,719,710,866,646,809,797,729,694,760,632,783,631,702,879,648,805,869,657,709,645,871,793,659,801,634,635,849
do you want to go to the movies.
774,1257,927,986,1260,1091,879,706,649,1060,899,919,910,1253,913,908,1259,931,911,1257,936,899,1040,769,930,1153,1258,882,1171,789,745,1295
678,628,880,657,633,640,856,611,698,806,651,877,642,627,877,722,634,882,654,635,882,654,718,636,877,781,639,774,640,620,679,799
do you have enough money.
thank you sir.
806,1272,939,981,1261,1084,919,1028,663,892,783,931,776,1052,1259,1099,905,1026,918,1152,1263,1061,787,998,1320,1597,917,1076,674,1112,1245,928,994,1291,1108,929,745,1205,857,1319
679,607,879,640,603,635,868,696,695,763,613,881,626,802,628,633,710,716,880,774,628,797,623,648,816,655,644,687,696,773,691,872,660,617,634,876,697,634,635,819
his detective work is fascinating and wide ranging.
1065,1205,730,930,802,784,918,786,822,908,1191,882,777,949,728,1229,844,1178,934,1161,736,937,853,662,743,824,1195,1079,661,926,1186,1065,932,937,663,1073,803,919,730,1181,805,797,938,844,660,1063,906,1177,1077,904,1205
705,624,676,879,714,638,653,640,786,653,629,795,628,889,627,647,634,727,881,633,689,881,712,695,690,772,619,798,702,658,626,805,704,896,703,788,711,870,623,627,698,630,886,644,697,798,714,632,803,712,839
who's that man over there.
571,936,1163,1257,584,812,782,928,550,804,823,1032,540,963,814,1141,778,672,746,843,817,960,697,767,693,1289
534,676,563,664,636,815,586,709,652,591,826,756,669,801,819,610,742,595,591,846,602,694,598,601,596,800
please.
would you like something to eat.
1237,1205,685,555,634,694,1235,1515,640,1187,1042,1226,719,866,917,1188,1007,813,1193,1115,1093,702,845,648,1179,1074,693,822,963,1113,988,827,865,840,1186,848,713,600,835,1278
590,685,582,664,651,583,769,608,600,598,606,704,682,847,637,613,635,827,710,628,725,605,842,655,621,799,584,616,695,603,773,686,867,620,633,862,615,680,616,827
an honest, quiet laugh often mantled his pale earnest visage.
for a time, indeed, he had fancied that things were changed.
581,998,839,974,1187,1011,710,654,842,1154,857,587,1028,1111,722,863,875,1212,608,1097,857,1006,870,1218,798,855,730,1015,859,1085,607,1009,845,1212,735,734,876,994,1140,677,869,1272,608,1281,738,889,749,591,790,1026,726,674,867,847,827,1160,672,602,873,727,1300,1541,794,1235,797,866,604,857,852,1155,1117,717,1203,864,1139,1033,726,733,733,742,1212,854,1016,727,868,1012,612,757,865,802,610,1044,768,1149,756,751,884,862,1001,620,873,859,866,979,1132,1034,872,693,884,693,759,813,752,872,776,1008,618,1036,878,740,753,1324
670,789,847,697,602,791,599,663,619,772,856,602,607,597,604,619,865,678,680,565,690,685,876,606,694,639,629,775,859,793,692,800,641,700,616,691,868,723,627,675,860,617,679,684,609,863,606,681,617,783,613,672,636,858,774,619,670,685,693,611,750,652,699,602,640,859,692,859,638,609,772,625,790,865,630,785,713,624,618,685,774,857,711,625,873,717,685,677,858,699,678,808,753,646,621,688,870,641,736,693,650,866,641,736,652,831,704,684,867,628,635,645,624,866,784,734,710,815,730,638,706,829
please sit down.
1273,1220,740,619,695,771,901,703,1115,876,903,770,1199,696,996,1250
607,688,611,682,693,620,875,678,626,641,884,692,625,616,789,815
no, this is the first time.
are you hungry.
1043,1224,1153,896,888,1005,1160,699,881,1166,709,896,883,1013,756,888,838,1151,825,704,891,908,886,1159,1133,747,1309,1577,625,820,748,899,970,1064,884,1006,1041,1075,1064,880,798,974,1308
779,622,818,883,644,718,626,694,879,630,683,880,641,712,626,881,714,631,636,684,646,892,654,605,777,636,808,654,707,636,642,888,660,618,873,703,693,633,779,692,615,634,824
who's that man over there.
we have two boys and one girl.
675,1002,1197,1345,687,894,873,1013,627,873,917,1123,629,1039,894,1227,853,755,832,939,918,1014,758,824,759,1319,1600,689,758,900,1054,633,860,753,904,886,686,1251,900,920,1240,961,729,912,651,1054,791,839,1265,1074,796,911,916,1166,837,1257,1342
608,705,614,699,676,856,638,710,699,647,882,773,694,799,865,623,796,637,646,899,641,714,633,642,633,819,667,624,631,868,691,695,783,643,886,653,630,617,882,788,667,656,713,885,717,802,715,882,616,799,619,889,719,628,642,717,816
happy birthday.
1052,657,1331,1313,955,921,940,1177,832,889,1041,774,641,978,1343
721,714,614,629,651,890,803,645,643,657,728,690,704,659,825
would you ask him to call me back please.
716,1281,1112,1294,793,952,1001,1242,1090,896,654,738,1165,904,1016,1155,1113,915,904,925,911,850,677,1250,1252,926,1135,783,925,949,675,825,1198,921,1334,1280,772,655,734,802,1331
627,609,617,694,724,890,661,656,673,865,714,700,734,870,744,650,827,880,660,883,884,778,714,690,692,880,773,626,868,793,698,777,710,852,613,703,628,676,674,615,825
mean spirited chants and songs are also endemic in british soccer.
1171,798,659,1101,921,735,1336,1205,854,1213,913,789,802,941,828,1070,677,1098,930,744,929,671,1109,811,928,750,1246,1068,934,758,929,682,874,797,947,692,1262,765,1273,949,814,1074,822,820,1157,1189,854,954,1191,1084,942,972,874,1199,944,1208,774,1058,948,772,1260,855,859,824,899,1335
784,620,684,791,860,701,617,625,634,633,646,626,699,880,778,728,699,781,652,695,869,697,807,704,876,715,649,847,730,699,874,712,652,647,888,716,745,706,659,882,649,822,722,643,827,658,778,888,670,829,885,798,649,664,661,664,719,736,884,724,658,797,791,653,655,839
that's too expensive.
928,1024,698,945,1304,785,963,955,1253,1255,964,840,795,1345,841,1091,778,1212,922,836,1351
664,727,724,671,724,708,900,659,670,667,895,640,777,642,636,818,715,645,816,629,843
are they coming this evening.
the big one or the small one.
659,873,788,958,932,1042,812,1008,929,838,1253,1151,1168,1090,938,950,931,1056,1200,762,948,810,917,817,1100,1212,1089,928,1343,1514,924,1065,791,934,962,1226,930,948,1252,1090,814,929,1268,873,928,936,1067,798,948,771,1152,694,1300,1299,961,1276,1092,843,1381
697,634,639,897,652,713,648,671,884,810,644,815,656,815,705,894,652,718,621,704,886,641,777,642,809,623,807,723,791,643,650,697,649,888,810,625,705,883,611,784,621,866,620,632,868,642,699,626,877,675,774,709,706,701,887,621,786,645,803
