the whole day.
it was okay.
662,866,529,423,843,1042,1065,527,537,920,589,410,863,1093,924,1040,707,932,498,421,504,925,1126,1063,427,875,1160
575,690,541,560,717,596,679,573,566,856,658,685,579,714,878,576,598,868,588,662,660,881,579,687,675,481,739
which one.
judd apatow creates fake sitcom on nbc.com to market his new movie.
502,921,1032,671,911,931,1101,926,577,1117,1386,956,961,619,614,921,437,1152,433,726,1068,473,917,654,665,583,442,725,576,517,927,675,425,1009,564,934,521,992,708,663,1064,997,942,1088,914,932,903,796,667,1138,678,1100,1008,957,717,1098,941,1012,452,655,1030,578,715,942,900,1022,535,953,936,586,493,930,985,1092,723,1022,595,1132
602,718,614,808,718,919,620,795,608,770,584,750,655,679,681,931,696,635,693,640,642,594,928,846,628,603,700,647,619,690,919,659,692,732,616,923,685,658,641,815,655,793,935,649,861,958,869,835,852,839,810,529,697,907,628,599,876,805,697,637,713,605,634,900,724,619,689,888,790,615,601,898,802,642,832,624,617,816
us planning to resume the military tribunals at guantanamo bay.
995,547,933,1190,1113,424,946,947,1033,930,744,930,739,1080,939,655,587,527,982,1015,580,937,728,895,585,924,991,1018,1084,1009,720,435,715,861,880,712,987,655,778,932,912,439,1068,534,939,440,708,947,769,957,447,923,730,447,900,447,999,1069,935,805,461,877,1111
632,679,904,606,685,688,800,811,627,784,716,929,649,620,909,628,581,660,615,763,604,903,639,733,596,933,756,604,678,620,639,675,642,669,919,640,644,632,806,641,824,680,648,677,887,683,631,879,727,623,679,828,640,688,862,687,830,669,938,820,698,651,783
it's half past eleven.
1048,745,1206,548,945,922,1013,452,1092,685,1158,464,552,729,956,595,1107,572,739,556,935,1130
617,620,579,637,885,721,617,668,696,699,629,676,655,615,892,589,704,580,812,582,833,778
i'm coming to pick you up.
1040,1254,1066,979,683,1111,1023,1022,956,762,977,748,1084,971,1152,1061,701,1037,941,890,1062,944,919,936,1158,1148
623,600,815,906,788,639,824,685,809,715,943,642,650,928,652,640,809,750,934,651,629,665,928,636,637,815
the americans are seen as naive malleable tools in the hands of the brits.
730,918,578,922,450,994,577,639,1017,660,428,933,513,944,428,623,556,932,501,558,556,911,919,418,498,923,901,400,1000,706,559,924,968,567,420,1037,1045,560,401,790,1049,560,697,1038,1034,1075,520,929,988,907,915,691,858,557,912,906,440,885,604,516,911,1054,664,908,711,858,565,897,794,983,655,708,509,1091
625,733,600,923,692,802,595,611,656,770,679,813,668,925,678,625,587,906,619,568,574,813,930,665,628,920,836,657,642,795,585,922,800,592,678,713,710,587,683,796,718,582,620,572,566,666,668,894,660,779,925,619,740,574,922,682,681,786,674,661,903,616,678,899,636,704,600,915,790,624,629,624,647,759
lets go lakers.
is it possible.
1083,578,726,509,934,738,1076,934,1064,441,999,566,638,510,1091,926,1013,519,956,1035,696,958,1136,1086,522,517,1009,798,1074,557,1151
699,585,626,650,864,684,585,886,697,664,694,581,599,670,751,886,574,635,843,586,604,855,619,582,653,656,604,777,656,563,777
do you know what this says.
nobody wants to read that.
610,1074,938,872,1058,906,932,1044,1079,893,485,935,476,879,419,708,926,706,890,1008,518,937,523,839,429,1087,1127,1470,922,1111,789,1094,599,898,941,490,422,919,697,519,935,687,1065,950,611,567,418,581,998,690,608,962,419,1160
655,628,893,569,549,573,913,710,601,818,591,911,578,708,663,612,891,613,717,613,667,892,647,473,677,765,823,607,831,631,774,553,643,506,873,585,657,799,630,649,885,599,603,866,588,564,651,616,857,603,525,692,643,762
where do you work.
483,949,573,627,562,988,587,1116,988,894,1104,976,945,482,1105,621,1045,1122
582,747,580,606,565,940,620,632,926,583,588,604,945,575,613,588,742,777
generalizations of this sweeping order are apt to contain only partial truth.
everything is fine.
766,559,957,561,635,404,1099,1050,485,420,711,999,1110,932,519,979,1118,670,983,723,916,1037,530,963,510,465,556,551,1154,1038,947,735,971,1076,639,609,565,515,645,977,433,639,723,444,1145,713,984,718,1090,991,665,1104,952,723,448,1016,921,960,1079,929,1060,814,913,1114,461,662,724,984,441,1059,927,723,631,944,715,875,1091,1410,578,738,581,655,886,715,893,995,919,749,947,1012,523,941,663,1001,918,568,1117
728,565,821,593,600,649,738,571,755,667,597,623,607,792,641,894,617,685,888,617,728,618,665,908,642,562,554,563,608,612,768,680,909,629,603,684,589,606,606,885,675,615,880,685,599,621,876,640,625,889,774,613,772,626,689,640,793,933,635,810,736,641,923,627,682,624,621,650,680,680,923,631,620,657,621,749,786,652,584,788,588,611,651,629,770,649,800,710,937,651,674,922,695,653,800,602,777
next time, i'll call myself nike.
928,571,578,712,948,712,1016,996,564,1076,962,1051,1318,1071,1068,951,670,423,1097,1102,972,1017,875,518,564,1070,663,953,936,1037,1024,586,1128
836,594,772,627,924,624,668,792,582,831,926,640,616,725,751,918,784,674,727,732,911,846,642,649,591,733,706,926,831,655,758,618,829
i'm lost.
on my way to see star trek
1032,1236,1059,985,1121,1099,530,709,1138,1387,1132,943,989,1020,878,952,501,433,877,933,708,1100,959,505,581,579,978,507,704,434,625,982,723,610,543,1045
638,643,842,921,727,660,636,598,793,677,654,836,919,822,641,922,579,658,631,880,599,629,918,650,575,582,927,658,602,668,594,912,612,572,569,740
i have a question i want to ask you.
dick cheney's dishonest speech about torture, terror, and obama.
1054,981,425,722,564,998,415,993,391,987,566,509,693,1047,1098,964,987,987,1047,976,477,412,951,692,985,689,1111,979,424,507,1041,986,906,1102,971,1149,1442,588,1054,664,1057,941,666,886,580,923,567,840,1164,512,961,591,1001,516,904,1070,926,557,507,685,953,518,1155,563,558,658,923,961,438,773,1070,962,729,939,739,1063,654,730,984,649,580,1074,953,747,579,654,652,560,629,1076,969,451,919,598,965,1085,819,450,1012,453,1141
640,913,674,783,585,897,663,904,615,643,582,659,613,630,644,823,934,929,653,935,577,658,813,617,925,614,641,923,659,656,741,926,641,599,630,821,642,645,636,817,651,920,802,731,601,832,601,615,637,647,896,669,657,680,747,637,841,596,673,615,934,704,630,597,600,828,746,929,686,804,574,574,636,940,630,635,609,616,620,623,595,786,909,621,583,594,605,563,589,806,908,676,848,638,903,655,820,674,805,677,798
for grover cleveland there were no longer enemies to traduce and vilify.
678,1128,651,998,790,661,1104,740,572,655,990,684,1127,560,747,592,1126,451,943,615,980,740,926,589,673,590,964,517,666,586,593,969,923,1077,968,1075,1091,919,780,595,666,946,580,919,578,997,1016,585,530,972,726,1101,974,744,656,429,620,975,669,590,979,460,946,619,968,742,1046,1096,1036,693,862,1161
664,621,593,913,734,584,597,820,569,588,876,812,713,553,807,574,675,654,793,674,883,611,718,592,607,579,897,594,596,561,573,889,818,635,914,719,616,819,721,594,608,936,575,839,566,810,649,578,659,908,616,628,910,625,601,666,690,635,824,589,906,684,798,672,918,793,626,705,632,694,602,770
do you sell batteries.
there literally is an app for just about anything.
633,1147,1005,946,1120,974,956,551,613,1097,1101,973,809,497,756,751,611,572,695,1041,620,562,1124,757,917,597,683,602,940,1089,1032,751,592,673,464,1080,1066,862,937,1015,562,952,467,935,961,430,1136,1148,938,677,1091,647,972,975,969,541,727,951,456,828,1074,965,752,942,472,925,866,730,880,1011,907,767,1111
684,612,898,626,590,612,929,690,608,699,699,902,812,683,640,639,597,600,621,662,613,675,779,637,705,601,620,595,902,693,622,620,588,613,662,681,692,614,895,635,668,908,707,781,889,684,555,593,888,691,601,614,871,732,640,674,625,894,697,842,616,626,641,899,678,818,617,623,742,614,789,715,758
how do i become an astronaut.
lakers played great.
909,1099,523,947,639,1099,959,1040,961,809,591,700,1097,1018,594,995,457,950,960,452,531,729,646,1071,938,457,931,716,1105,1364,1091,446,1057,573,644,514,999,1207,1162,441,916,559,613,986,760,647,572,446,711,1157
731,609,599,911,676,618,894,633,900,831,585,820,619,771,596,907,678,777,890,681,685,618,607,592,775,669,613,602,754,620,684,657,644,564,576,638,875,589,668,655,573,546,673,868,685,593,571,668,600,766
i finally got around to using jquery to make my bio collapse.
took the graduate field exam for computer science today.
1051,960,673,1032,973,433,1124,1116,879,945,658,1119,726,962,432,655,1099,975,951,609,958,729,1100,962,969,535,1007,938,754,738,1001,427,972,584,642,724,863,924,732,1084,1039,452,1046,590,949,1007,881,923,814,1033,1128,957,701,1133,1142,1122,479,1182,533,598,1150,1348,731,1129,1116,1082,972,722,926,580,955,776,655,438,616,974,459,724,581,984,680,1009,569,608,1089,945,576,571,436,1026,948,644,1068,623,951,668,1097,1009,1136,947,700,548,494,635,946,510,657,1026,567,660,547,995,691,1084,587,414,1121,1149
614,896,650,613,807,650,642,634,529,862,665,589,601,873,662,584,611,608,805,661,905,604,623,895,640,648,644,806,688,871,673,593,576,570,598,598,569,881,611,603,763,645,682,567,903,801,613,919,789,622,613,913,795,535,668,676,675,576,649,581,744,592,611,601,622,753,890,608,724,567,908,679,589,657,668,622,677,598,562,883,686,521,569,653,649,865,578,751,658,771,895,668,618,593,893,772,564,802,604,618,593,548,564,578,864,618,776,587,579,768,559,869,609,601,665,666,762,790
i have heard lots of women simply rave about him.
1082,988,965,426,704,561,1002,931,563,424,613,583,952,1116,1123,429,691,502,971,1120,632,468,1109,1050,550,949,946,504,1003,1025,1125,1081,420,830,613,392,693,537,978,400,782,1046,935,705,953,899,996,991,1116
620,910,676,661,755,578,878,653,563,651,580,661,856,665,571,651,583,654,868,583,661,562,561,744,568,791,904,652,604,804,618,704,660,557,601,645,768,561,870,654,772,568,560,607,867,718,611,782,780
his own share in the proceeds was about a hundred thousand dollars.
934,1050,523,982,1118,494,936,948,518,921,439,645,569,955,1024,957,977,713,898,566,941,1096,644,1096,689,568,572,608,517,978,485,429,504,978,782,1072,956,964,714,969,449,961,923,961,936,628,652,577,605,952,717,897,1078,937,540,452,928,609,949,617,1088,1105,1098,457,639,516,1122
735,608,652,885,588,575,819,914,649,742,654,597,580,915,656,810,927,602,745,569,917,598,616,573,779,562,573,659,655,861,586,669,649,877,789,631,600,574,610,875,656,859,691,602,784,681,589,560,644,880,603,689,572,601,645,667,803,649,892,652,583,661,668,684,609,657,794
it's a good day.
1047,712,1255,543,950,471,944,768,1106,1103,620,954,627,460,847,1122
623,597,602,648,877,673,852,686,565,567,651,851,660,666,541,731
be in good physical condition, with good eyesight.
841,589,997,1061,982,995,784,1139,1134,626,1011,1191,931,924,554,1059,682,457,1116,975,682,1116,941,627,1022,734,1005,1086,923,1094,988,523,1037,732,905,941,787,1105,1106,628,949,604,892,606,549,1021,767,907,743,1108
809,532,863,615,765,894,693,579,582,639,846,591,708,576,630,603,755,662,657,872,756,594,785,661,607,585,617,598,810,769,875,575,599,590,702,892,676,585,591,641,877,573,560,561,640,544,664,690,591,729
damn you north korea.
648,471,1030,601,973,882,1067,921,964,995,1101,662,743,920,943,1032,1099,669,610,465,1112
644,644,764,573,873,563,529,564,877,761,607,590,594,716,895,694,600,602,571,663,751
judd apatow creates fake sitcom on nbc.com to market his new movie.
1007,997,648,647,987,486,1176,474,727,1119,524,994,728,695,624,487,741,618,550,1001,689,470,1070,592,1018,541,1055,741,706,1127,1015,996,1122,959,984,965,837,682,1168,696,1120,1054,1009,752,1140,1002,1059,494,689,1076,608,749,984,937,1057,553,983,954,603,522,984,1009,1085,759,1079,595,1142
706,621,676,660,874,673,583,674,587,608,586,865,798,609,583,687,598,584,652,878,672,672,715,580,861,654,623,597,774,593,785,900,598,793,916,812,826,746,764,789,623,792,884,603,596,867,784,660,592,677,545,581,846,680,564,615,866,774,556,564,871,755,600,768,527,554,728
the book is under the table.
i'm self employed.
747,957,587,987,832,1157,1181,1088,989,1070,586,985,1005,986,648,608,684,986,751,944,603,977,758,475,823,1114,605,1148,1301,1090,1243,1065,994,562,622,1126,697,1006,609,1067,1191,1165,1141,901,617,651,1136
583,676,558,873,783,550,544,690,856,601,661,868,616,768,643,562,582,882,597,698,559,886,607,624,794,669,559,794,607,594,589,786,881,641,578,683,666,859,575,788,546,683,566,577,567,669,756
i'm going to bed.
1064,1253,1054,989,791,1128,1032,985,779,989,763,1107,992,854,591,648,1148
578,580,773,862,671,578,622,761,671,875,596,596,869,788,544,669,730
i have to go to booz allen hamilton for a two hour meeting.
1105,979,953,452,740,579,976,723,1104,989,740,1116,997,736,1123,985,805,1125,1129,484,979,452,1116,1122,573,957,972,913,439,1007,1028,1065,710,1094,931,955,680,1085,660,958,443,956,725,492,1105,984,907,1077,943,644,962,1009,566,557,715,1008,951,736,1130
550,872,671,630,802,550,889,607,606,855,645,597,852,608,590,865,761,577,579,740,837,647,617,610,558,750,868,676,647,770,612,684,599,570,775,879,659,593,590,866,623,872,602,546,550,842,698,581,602,584,877,768,558,567,582,632,788,670,749
your prayers worked.
your prayers worked.
931,1113,994,663,958,1174,654,462,903,593,641,526,950,517,1104,647,1043,572,610,1122,1336,943,1118,980,648,970,1152,635,438,916,585,639,515,983,510,1113,630,1066,572,610,1150
584,553,570,607,877,593,601,640,597,563,590,653,892,576,597,594,712,542,640,746,603,609,554,587,602,885,557,593,637,597,565,592,640,885,585,603,591,696,563,676,762
shout outs to all east palo alto for being in the building karizmakaze.
i just created my first latex file from scratch.
545,939,1110,998,723,972,1124,1013,738,541,982,732,1128,989,469,1140,1129,990,618,478,538,990,985,1167,481,1136,1123,967,475,1113,720,1107,972,681,1116,667,979,830,608,1043,932,789,973,1029,937,969,760,899,620,944,816,950,1039,1100,651,1031,946,778,983,1050,485,680,1026,527,1031,477,1044,460,489,576,1144,1276,1095,989,1022,1009,535,723,982,1014,691,694,619,482,600,640,989,1025,899,973,686,1065,653,548,992,982,1127,477,751,601,619,990,720,1059,1120,622,979,714,660,1112,1039,990,560,708,468,696,768,718,941,1165
649,712,596,619,592,887,613,620,605,657,879,603,618,870,664,660,676,882,593,683,651,884,859,596,654,639,578,873,662,665,598,603,870,673,601,595,881,827,563,617,757,714,896,627,769,895,632,728,581,906,798,626,595,685,671,627,769,697,902,731,666,612,638,742,790,676,696,667,771,576,791,643,621,879,708,634,638,597,872,662,794,622,590,669,576,679,881,769,600,874,674,611,582,676,878,892,664,662,622,563,770,888,695,615,678,609,890,684,584,615,788,883,645,793,661,602,614,767,710,771
i think those shoes are very good looking.
about three hundred kilometers.
1069,992,765,935,1053,948,1072,786,746,929,1074,563,615,941,565,915,1087,624,546,572,952,482,682,604,948,751,645,708,886,777,1119,1126,654,975,1111,1107,1109,1048,1031,950,776,1116,1373,481,823,1092,948,765,943,762,921,673,610,624,939,1001,969,648,686,675,609,644,951,1084,1024,1069,1085,992,593,730,584,658,537,1099
636,870,623,711,601,762,699,848,588,661,574,676,570,889,645,704,605,571,575,681,874,661,593,560,877,764,587,611,608,686,537,548,656,852,679,593,593,694,622,771,689,747,616,663,790,562,577,625,870,618,707,593,581,611,875,548,706,644,595,598,555,655,859,702,599,700,598,781,565,593,559,570,629,770
waiting in line at safe way.
try to say it.
529,437,1026,728,1022,944,786,979,1027,937,962,1093,1016,941,610,961,486,955,959,577,486,728,610,955,542,465,894,1133,1386,778,681,916,953,751,1074,966,568,481,891,935,738,758,1125
561,626,617,596,627,762,679,907,630,778,919,653,618,768,565,894,665,884,894,647,665,703,565,914,578,647,622,717,623,613,567,601,886,596,602,864,636,653,620,886,596,592,721
i hate comcast right now.
1064,982,949,482,767,623,959,712,1099,1022,705,476,556,752,990,679,1039,789,923,759,966,943,1070,545,1130
636,894,734,632,597,556,926,768,622,772,787,651,641,606,856,603,608,686,727,609,896,805,633,592,786
it's here.
warren buffet became the richest man in the united states.
1027,764,1158,567,980,933,608,690,612,1136,1372,546,476,677,670,614,957,955,798,980,710,712,595,747,970,809,587,696,432,1047,595,973,734,930,592,958,661,1025,688,933,612,552,737,959,1006,457,936,958,992,944,955,731,880,603,937,948,929,1001,599,642,944,543,558,739,443,723,590,548,1139
656,613,685,657,899,741,597,604,587,783,550,585,652,603,606,579,813,925,796,653,672,657,573,609,876,791,561,781,649,810,574,891,609,728,583,910,592,635,754,721,591,673,613,914,815,673,838,944,671,805,934,622,780,589,948,672,831,664,592,677,930,656,620,604,639,605,565,647,770
how do i become an astronaut.
919,1095,544,944,682,1098,936,1034,962,849,626,726,1117,1017,640,993,497,943,967,493,568,760,697,1117,955,501,955,772,1151
713,595,598,910,698,611,921,641,908,812,575,805,607,794,594,887,674,804,929,677,663,610,597,608,824,676,647,616,791
awesome come back from business.
clearly he would not venture to descend while his enemy moved.
480,580,612,578,1020,1021,618,970,721,1097,1023,612,994,839,519,703,1064,987,720,689,1104,1029,979,813,981,565,1037,958,628,560,560,1145,1445,709,1122,628,483,674,1106,909,758,923,596,922,522,1062,966,1095,632,937,917,1051,730,941,779,615,926,760,962,672,604,947,744,1068,974,642,623,557,667,621,939,647,957,529,901,995,1069,611,943,885,989,550,948,612,908,607,1040,873,938,988,1070,718,580,613,1131
662,622,569,651,800,799,581,903,767,645,808,593,901,820,685,807,710,904,723,622,635,820,915,784,643,677,637,825,605,656,685,782,656,775,671,616,673,617,717,650,872,704,577,913,602,619,636,675,671,899,824,654,615,914,813,585,822,644,645,635,599,912,632,628,907,702,621,714,842,632,831,693,923,612,755,634,720,604,933,771,655,676,934,601,837,593,849,641,909,811,652,831,578,649,810
i'll call you when i leave.
1021,1264,1098,1111,982,714,1114,450,1113,760,919,1077,964,947,516,903,596,911,935,1002,939,1066,608,464,756,600,1116
653,585,737,737,924,798,724,685,719,882,543,544,564,912,593,733,579,815,934,676,934,735,595,684,811,589,819
follow me.
you will not regret going to see star trek.
684,1101,1107,1105,1121,523,1002,591,1115,1171,1427,930,1096,961,953,528,1027,1090,1094,953,917,1077,734,953,643,586,774,648,588,718,947,785,1070,971,906,787,951,754,1058,937,544,613,621,539,741,457,699,654,941,737,647,596,1008,1124
697,644,731,743,637,604,828,595,796,833,703,577,550,576,952,610,655,729,751,945,865,679,631,953,625,600,723,611,589,632,962,736,661,714,867,739,982,655,700,966,704,617,633,698,650,675,636,645,967,650,628,616,787,852
i'd like to make a reservation.
how jacked up is that.
1030,1167,640,958,1109,1033,1038,613,940,745,1078,942,995,472,1026,610,951,1029,471,672,600,554,611,678,738,492,752,976,1084,922,1122,1426,928,1111,548,965,961,489,724,1025,625,667,971,964,1167,959,1037,560,948,735,924,452,731,1144
685,644,673,905,752,670,761,622,932,649,676,934,853,696,743,621,920,677,700,634,602,684,615,632,816,696,646,697,662,851,804,698,761,642,615,937,784,693,797,757,610,727,939,686,652,934,682,678,956,646,770,687,648,808
i have three children, two girls and one boy.
there are many people here.
1055,966,928,452,726,610,962,746,925,646,583,595,957,690,921,1043,1112,648,667,593,977,1087,973,729,503,1032,932,782,984,655,1053,534,934,469,899,627,934,1056,891,595,932,802,1069,888,1086,1441,770,894,606,692,936,931,473,664,595,941,998,471,933,861,933,1136,604,1136,1147,597,1095,955,903,671,587,1121,1413
674,940,752,685,767,602,944,642,761,624,613,620,957,797,761,656,725,733,645,621,856,828,955,642,590,661,941,728,679,613,748,676,938,688,852,679,967,655,862,618,971,806,642,665,762,657,653,761,594,620,943,941,688,640,602,948,832,689,856,662,960,648,606,576,681,593,753,926,769,631,598,796,573
let me check.
1115,565,692,980,1032,568,986,664,936,591,670,1050,1145
688,608,637,930,817,601,925,813,747,622,849,722,805
has been a bit crazy, with steep learning curve.
946,455,521,978,778,586,579,932,964,444,960,786,1029,713,673,661,578,435,503,864,1063,952,487,905,704,910,943,529,703,566,572,1148,954,1078,560,416,624,907,977,910,729,937,674,618,935,668,734,564
745,706,690,932,811,607,621,855,951,693,955,807,650,653,829,651,628,716,795,589,790,944,631,769,655,761,945,674,644,614,624,659,932,744,625,709,644,843,684,834,735,946,778,756,662,661,848,605
i have to get it looked at.
she turned toward him, her face troubled, her eyes most wistful.
1042,941,904,422,708,543,941,696,1055,953,730,543,694,956,1003,696,941,1054,1054,1083,1026,554,605,954,434,686,1104,1415,523,869,560,917,715,945,631,901,553,597,932,693,1055,470,420,622,576,921,873,987,986,1055,943,696,880,545,619,647,427,637,575,928,708,638,1036,922,774,1055,549,604,1042,933,538,877,618,915,537,847,557,513,919,960,1041,515,709,923,487,988,509,704,646,931,1077,1114
652,946,767,691,805,605,955,653,662,944,733,604,639,946,677,655,953,767,664,636,773,606,714,935,716,639,827,689,732,769,614,947,655,671,631,881,620,729,951,655,677,637,721,646,709,951,780,681,848,841,935,657,775,628,650,711,712,789,639,956,652,630,660,669,822,741,606,710,824,940,615,767,651,953,615,645,612,703,917,829,676,710,644,935,634,666,714,649,736,663,733,717
let me check.
1096,574,693,962,1003,556,977,663,906,557,654,1039,1116
739,613,633,934,823,598,927,834,737,613,848,720,827
do you know what this says.
610,1111,960,916,1087,946,939,1027,923,479,1061,928,491,875,418,695,914,693,873,981,517,907,508,418,802,500,1110
694,639,926,623,603,613,966,773,874,603,675,967,620,801,684,642,986,640,799,682,693,992,673,714,659,693,824
i love lebron.
1016,943,1050,1084,718,572,958,1070,562,740,621,911,1095,1180
681,951,770,654,848,618,947,752,618,811,633,865,818,776
the cars are american.
for a time, indeed, he had fancied that things were changed.
711,918,572,942,683,447,666,522,964,459,643,574,971,443,1002,571,631,1018,673,434,948,1132,1417,680,1114,651,988,435,975,713,1032,1007,581,1088,986,1030,948,642,583,581,626,1062,958,912,596,944,906,437,642,940,672,454,921,687,1016,592,638,965,744,901,438,716,949,729,891,1032,917,788,543,962,503,579,657,572,950,664,892,462,916,763,572,625,1125
627,757,603,947,827,685,623,710,935,706,632,598,946,694,831,592,621,654,798,689,824,792,640,698,657,629,919,688,947,642,667,818,620,814,937,687,856,728,622,623,749,818,958,793,621,975,785,713,725,995,729,721,890,837,697,627,752,957,674,796,699,654,954,665,814,667,885,755,694,970,616,608,638,602,973,797,789,712,882,729,602,731,839
you're right.
playing with java and the twitter api.
929,1104,983,1333,673,584,946,657,1024,764,892,726,1125,1339,1152,1077,454,907,747,983,911,957,502,874,981,722,879,1026,453,729,438,936,437,913,605,941,695,873,560,911,713,474,1003,719,710,564,655,933,443,1133,1028,1101
623,601,619,577,634,607,939,639,661,725,773,651,773,665,652,696,687,636,719,668,804,928,627,760,654,653,757,670,690,807,692,895,692,806,681,902,642,744,620,923,642,602,641,656,653,601,629,908,709,603,572,741
but despite racking up world titles, olympic gold was eluding him.
i am totally unprepared for my exam tomorrow.
791,961,735,950,631,584,536,1158,1038,715,574,651,438,661,1026,1035,939,757,959,947,1143,956,522,1093,659,1035,1086,621,941,727,1021,724,1091,581,531,1078,957,1128,1120,880,1028,1165,1070,700,970,769,1091,1104,621,950,525,466,533,949,586,1070,940,623,1006,933,763,979,878,987,964,1077,1391,1014,950,451,1001,957,731,1081,734,1074,445,1068,799,926,911,903,1115,640,580,1133,438,651,574,613,960,676,1080,641,953,980,841,899,581,583,445,989,923,705,1047,979,1066,659,658,1054,504,1122
855,635,658,921,703,608,702,633,641,642,613,649,697,813,725,634,793,734,919,641,615,916,640,621,652,740,670,673,913,649,634,664,717,620,725,818,924,616,725,633,846,625,575,838,921,723,623,713,696,907,642,717,661,893,620,703,634,693,657,793,725,933,703,609,789,745,623,634,914,695,814,917,655,619,665,731,711,724,636,933,670,840,638,636,630,635,716,642,606,729,912,693,636,626,923,830,650,956,602,803,716,838,920,653,632,818,656,664,663,552,624,771
my dvr just died and i was only half way through the ea presser.
1019,890,954,623,717,628,958,965,956,517,711,937,619,1001,573,610,942,423,898,590,924,980,926,496,439,517,930,1047,907,1054,838,941,891,433,1052,656,922,485,424,854,921,723,885,654,1039,919,755,871,914,897,729,853,573,598,457,942,1137,649,582,530,530,579,650,1122
850,669,968,692,815,633,949,785,675,692,641,947,704,681,609,698,949,698,852,652,988,677,978,633,722,670,966,662,871,757,655,954,791,704,754,713,963,623,699,659,942,664,782,646,681,684,756,812,950,958,663,783,635,634,697,912,641,642,629,695,696,615,651,808
do you like the book.
624,1116,730,947,1110,982,933,1054,1005,1016,587,931,708,876,579,919,805,1059,1056,1080,1095
687,632,914,615,601,604,916,714,649,725,616,928,651,752,620,947,827,643,655,762,828
shout outs to all east palo alto for being in the building karizmakaze.
which one do you want.
548,909,1070,953,709,941,1066,947,707,534,936,726,1082,948,459,1088,1084,949,594,454,532,709,937,1180,429,1100,1124,929,447,1088,1103,705,935,682,1073,656,928,787,574,1001,928,744,951,1018,944,955,717,883,586,913,796,927,1016,1073,640,998,922,762,951,1008,464,672,995,509,991,442,1008,442,530,586,1111,1365,510,893,1009,680,907,926,1070,938,581,969,625,1136,919,926,1092,967,924,517,932,441,722,1122
693,752,654,668,644,880,616,622,658,715,886,663,615,876,705,688,713,894,620,697,678,645,898,606,688,708,596,893,684,678,602,652,891,715,614,635,901,842,606,640,787,729,908,616,752,911,661,740,629,936,818,648,600,726,739,642,781,749,917,722,700,657,643,788,838,716,734,692,815,616,809,675,635,743,636,818,732,920,634,833,612,899,718,587,898,633,601,622,907,619,755,697,654,786
her jocund laugh and merry voice, indeed, first attracted my attention.
i'll pay for the tickets.
907,582,650,958,972,1092,694,982,956,642,948,1103,468,968,768,900,917,491,918,639,941,1002,592,665,659,871,904,741,1037,1053,685,605,1056,948,1009,947,625,591,594,628,1056,944,681,1012,663,541,722,946,458,744,641,728,661,462,670,733,581,642,1027,855,948,478,737,734,592,927,752,984,1076,919,1102,1356,1014,1199,1198,1197,959,1164,482,887,917,700,1116,663,963,753,904,605,940,745,1017,693,1022,609,716,540,1118
729,619,645,911,736,621,833,635,804,714,919,722,696,634,721,744,923,711,828,712,935,824,630,650,659,633,907,856,631,570,839,632,817,912,667,803,710,626,634,731,797,919,721,646,651,715,658,927,713,673,574,664,642,730,803,657,616,736,839,613,932,714,659,662,627,876,660,677,660,837,806,649,675,606,728,724,929,655,713,651,905,722,635,651,933,668,772,639,965,664,599,838,689,626,655,689,741
which one is cheaper.
how much money do you make.
541,910,1017,702,927,933,1059,898,603,944,1014,549,933,694,882,590,467,1151,598,669,1103,1304,888,1099,960,757,999,943,688,904,935,988,1078,929,601,866,941,638,1075,942,883,1066,932,939,1005,476,1037,583,1132
638,708,613,820,923,932,635,822,623,954,663,700,955,845,751,598,707,625,620,646,790,668,768,647,650,915,801,643,830,754,926,801,640,838,617,639,945,699,641,928,641,584,622,947,815,718,723,615,786
i've already seen it.
1044,1270,768,592,971,454,1096,646,594,451,619,900,963,535,607,606,928,954,1033,720,1122
669,627,843,620,945,709,735,640,636,721,718,642,927,703,640,640,851,959,659,664,824
obama is quite a good comedian.
in other words it never reaches the zenith, a point directly overhead.
1090,819,457,1031,454,971,1037,528,961,430,971,1047,727,591,978,459,962,764,1112,1118,628,964,710,1079,1003,599,646,1038,477,950,1152,1363,1039,945,954,1091,736,906,604,686,938,532,1077,675,643,553,953,1019,727,956,919,587,749,608,676,940,668,594,454,660,893,595,537,932,727,886,582,922,503,598,905,993,725,888,1046,934,460,933,1092,1044,992,894,730,945,630,977,667,598,674,730,1043,835,949,1046,751,604,676,910,594,452,609,1189
665,835,711,825,708,924,671,708,938,654,672,634,652,615,909,704,924,729,627,624,683,931,828,656,833,631,719,669,717,829,786,628,658,817,954,607,653,742,643,654,925,636,633,656,697,703,899,653,658,911,819,617,847,627,651,946,650,618,733,804,746,622,704,925,654,756,634,948,787,622,847,671,662,752,819,947,723,956,680,656,665,840,661,954,727,670,661,631,801,663,738,653,968,644,854,629,658,793,639,716,670,748
fill it up, please.
690,1025,1102,1107,961,1033,747,957,990,1154,1085,967,1157,1120,622,476,542,612,1129
695,637,695,707,930,669,645,929,658,643,810,933,646,692,622,693,689,618,807
do you want to go with me.
626,1122,975,948,1103,964,966,516,946,462,735,954,750,1088,953,801,1110,951,541,1024,753,898,948,1001,607,1127
684,635,931,584,522,564,935,617,804,696,653,935,660,657,943,745,638,947,621,660,666,750,935,834,621,800
booz allen hamilton.
831,1118,1115,523,986,484,1138,1122,608,956,969,946,475,1026,1030,1078,745,1038,927,1155
834,651,648,793,940,721,693,724,631,842,950,763,715,856,678,748,673,671,856,826
it's shorter than three miles.
1026,741,1294,572,975,576,911,1107,680,776,609,692,962,759,923,481,938,946,768,916,677,607,950,948,999,1012,1064,633,562,1099
683,671,625,720,949,699,776,651,669,691,641,664,929,677,753,708,829,963,682,762,653,656,951,967,841,696,756,641,716,821
high doses can have adverse effects and even cause death.
946,1048,799,942,966,684,1097,644,587,638,969,722,480,929,961,916,498,781,632,956,488,679,772,620,694,569,632,956,623,727,726,613,693,767,572,960,472,929,644,941,626,766,628,928,944,704,468,535,936,581,989,666,624,490,764,925,1131
771,653,736,739,929,757,641,645,741,637,927,842,713,847,954,755,729,845,639,949,713,745,862,627,659,735,648,948,631,759,753,633,817,679,726,938,715,838,721,957,643,837,644,872,983,845,710,627,656,736,933,713,628,703,665,732,787
these buildings were grand and stylized with intricate details and a bit of an imposing presence.
i will take you on a date to see night at the museum.
753,950,635,580,637,972,840,1001,1060,1122,674,1045,961,810,594,994,572,641,703,621,993,813,703,489,935,672,962,498,919,670,960,577,760,931,1099,1040,568,636,683,975,564,1016,766,904,941,1010,929,781,696,1024,718,513,777,648,931,701,645,770,488,1047,1098,585,974,513,949,670,962,500,851,1023,797,971,959,1084,734,969,506,916,964,1011,1005,1135,1073,586,1009,934,798,965,1137,711,635,593,632,944,728,632,1096,1342,1029,789,555,1034,1092,1082,951,745,455,1008,609,936,926,1062,960,936,1107,939,956,493,955,653,483,753,616,954,749,1084,963,564,627,639,959,938,1004,786,906,768,939,489,764,947,765,904,611,945,1019,976,571,625,985,626,1040
661,751,636,711,649,949,850,662,653,734,719,675,801,758,707,940,650,631,661,620,931,738,663,704,828,707,940,713,847,705,970,708,652,574,723,636,813,625,753,926,642,661,675,771,947,664,802,673,652,658,839,716,671,643,951,756,622,668,717,657,716,707,936,734,828,689,957,723,844,663,691,945,958,658,735,947,716,881,976,690,851,669,658,700,690,873,750,972,657,664,651,688,622,821,832,633,788,679,672,929,635,655,690,715,931,669,684,755,614,967,631,618,620,915,604,774,914,723,918,694,694,647,594,913,647,628,915,687,601,623,927,830,672,722,735,655,940,698,659,938,654,749,611,937,824,665,667,607,658,607,798
affliction is allayed, grief subsides, sorrow is soothed, distress is mitigated.
469,714,724,1117,1101,749,789,1033,1118,975,991,1071,584,985,509,1206,1194,1124,519,907,643,1078,959,821,721,1038,641,732,942,584,970,878,620,1009,693,642,592,1054,958,608,1071,715,715,1092,571,965,1018,606,954,606,1106,1143,766,925,635,682,1063,949,668,1025,598,783,697,634,586,591,954,1042,603,960,1019,1027,768,1023,808,508,775,652,682,1126
685,698,702,730,574,809,659,650,646,828,944,659,712,948,724,627,635,729,724,615,626,723,919,744,653,661,635,734,939,678,675,843,712,679,745,611,718,799,949,730,664,674,673,652,651,930,680,679,935,709,627,595,669,759,617,726,832,942,700,693,738,674,654,625,719,718,933,690,712,940,838,697,677,694,750,714,664,613,731,822
warren buffet became the richest man in the united states.
what's the charge per night.
580,493,711,712,626,984,982,826,991,760,773,651,788,973,842,639,740,499,1033,653,977,775,916,643,960,701,1059,726,925,632,578,774,957,1007,494,919,941,1032,941,963,775,891,649,955,969,941,1010,786,647,679,964,590,772,499,769,640,585,1109,1383,563,934,504,762,1190,595,985,785,917,656,947,758,916,533,739,837,660,955,1171,660,722,964,958,1039,797,930,791,1129
625,706,671,671,623,860,955,834,675,737,745,634,668,957,867,613,836,699,842,626,946,675,768,635,956,640,645,831,783,627,715,674,937,845,702,868,975,640,862,958,679,788,637,938,696,859,689,668,614,712,943,708,673,706,663,617,707,818,670,642,779,710,653,669,698,945,663,784,645,977,808,775,726,660,760,631,969,659,639,673,950,788,656,731,758,673,761
yet fox needed all the strength that he could muster.
941,641,787,995,749,1131,663,992,970,662,655,700,645,693,967,517,1091,1090,972,774,914,641,937,611,796,700,643,959,804,789,924,953,783,926,512,809,949,919,657,956,746,1070,950,1095,689,955,999,949,609,788,656,723,1102
672,620,672,915,720,641,821,933,839,630,631,737,623,732,958,729,757,759,949,677,791,638,985,686,682,636,617,880,732,668,803,964,679,769,700,691,957,783,606,975,817,699,708,780,737,945,880,717,729,674,653,665,793
it's too late.
1071,800,1223,625,993,790,1127,1105,982,1118,543,783,669,1162
671,673,710,719,946,669,680,701,947,754,715,675,627,850
please call me.
1099,1131,675,530,595,667,985,758,544,1156,1160,995,1039,668,1152
707,769,645,718,693,640,959,856,708,694,679,923,805,623,774
how do you use the twitter api.
974,1140,587,992,705,1141,1001,979,1144,1029,997,1030,597,659,986,800,956,658,977,804,589,1069,801,794,656,731,980,514,1189,1071,1147
732,636,637,929,710,640,928,642,620,644,946,659,717,622,951,670,757,633,966,679,636,661,680,675,626,646,952,694,639,653,808
awesome come back from business.
508,571,646,604,1134,1059,645,1011,777,1130,1056,657,989,863,516,741,1074,998,760,728,1120,1039,1001,860,999,620,1057,971,665,608,608,1170
698,633,608,699,657,834,632,948,826,597,810,622,929,825,715,814,740,932,734,656,657,848,947,855,664,730,669,868,640,723,725,814
good news, just had a call from the visa office.
819,1137,1153,685,1010,977,648,598,605,1112,988,988,1004,605,792,976,937,524,706,985,541,986,782,505,1170,1160,990,747,728,1110,1039,1021,777,956,641,979,804,1042,612,516,982,1122,743,752,1062,744,633,1169
728,607,597,679,907,819,626,709,687,806,923,744,668,707,667,940,768,713,709,938,735,932,810,712,701,709,923,733,670,675,821,929,680,750,634,963,842,666,740,709,954,638,733,732,655,831,617,796
i can't watch tv.
1070,1009,753,509,978,1193,775,994,571,516,787,752,968,981,807,802,1169
675,945,806,710,851,716,661,907,626,700,675,812,754,932,676,845,820
lyx is really good for long docs.
i'm still bitter about this.
1115,934,650,979,1068,614,982,713,646,523,1109,1093,889,986,813,1110,1113,666,990,718,1118,694,986,1118,1120,958,802,979,671,1105,722,598,1205,1352,1087,1253,1102,999,600,778,1042,1111,1112,992,837,1084,820,822,679,743,1002,527,873,1115,992,990,981,808,944,1053,623,1179
740,635,815,944,642,714,935,654,627,722,745,686,604,908,750,623,636,716,911,737,647,656,920,722,647,815,755,932,728,643,849,731,810,679,641,647,841,937,706,664,684,750,763,930,832,619,691,701,626,663,914,731,848,645,659,924,930,680,751,637,735,791
tell me.
what time is it.
810,673,1139,1136,1012,1045,665,1169,1309,599,976,536,796,998,810,1072,1028,662,1014,1081,610,1012,803,1076,1182
678,633,746,745,928,823,633,799,683,644,752,730,670,931,679,671,791,635,931,671,716,934,683,665,804
the knight was gallant not only in war, but in love also.
801,986,670,1011,1084,1003,1107,853,965,827,999,604,547,627,1010,851,549,1117,1120,538,979,812,996,970,1107,805,1002,1136,975,1125,906,995,1069,1001,1016,589,528,716,1113,1016,867,1004,817,991,1041,981,1001,1112,1180,807,662,1034,514,1147,602,1142,1183
674,753,631,937,751,860,651,751,768,682,949,642,728,708,945,783,733,749,755,733,849,675,959,866,692,683,943,639,854,745,673,952,681,847,981,645,721,663,842,964,830,691,680,968,723,846,976,750,617,815,627,910,709,719,690,633,788
that's a good school.
795,983,518,773,1180,610,1011,514,1002,826,1122,1117,664,1006,608,762,940,1156,1137,1141,1179
664,778,714,656,739,691,920,712,930,731,648,656,695,927,691,837,789,622,638,743,809
can't sleep. my tooth is aching.
768,524,971,1182,789,1013,619,1123,655,659,1213,1184,1004,1047,914,813,795,1105,1117,791,925,976,1044,615,969,520,739,931,1029,953,806,1239
821,719,844,695,676,912,708,712,614,630,649,781,921,825,650,928,659,615,617,672,702,893,640,716,904,712,808,737,650,808,741,776
winds could get gusty, occasionally blowing at more than thirty miles per hour.
593,1069,976,710,622,1002,778,1125,1018,1156,719,1014,840,662,802,1009,841,1032,605,802,970,1112,1023,1170,747,753,543,618,1074,1169,1017,540,1164,1178,932,994,859,1124,1134,596,1053,975,826,1001,544,801,1011,1061,1152,717,645,1029,791,961,525,974,998,800,926,1050,720,785,917,949,1016,1026,1107,665,603,984,1168,654,722,989,940,1092,975,710,1160
633,658,830,711,716,939,817,561,579,695,716,892,732,623,663,912,748,587,720,661,621,757,906,598,843,825,723,691,641,620,784,699,672,670,565,899,807,727,614,633,654,789,753,922,705,673,901,790,639,653,616,905,668,748,708,828,942,671,769,655,660,656,651,956,817,674,732,621,705,928,635,636,646,925,755,627,650,659,820
insects have infected my spinach plant.
1075,1001,601,676,736,785,603,1015,945,530,787,660,999,1049,976,752,644,730,795,658,713,1005,1036,894,959,611,1155,1033,975,536,737,948,987,1208,1150,498,985,793,1146
654,839,683,631,785,656,695,917,767,705,786,626,939,674,818,731,606,781,665,621,767,941,838,627,928,704,652,684,818,734,822,734,927,621,722,711,824,668,809
guess i'll be retiring my g and start using my developer g
i'd like to make a reservation.
827,1022,664,612,611,976,1038,1233,1193,1187,1012,858,639,1007,711,644,783,1047,700,1059,989,806,1000,1030,903,982,810,793,505,969,670,1000,587,768,496,763,796,992,996,600,1021,991,809,1000,1024,929,963,686,638,818,641,1099,1137,1186,636,705,1001,813,1435,1082,1295,699,997,1122,1071,1074,649,997,789,1129,1000,1037,532,1071,728,1034,527,1010,729,648,602,661,725,783,507,779,1042,1147,988,1191
731,620,613,702,699,935,653,579,702,711,914,796,606,933,636,623,646,672,636,656,805,719,915,811,637,926,718,929,700,811,695,934,679,651,680,640,657,944,695,695,694,809,716,918,807,639,931,677,608,818,609,756,633,654,614,644,917,711,603,644,595,707,920,720,644,733,618,915,662,646,920,793,695,721,703,873,693,908,654,610,712,630,653,823,713,647,661,639,818,750
do you know what this says.
693,1147,1011,992,1149,1027,979,1077,974,1139,580,993,591,981,504,770,978,777,945,1051,610,979,605,519,919,608,1144
674,611,925,615,587,615,925,729,813,636,621,929,612,694,673,639,906,651,730,627,687,910,663,712,640,672,794
the twitter api is slow and most client's aren't good.
is anyone else coming.
783,973,647,997,787,583,1081,800,788,645,731,1011,509,1175,1087,992,1064,608,992,610,1095,1112,576,1004,501,950,691,994,1046,1122,610,789,979,744,1118,1070,672,963,804,1188,619,1001,542,727,662,942,1132,776,1001,836,1106,1112,696,1122,1412,1077,623,994,540,971,946,1094,985,673,975,668,1101,619,665,980,781,1097,1008,1030,956,832,1122
657,732,615,927,668,633,651,675,666,619,641,917,717,640,640,922,659,701,932,675,711,613,621,920,692,814,675,946,843,662,687,661,956,851,722,655,649,832,678,693,691,902,705,643,620,827,729,665,928,732,643,636,705,767,650,657,713,923,725,846,634,664,800,638,937,635,733,708,630,936,821,643,827,689,816,757,762
i just created my first latex file from scratch.
who are you looking for.
1084,1015,1021,1019,644,820,1001,771,767,691,557,807,672,702,1002,1052,927,973,757,1057,742,620,804,987,1112,541,810,677,674,989,764,1055,1113,674,994,780,742,1110,1049,1016,645,762,760,525,803,768,968,1147,1462,598,949,1171,1013,534,748,670,1015,972,1142,1012,986,1137,1161,1178,1115,1091,829,825,997,777,1137,747,1177
664,929,762,664,690,665,909,833,679,653,728,682,618,729,932,803,652,928,734,658,672,714,683,920,708,739,676,640,790,930,741,658,749,638,923,730,660,656,817,927,674,820,671,705,665,815,751,788,638,642,769,639,925,729,655,634,930,669,603,649,932,708,624,616,749,655,739,731,948,730,649,671,797
found nothing at nike factory.
758,1166,1034,1001,708,1006,1025,1171,795,966,1065,977,832,1009,554,808,1007,1027,1080,1104,693,774,551,555,773,802,1144,743,950,1201
724,631,638,826,712,927,834,651,681,779,671,813,747,953,722,684,892,816,697,732,648,748,732,732,804,680,628,683,643,733
why not.
are you american.
614,961,960,1002,987,1130,807,1351,1325,557,744,678,1010,927,1103,985,961,568,1028,683,739,1041,777,530,956,1184
637,761,632,927,831,654,687,671,673,713,665,626,925,639,620,652,950,718,802,635,663,687,836,726,831,749
before robert barr publishes a novel he spends years in thinking the thing out.
892,679,782,1117,750,685,1011,738,904,708,768,831,828,999,903,578,785,787,998,1179,1011,902,1092,1054,649,949,686,634,1046,546,1029,986,1146,818,681,1137,1021,960,683,997,627,1224,679,984,713,1001,1001,975,682,547,754,632,990,1046,983,1001,812,917,1036,945,1061,1060,979,841,1009,828,930,691,982,799,1011,1129,1034,849,1042,1152,1009,813,1179
871,641,760,649,674,652,925,675,879,655,678,697,699,940,863,731,701,707,948,663,673,827,774,672,730,771,632,692,897,724,916,855,642,842,646,757,934,760,642,967,709,642,646,848,726,970,967,658,652,727,680,737,984,697,848,979,688,794,671,885,757,687,856,763,962,703,776,652,948,688,649,602,736,736,899,613,620,688,741
the whole day.
i hate comcast right now.
800,964,668,971,600,927,1119,1153,676,975,712,927,1161,1264,1424,1108,1014,975,548,819,660,1010,785,1129,1058,786,552,631,813,1045,733,1099,857,972,808,1002,973,1153,607,1198
671,743,618,898,646,753,608,674,632,901,712,621,730,750,620,637,898,729,728,690,622,901,812,655,780,801,729,699,679,894,661,647,767,747,678,929,837,642,650,780
i'm lost.
he sought nominal damages of one dollar from each defendant.
1098,1323,1127,1035,1162,1184,637,813,1200,1470,998,686,1020,627,1176,1042,845,986,826,1000,990,1168,1084,1089,1024,560,1157,1028,721,569,1084,551,845,687,648,1029,1171,773,1032,1170,1005,693,1032,721,1168,1162,1165,562,759,1033,756,730,1143,1053,1039,676,547,758,984,995,718,670,756,657,1007,703,532,988,787,1190
657,577,796,916,716,632,712,683,794,631,733,636,935,709,644,647,745,745,683,929,825,641,832,687,837,722,762,910,669,728,759,721,718,614,728,901,600,714,891,629,786,641,911,739,633,724,715,734,675,909,726,654,637,804,919,637,723,826,731,912,720,611,730,619,820,723,719,852,655,803
my friend is american.
someone does that for me.
1074,940,986,744,707,1108,658,1006,690,1027,1089,626,1036,542,1074,657,724,1096,779,536,993,1203,1403,761,1172,1092,664,1203,1032,654,1051,680,1185,659,609,1065,806,987,534,793,1023,768,1181,738,824,1077,664,1180
845,655,954,698,631,649,633,845,684,895,655,699,898,725,809,610,642,647,842,729,814,796,642,837,655,827,627,628,824,625,926,695,637,619,721,910,673,762,728,664,936,755,631,656,935,807,625,779
you will not regret going to see star trek.
1042,1198,1058,1009,592,1104,1159,1163,1020,975,1155,798,1012,685,847,834,716,662,787,1017,840,1162,1057,973,821,1009,790,1123,1002,592,663,669,1011,593,787,527,723,1001,783,716,650,1100,1175
606,577,575,891,633,621,678,687,896,809,636,678,913,662,762,728,640,608,654,876,740,608,672,814,730,941,656,650,936,699,616,639,945,699,669,707,656,949,664,643,623,679,785
i'm still bitter about this.
1076,1173,1134,1039,634,807,1118,1164,1163,1038,899,1095,823,823,685,762,1018,538,888,1149,1034,810,998,824,967,1093,652,1188
659,676,805,929,706,670,653,713,728,919,847,655,668,681,640,659,932,723,855,658,661,677,937,690,768,650,733,810
it's a good school.
1103,798,1189,653,1057,551,1049,858,1184,1195,714,626,642,765,997,1186,1187,1194,1237
664,675,732,709,913,723,927,751,639,638,713,714,713,809,703,593,600,736,812
lyx is really good for long docs.
1178,982,677,1014,1102,660,1016,740,673,547,1160,1199,959,1029,854,1153,1165,701,1029,754,1141,728,1027,1147,1182,991,821,1004,699,1159,767,635,1183
736,618,840,920,654,743,920,674,647,731,729,716,561,892,762,631,626,717,900,746,644,664,913,738,630,819,740,939,695,577,827,737,772
the committee worked in accord on the bill, and it eventually passed.
790,1003,647,1028,796,1189,1077,1085,1100,791,789,681,682,1010,602,1151,742,1097,660,725,1025,1078,985,1011,537,765,763,1160,738,723,1037,1173,1003,1030,816,955,668,997,890,1104,1152,1137,1123,1005,557,949,709,1001,1054,815,1003,632,847,642,985,794,1004,552,1130,1130,908,1023,1224,557,627,626,676,705,1196
657,717,629,924,848,596,813,821,673,668,671,637,637,916,635,632,661,745,618,727,929,674,843,955,716,819,811,637,656,744,927,641,864,944,667,775,631,959,825,597,699,714,792,921,710,827,716,947,678,664,938,617,877,624,868,672,675,718,710,729,629,938,615,722,707,711,620,728,801
what will the weather be like tomorrow.
when is your birthday.
596,993,536,803,1037,596,1103,1167,1163,1031,813,979,661,1017,583,670,537,821,986,674,755,1016,898,671,1020,1138,1110,1091,684,1005,829,1149,1074,1154,1160,737,1146,591,1194,1464,596,992,674,1009,1022,1106,612,1023,992,1167,1030,739,999,909,1105,754,830,986,727,570,973,1219
630,753,707,653,917,632,648,699,717,919,678,761,635,945,636,622,716,679,745,645,665,932,863,621,931,735,640,755,635,928,688,632,826,645,561,662,619,637,778,628,639,728,620,826,931,655,713,932,650,609,631,678,933,876,645,642,671,710,721,727,579,778
her jocund laugh and merry voice, indeed, first attracted my attention.
989,689,751,1020,1054,1184,797,1032,1009,747,826,1159,592,1036,863,964,1000,573,962,729,995,1060,688,743,743,946,994,836,1121,1061,775,691,1114,1009,1081,1001,724,680,686,720,1117,1015,771,1083,731,625,820,1006,554,632,818,813,750,542,765,830,681,722,1016,1044,935,545,809,818,675,1000,832,1074,1160,1004,1175
748,631,650,933,711,615,856,670,810,760,930,682,768,637,746,727,916,722,807,738,930,817,641,672,670,634,929,870,638,645,867,642,791,914,660,814,738,634,643,734,791,919,750,652,667,733,687,932,736,635,691,696,673,721,844,679,642,789,923,822,640,708,672,678,617,846,675,664,657,847,806
just do it.
1091,1094,661,836,982,738,1169,1002,1079,830,1187
685,568,693,654,918,703,614,890,624,661,738
when are you leaving.
631,1011,695,1018,1022,570,760,696,1028,1016,1167,1050,1010,1175,705,569,831,1113,1009,868,1220
646,723,620,829,938,722,657,631,935,638,610,636,940,713,626,721,856,635,837,753,778
jake's going to safeway.
1075,568,1144,711,1333,655,1059,860,1206,1105,1039,861,1049,845,1175,1052,665,571,804,703,625,566,974,1235
740,716,721,638,679,721,915,742,635,666,798,748,937,697,657,919,693,723,730,633,650,720,614,778
where is he from.
638,1013,714,780,706,1055,1137,667,1054,1015,709,846,800,765,1178,1097,1227
652,751,642,684,639,909,646,689,911,731,632,935,714,656,642,818,788
need suggestions for a good ir filter for my canon.
1067,694,702,727,1054,660,1056,870,865,711,655,841,1103,1198,1028,651,1042,776,1191,754,1048,557,1050,850,1165,1157,745,1050,1099,770,1043,785,1102,1165,847,706,785,1022,803,1162,770,1039,1078,941,1010,793,566,986,1155,986,1183
802,618,634,707,932,710,665,738,743,623,717,676,651,635,827,713,953,731,653,666,951,726,951,753,641,641,718,910,666,676,925,735,652,737,689,646,669,937,750,648,677,928,822,638,945,847,738,849,655,866,806
for grover cleveland there were no longer enemies to traduce and vilify.
warren buffet on the economy.
779,1197,746,1056,884,753,1184,856,695,771,1042,790,1184,692,849,680,1173,553,1033,729,1057,826,995,692,751,696,1039,620,704,772,701,1041,1026,1186,1067,1188,1185,1026,873,704,769,1047,705,1013,705,1090,1095,706,655,1045,837,1187,1047,851,771,558,737,1053,806,693,1046,575,1001,744,1037,848,1096,1163,1099,817,924,1200,1473,630,584,760,762,685,1007,1030,893,1036,804,804,692,836,1026,1161,1001,1028,857,960,699,1005,683,779,1208,1020,1196,1096,984,1213
743,646,678,929,777,660,649,865,652,661,939,845,754,615,873,616,741,706,832,701,948,682,751,658,666,633,948,637,616,652,622,969,874,680,952,772,686,868,755,639,664,955,632,858,627,823,664,638,718,941,685,654,941,660,636,722,714,660,851,618,942,721,831,719,947,824,646,731,672,749,612,796,662,655,727,653,658,621,817,929,839,631,733,736,622,661,918,638,848,948,675,778,638,957,611,865,602,810,620,811,637,778
do you sell batteries.
743,1215,1053,994,1172,1040,1016,684,719,1158,1163,1040,934,588,862,858,683,774,1117,714,664,1273
729,619,928,632,607,631,929,726,640,733,732,939,860,722,697,701,613,654,676,640,714,766
at seven o'clock at night.
583,850,1060,656,710,866,690,1032,1070,1261,1286,820,1189,1239,821,1151,1060,571,844,1054,1013,1117,858,1000,840,1215
730,679,956,736,646,843,620,863,944,632,760,849,744,631,822,729,924,706,669,937,842,671,736,770,675,807
top ten most watched on viral video chart.
818,1179,1291,1061,822,661,1021,1039,1074,1189,623,822,1048,601,550,822,769,995,689,736,1030,1174,986,1028,836,1072,740,532,1138,1024,846,1085,728,671,1172,1028,779,965,551,769,836,1162
640,640,638,937,690,620,837,951,848,657,712,675,946,623,712,664,797,757,629,749,956,654,857,984,842,660,646,720,761,958,837,679,714,607,657,961,849,766,714,656,671,806
when are they coming.
he was industrious but improvident.
598,975,672,996,1017,541,752,682,1064,831,980,683,959,1003,816,1144,1060,1068,1007,870,1197,1425,959,685,1016,602,552,625,1040,1092,1008,734,1023,646,857,770,1086,791,1114,1001,671,903,1004,825,854,1092,1075,1225,768,1160,850,1091,758,695,992,834,1172
636,759,607,869,982,708,646,618,911,680,757,628,636,957,837,678,849,692,844,765,789,639,751,607,931,630,713,673,930,666,814,708,651,732,688,656,660,812,664,679,744,846,671,672,915,611,770,621,653,612,827,618,733,621,815,668,771
warren buffet on the economy.
609,541,747,759,686,996,1032,884,1057,799,802,692,828,1031,1151,1017,1018,837,957,685,993,685,783,1135,994,1175,1082,943,1214
608,684,640,655,614,830,929,825,640,738,741,633,653,919,635,827,954,673,780,612,949,611,792,629,832,618,834,658,753
he was industrious but improvident.
i have a google addiction.
1020,678,1019,602,552,613,1106,1118,1020,696,1041,617,824,731,1079,1160,1026,632,1040,907,1038,829,1023,1096,1078,1239,783,1167,841,1122,750,675,981,823,1167,1434,1141,1045,995,531,829,688,1050,526,1044,847,1167,1169,877,1173,669,1050,549,724,728,1089,829,853,1077,1203,1013,1230
733,634,947,622,718,705,919,663,846,692,668,722,669,639,654,628,655,705,933,819,658,663,936,657,802,650,669,631,841,632,757,619,867,663,799,634,628,921,773,712,863,636,928,740,938,750,648,649,766,748,623,945,708,711,732,679,813,656,676,637,825,783
are you coming this evening.
540,754,695,1018,1047,1182,1062,1013,788,1167,1076,1118,1022,867,1027,850,973,1151,650,1056,678,832,681,1033,1095,1010,846,1268
718,655,627,949,615,594,591,918,830,638,774,661,827,765,938,690,758,615,714,904,616,830,631,837,664,849,751,765
we will assume you mean a nasa astronaut.
601,690,1026,601,1107,1173,1032,1030,522,631,647,1033,1081,676,1021,1031,1187,1051,1019,1067,684,530,1008,1011,533,1006,976,543,634,513,1021,555,618,813,730,1124,993,548,997,808,1160
619,626,941,629,654,690,921,939,697,682,702,656,798,629,928,586,547,554,917,786,642,703,824,932,709,936,834,712,691,709,904,724,692,666,657,657,827,714,657,662,786
what's your favorite movie.
i'm lost.
600,973,536,795,1204,1036,834,978,1129,1023,741,995,765,548,824,1150,753,1079,828,683,1025,1047,1134,823,1069,1175,1202,1433,1098,1246,1117,1039,1165,1191,621,815,1193
630,761,700,659,716,921,920,660,630,643,652,938,734,722,871,649,685,674,685,635,925,835,674,825,675,815,824,665,665,642,846,937,767,634,723,676,791
just started playing major league baseball.
downloading apps for my iphone.
1036,1053,628,818,1022,632,809,551,739,826,679,715,1023,1241,1176,561,979,1088,993,828,1013,1066,552,1048,1164,750,1042,1157,686,567,859,1033,686,1047,924,594,662,697,914,573,1157,1166,1205,1412,692,1220,611,1000,1150,1176,519,688,1073,975,839,1008,529,1225,1227,624,1022,769,1169,741,1053,1068,945,1035,1108,1271,979,1166,1013,681,1213
777,660,721,665,936,718,673,710,647,674,624,729,917,619,728,736,664,644,833,738,949,855,711,741,632,659,908,730,631,731,753,656,630,924,856,735,732,636,861,739,715,731,844,658,698,656,657,806,735,617,709,699,649,827,748,942,733,619,625,696,911,739,633,671,894,814,613,913,656,624,796,632,814,641,799
dear nike, stop with the fly wire.
711,690,556,746,1068,1033,1107,1126,669,1164,1050,632,826,1197,1247,1050,619,1120,820,986,1020,830,979,693,1014,784,1152,946,997,620,1072,747,685,1193
691,651,730,691,924,861,702,799,641,849,942,707,693,638,670,923,648,678,673,761,934,692,753,640,948,740,741,656,932,658,675,669,636,796
where is my shirt.
633,1003,686,741,679,1052,1103,639,1032,1065,949,1018,645,994,1091,747,817,1205
664,751,631,662,627,901,652,698,911,819,620,931,698,750,652,659,674,797
we can eat italian or chinese food.
she turned toward him, her face troubled, her eyes most wistful.
625,693,1024,778,553,978,1012,704,555,820,1025,1067,806,559,1149,1091,556,1005,1034,1141,752,1040,793,977,1084,1009,709,650,717,1021,780,1165,1178,731,1190,1465,626,1001,685,1023,833,1059,750,1027,682,732,1028,833,1175,614,564,752,732,1056,1009,1113,1093,1168,1053,983,698,761,1014,776,564,771,706,1036,838,760,1158,1049,903,1160,713,750,1137,1032,979,712,766,1012,701,959,706,642,1031,1053,1153,656,829,1041,630,1079,654,832,796,1044,1217,1238
650,638,935,812,726,825,975,654,732,680,960,681,693,722,736,673,720,836,956,668,673,937,810,770,666,868,655,741,662,958,745,644,640,740,798,630,676,752,630,947,689,639,666,772,623,720,915,688,628,657,741,662,729,910,730,642,826,811,919,757,642,672,948,732,731,801,644,934,690,670,659,658,859,723,650,748,814,922,782,648,676,953,639,654,634,708,946,839,674,723,687,942,655,694,731,685,756,658,776,841
i'm going to bed.
it takes three hours by car.
1123,1314,1114,1068,889,1189,1094,1029,867,816,846,1169,1047,924,690,726,1196,1448,1135,822,1038,824,558,1121,691,644,1042,834,986,744,688,707,1009,951,1137,1011,752,641,1016,893,975,990,795,601,783,1197
664,598,863,943,770,656,689,818,777,689,682,635,910,843,632,733,778,663,658,681,916,685,707,731,634,727,925,696,769,659,632,654,961,785,663,674,674,724,947,843,674,931,849,749,699,810
i've been here for two days.
1107,1318,845,711,1058,922,721,1022,1038,1025,1003,668,748,670,1051,780,1179,745,1051,813,605,1158,1039,734,570,959,625,1226
673,613,882,665,925,880,651,863,968,978,735,627,657,626,924,724,644,657,925,681,633,634,919,695,741,612,699,789
the survey's margin of error was plus or minus four percentage points.
how much are these earrings.
835,999,710,1023,650,1060,766,833,692,950,1229,648,1023,1095,586,775,872,1072,997,1020,1130,806,1030,708,765,765,1146,757,1040,632,579,661,1029,1233,1159,1007,658,1030,1161,756,1017,1086,1106,1015,1036,655,1033,784,1115,1017,747,1013,1202,698,749,790,687,1003,838,553,881,703,1013,1167,1123,1062,989,816,650,1146,1404,976,1186,628,1006,1065,1013,791,964,996,587,772,698,1045,831,977,705,652,696,1002,707,563,758,758,1070,999,843,1194,652
670,738,645,952,732,655,682,849,636,618,682,715,931,800,717,671,761,698,860,974,670,748,940,647,680,683,663,688,934,650,735,732,965,651,740,667,729,935,657,678,948,790,647,844,672,745,930,740,640,639,680,924,649,655,677,858,635,865,692,738,785,651,952,688,650,652,815,687,732,788,642,762,620,660,919,824,659,832,789,948,729,700,641,887,690,751,646,733,629,943,652,742,687,671,674,824,753,775,741
i really appreciate it.
are you ready.
1121,1049,752,686,568,1176,1175,972,1074,548,1201,1209,745,688,777,1093,573,835,711,1032,1156,805,1220,1492,574,628,751,842,1003,1164,1027,1047,747,707,579,736,976,1257
653,917,662,642,738,721,717,638,919,712,612,613,661,640,860,653,737,674,645,926,612,686,781,635,726,638,650,929,612,593,583,941,666,661,739,731,646,805
obama administration must stop bonuses to aig ponzi schemers.
how do you use the twitter api.
1183,889,549,1170,572,1024,584,720,1089,1104,1021,1089,664,838,746,538,811,1070,1160,999,1032,1057,1022,657,839,1007,653,823,1180,1225,1059,926,1180,1022,1065,646,713,655,1020,827,1183,1043,588,1121,866,1042,1234,1201,1021,610,1093,992,671,792,973,701,1062,702,764,636,1176,1495,964,1190,621,1009,741,1195,1033,979,1171,1022,1011,1050,652,694,1009,843,966,699,997,828,629,1088,826,821,688,758,1007,569,1239,1138,1215
657,833,743,793,731,910,733,712,827,662,839,685,720,679,659,717,660,674,631,824,935,824,655,724,677,935,728,678,631,678,917,903,639,841,653,757,645,726,951,693,656,919,734,675,766,930,659,639,842,819,627,918,785,848,757,638,832,615,658,708,792,653,754,633,652,915,720,580,897,542,509,506,924,623,743,635,941,694,743,647,947,680,665,668,690,695,635,664,933,723,583,564,761
can we sit over there.
china doesn't even like you anymore.
825,542,1027,1019,626,695,1033,649,1103,828,1037,1185,854,701,777,1080,835,1018,712,781,710,1218,1416,812,1013,1122,1026,535,1034,753,1169,707,665,1014,821,1237,1057,723,862,711,1018,1039,1142,1110,1104,691,1055,978,1159,1024,1011,599,1008,935,1104,1221,781,709,1245
813,712,812,940,659,635,950,729,674,699,928,652,855,656,676,905,695,729,654,678,641,768,647,815,726,646,836,711,929,714,655,637,718,893,680,744,954,659,865,655,863,969,750,673,776,646,937,646,600,609,943,748,824,585,807,632,697,666,773
i loved the night at the museum.
1170,1067,1228,1243,860,715,756,1089,848,1034,718,1049,1055,1159,872,1004,858,1060,580,845,1060,843,998,710,1032,1083,1052,671,723,1038,1100,1244
631,925,706,614,879,651,779,902,708,730,661,929,848,632,762,739,712,916,724,709,927,702,756,657,951,839,676,732,652,596,804,782
he is, as you say, a senile old man in his dotage.
he venerated me like a being descended from an upper world.
990,711,1019,1110,674,1145,1053,605,681,1047,1004,1158,1047,1046,680,592,998,1170,1049,605,1035,685,731,1011,1110,1169,730,1041,1200,1207,758,1041,1083,601,1026,1013,1094,1001,1032,1028,1143,687,1039,768,1204,859,592,902,710,1219,1469,1005,725,1050,859,715,1008,706,757,557,845,713,745,1044,1128,735,1054,1192,1142,1109,723,1048,605,1049,926,719,1152,1019,883,1050,777,740,699,817,704,1063,768,699,757,1074,815,785,1199,1133,1062,603,1038,1054,1039,1293,1286,731,790,1078,650,1205,778,1204,763,1274
740,633,947,666,732,807,924,743,733,933,639,618,635,928,732,740,596,799,943,754,920,717,662,829,677,741,664,920,628,697,741,916,832,765,870,956,688,877,943,722,624,724,950,735,594,712,740,786,656,764,632,747,663,935,888,651,840,637,671,717,678,633,727,947,814,634,938,758,656,783,647,935,734,937,844,642,642,826,766,946,763,650,751,842,627,881,768,621,733,939,759,684,655,847,950,726,862,958,656,631,632,657,683,921,662,626,679,742,758,806
a certain austere simplicity was noticeable all over longfellow's house.
597,1051,827,723,793,879,589,1109,1011,1037,624,1070,695,866,742,804,740,1043,692,1113,1121,1286,1222,1137,830,1144,870,1002,1010,673,615,688,1026,1015,1160,863,1098,828,745,603,924,1171,723,1024,599,779,1156,1167,1199,867,723,797,1050,1167,1159,1023,896,804,707,1198,1206,1185,644,1327,680,1043,1004,1160,1038,690,741,1252
733,939,864,644,670,713,735,660,851,955,761,583,736,710,677,695,676,965,725,663,836,569,678,628,830,618,703,636,906,681,759,750,939,863,677,716,685,849,666,761,883,718,658,952,754,729,726,727,626,845,655,697,922,736,653,836,785,740,642,712,709,630,662,662,735,957,753,650,669,733,670,796
bachelor's degree from an accredited institution in engineering.
926,597,822,990,740,1157,1177,793,1310,695,1033,774,731,903,791,732,733,1042,802,777,1149,1063,1062,608,1000,597,591,815,807,775,721,763,1117,845,723,749,1059,1112,1041,673,863,1119,848,1048,844,1088,1180,1014,1054,1097,1015,1032,708,1001,870,1106,1015,714,713,779,1131,1055,859,1239
863,741,864,746,673,762,650,696,655,757,966,745,660,794,698,670,670,951,750,681,681,841,960,751,868,750,734,832,841,686,659,763,672,708,639,752,923,673,859,726,690,655,684,656,689,638,623,799,937,659,827,951,640,846,752,636,811,620,631,679,654,800,745,767
very interesting ad from adobe by goodby
902,711,779,973,969,1077,994,851,713,787,729,659,858,1073,996,877,1024,604,763,1018,823,797,1122,1055,1026,599,778,1135,944,739,1026,1070,922,954,897,1214,1226,784,941,1018
875,624,671,614,952,684,875,711,660,683,671,737,703,697,836,777,966,739,734,968,771,685,698,851,960,735,737,671,889,657,949,690,866,664,782,617,612,742,864,630
i'd like to speak to mr. smith please.
1159,1288,799,1087,1199,1165,1146,758,1062,870,1194,1063,689,1264,732,582,1162,1070,850,1170,1063,1099,788,1254,1059,653,1084,1103,840,992,1029,1232,1170,726,593,665,731,1219
632,618,756,906,717,653,750,676,923,714,663,933,736,639,661,752,728,917,704,668,909,829,689,793,938,733,826,675,703,770,951,653,770,660,751,735,673,837
does anyone here speak english.
i'm not american.
756,1172,715,674,1056,607,1013,992,1186,1025,710,1039,993,712,772,707,1019,663,1214,716,596,1097,1029,732,1008,900,1123,1074,686,964,1190,1434,1118,1246,1123,1042,1025,1171,847,1059,603,1087,739,786,1111,798,582,1021,1205
719,668,635,744,946,761,824,587,649,803,651,937,760,669,678,652,938,724,650,654,734,750,930,661,861,765,761,676,735,784,809,675,654,642,855,957,844,688,711,949,737,839,673,693,698,845,746,868,814
