jonathan, choleric with indignation, stood by his desk, clenching his hands.
1039,1212,966,414,693,951,422,975,1127,997,707,987,1172,1166,606,674,1100,675,1002,529,995,752,988,1098,1143,1038,664,1129,804,1036,491,761,1128,1243,1040,1220,1073,575,760,1261,1263,685,1055,828,872,1054,1049,1158,604,1052,693,666,597,1160,1293,1134,759,1295,673,1096,786,1081,1199,1069,842,1107,1095,1213,563,1049,1052,1050,719,655,564,1287
696,617,796,722,633,721,708,798,846,909,809,737,642,714,636,670,642,810,937,657,749,657,752,933,690,848,707,647,794,853,754,671,596,622,807,854,911,688,645,621,625,688,910,822,672,903,736,625,685,932,697,615,687,689,815,910,777,689,633,802,789,752,667,834,737,944,677,575,697,929,751,851,829,728,730,826
math review. im going to fail the exam.
1124,388,708,960,977,682,603,753,1088,628,547,1179,999,1122,1086,1016,774,1171,1107,1024,780,1009,748,1197,998,745,480,1175,1206,1024,769,994,664,982,634,609,467,1096,1370
789,640,599,691,876,618,554,777,574,607,608,752,894,603,787,899,730,639,604,783,729,909,627,614,900,713,698,653,654,897,630,709,577,905,603,746,706,777,814
would rather go to the dentist.
the minute stain on the document was not visible to the naked eye.
541,1220,1053,1269,650,1000,723,641,499,768,1018,646,731,820,1205,1141,764,1180,1120,980,756,1013,984,662,617,1007,763,1094,574,760,1244,1491,766,1012,660,969,1061,1118,1003,1041,743,641,1017,576,753,495,1101,1003,1014,1202,984,994,745,995,648,1007,669,1211,730,1066,1078,666,1020,796,1014,593,521,598,1015,1035,1206,796,1043,791,1143,627,1141,840,1252,688,1057,808,1275,1027,781,1033,673,1027,1028,485,569,1134,674,1021,678,839,693,1338
610,616,623,677,663,894,637,579,683,634,695,573,630,727,573,545,601,588,563,895,650,675,882,648,596,748,645,612,628,635,761,594,635,691,577,917,744,601,765,630,653,582,896,652,632,677,622,752,918,620,784,947,654,738,590,933,651,609,771,617,768,610,781,653,922,588,680,621,914,772,631,631,910,780,609,678,605,800,674,607,919,656,628,914,654,713,590,930,791,704,625,679,650,943,629,622,571,754
he's very hard working.
1015,617,1475,558,1089,802,690,758,856,1066,1091,514,752,685,1091,562,566,724,1172,1202,1089,819,1358
711,585,614,637,889,770,618,637,651,897,700,690,618,604,876,547,704,603,634,582,744,669,767
check this video out. president obama at the white house correspondents' dinner.
nvidia names stanford's bill dally chief scientist.
687,1060,621,711,1155,1012,762,1019,1122,661,1007,764,1144,683,591,1230,1030,1233,1076,576,755,1227,1323,718,651,587,1118,664,642,1045,766,1048,1246,881,538,1098,542,1091,548,832,1051,795,1044,697,1056,602,1052,1158,821,702,1092,1077,1311,1151,610,673,1091,766,1283,770,782,701,622,1335,1224,1051,701,672,1042,795,594,1398,1113,696,1224,1119,1119,674,763,1339,1616,1091,835,1192,692,1179,499,1055,1092,499,1156,679,595,1075,599,511,804,1071,751,1254,680,673,1384,588,1082,835,1193,1301,1301,1055,693,515,1289,1293,843,1054,741,1053,637,1149,747,1034,591,730,1150,642,1039,784,550,1296,536,1333
770,672,604,754,642,915,632,708,601,676,917,810,588,702,674,577,887,584,584,599,616,720,599,635,595,657,573,652,596,740,648,887,560,803,739,765,738,895,692,636,910,629,693,580,904,618,697,593,634,565,908,688,597,593,672,616,885,754,584,620,623,582,635,583,598,719,639,601,747,617,654,625,862,638,561,753,750,591,635,731,598,771,831,596,692,564,717,880,770,712,746,612,663,903,674,716,655,753,703,611,664,660,655,681,902,772,591,652,651,904,672,705,647,647,615,901,759,695,582,674,691,913,701,787,613,605,772,634,674,417,667,793
generalizations of this sweeping order are apt to contain only partial truth.
793,639,1034,629,706,481,1216,1118,518,480,748,1128,1215,1031,570,1044,1244,753,1036,769,1016,1123,571,1008,560,478,548,554,1332,1139,1046,836,1053,1241,712,677,620,714,1058,473,697,612,1050,482,1347,780,1052,769,1257,1047,701,1242,1049,769,485,1142,1036,1037,1230,1023,1259,849,1070,1356,499,728,780,1126,494,1210,1024,796,743,1023,793,973,1205
714,602,779,606,644,694,655,607,759,718,626,607,616,735,673,913,612,704,906,640,709,611,651,903,605,642,579,579,583,568,741,692,890,588,618,663,579,637,900,715,641,596,893,720,595,632,890,624,570,872,750,583,755,632,675,597,750,915,599,755,660,636,889,585,683,601,616,572,684,639,879,633,618,609,620,713,772
i'm not married.
1092,1443,1131,1023,1019,1195,743,1134,1167,460,689,697,1148,654,616,1378
601,627,810,904,770,637,636,888,773,703,620,627,577,630,574,779
can you speak louder please.
693,474,1061,1027,823,1235,1099,1016,581,1433,640,1203,1294,1033,1277,1211,1062,693,659,741,1068,1366,1378,627,564,506,621,1383
781,730,768,900,617,613,620,910,655,487,554,601,608,900,668,561,584,663,598,638,908,577,596,610,663,722,594,772
here it is.
1097,625,701,625,1030,1152,772,1022,1140,551,1459
689,606,644,585,913,598,620,891,598,654,821
i couldn't come up with warren buffet's name to save my soul.
1163,1047,696,1230,1054,1257,626,1042,1487,752,1064,679,1271,1112,655,1041,1108,1343,1049,527,1236,749,1026,1016,522,403,662,660,585,1017,1013,793,1015,713,726,619,755,1346,514,1047,1016,448,1225,599,1035,750,1238,1016,536,431,759,634,1028,1073,848,1041,560,1239,1077,1230,1383
545,847,789,573,605,656,698,771,645,621,871,744,588,751,579,879,543,569,873,604,440,594,636,861,580,687,608,604,555,783,893,766,593,661,672,580,616,608,636,868,773,708,657,590,890,620,574,865,654,727,776,618,907,770,622,898,672,576,594,640,750
i forget.
but cain was already too far gone to heed the warning voice.
1159,1014,707,1197,711,788,662,790,1206,1605,843,1016,730,960,701,474,1091,994,985,540,467,546,989,470,1242,701,613,465,627,845,1051,787,1273,1286,1033,742,477,751,1027,805,1272,1060,649,1060,774,1024,1011,1037,556,560,612,991,754,997,607,970,508,420,739,1033,1174,1063,792,1037,807,1226,1131,737,592,1443
587,965,710,613,651,735,630,682,774,567,860,642,674,913,807,751,616,754,929,653,729,693,922,758,670,641,601,747,681,637,892,625,572,575,915,712,721,619,866,715,581,744,603,900,657,878,878,663,556,560,668,897,609,684,588,896,560,679,586,789,561,751,709,906,811,569,537,810,269,833
does anyone here speak english.
648,1247,599,536,1003,444,994,811,1206,1013,804,1033,1015,628,724,641,982,562,1317,614,468,1004,1016,627,1009,821,1242,1133,1012,1287,1406
652,583,512,657,886,701,787,607,615,803,716,933,722,593,635,582,934,646,577,589,695,919,914,600,800,712,665,585,742,835,831
when does the bus leave.
489,1028,596,1000,1011,655,1249,616,551,1021,767,1010,596,1040,897,1069,576,1032,1343,669,502,833,684,1384
560,672,540,808,928,625,563,542,607,920,587,703,533,925,795,545,642,871,601,543,656,751,567,754
they call more than those car warranty guys.
783,1049,1146,905,1035,684,386,1313,1321,1013,1003,1262,705,626,1001,751,996,478,1006,979,758,994,1205,564,626,1000,692,475,708,1050,543,478,772,771,501,1057,816,941,1039,851,1096,905,589,1301
550,601,506,503,878,851,726,622,632,934,835,557,594,537,850,607,658,659,766,926,609,693,587,636,580,862,770,704,555,850,512,619,537,537,634,727,545,504,872,664,542,535,584,756
i have to get it looked at.
here's a case study on how to use viral marketing to add people to your list
1186,987,1023,761,627,998,792,793,1298,1033,826,678,816,1030,1198,810,1042,1309,1289,1267,1202,665,684,1091,510,808,1331,1569,1095,620,708,615,1518,529,1119,458,1097,726,453,545,611,1077,532,715,1011,625,842,1017,1228,1025,997,993,1196,504,992,752,1225,986,1086,524,584,949,769,1101,695,458,1216,978,1075,457,683,1142,625,1133,1039,807,1014,1016,745,1245,1013,454,621,627,989,1344,595,1235,1347,1244,602,1091,765,1294,1053,768,1205,1039,632,965,1245,1129,504,711
521,872,653,733,580,881,578,534,505,870,633,520,543,887,532,569,852,622,518,555,647,539,620,884,670,569,716,595,671,556,597,541,544,621,858,693,861,765,692,628,562,857,618,562,458,628,563,888,600,741,910,702,588,543,904,588,588,895,522,615,551,887,753,539,577,630,597,860,740,660,585,614,543,544,715,659,873,886,575,555,855,674,604,619,873,554,564,509,535,635,556,853,596,544,829,557,526,539,560,856,615,546,638,533
where is my shirt.
i have to get it looked at.
430,973,550,622,539,949,478,961,976,1092,810,1012,535,987,1094,666,788,1223,1531,1169,991,997,430,738,615,1013,736,1237,1196,790,646,774,1014,1164,765,1009,1263,1193,1188,1184,622,654,1023,482,806,1311
613,699,569,598,562,914,652,897,908,792,602,924,653,700,603,589,586,797,601,593,935,732,734,786,652,922,637,624,601,735,625,644,891,602,639,899,679,528,547,671,617,670,908,732,594,771
for anything shorter, it would be insane.
he venerated me like a being descended from an upper world.
752,601,1308,755,426,1038,853,766,1030,1154,1044,803,1027,535,994,1181,648,741,615,695,1142,1005,1097,755,957,514,1187,1034,1214,629,963,808,640,982,1096,998,564,464,995,601,1198,1604,1033,1020,811,861,611,1018,620,708,487,774,647,691,1010,1102,1020,1025,1257,1202,1190,664,1033,532,1023,873,682,1213,1095,842,1077,738,712,620,756,712,1110,727,683,720,1055,798,789,1254,1147,1074,557,1097,1046,1104,1196,1354,1367,692,780,578,1278,717,1321,705,1390
717,681,603,631,733,820,615,659,678,576,767,703,975,666,700,639,610,626,570,621,807,913,601,625,908,599,632,636,696,667,927,805,629,920,641,783,679,725,802,618,798,655,755,939,829,863,631,860,634,673,714,661,613,694,947,810,961,938,715,606,711,641,888,741,908,826,611,576,730,739,908,710,632,680,780,647,752,680,589,673,894,704,625,607,731,876,712,753,901,550,544,552,548,602,644,584,544,601,635,644,748
i am sick of scams out there.
thanks.
1238,1076,465,1227,1109,569,1178,737,1207,1057,1280,735,1055,580,741,495,1161,569,1094,1272,1135,777,1041,760,1059,647,729,639,1321,1604,782,1051,480,1071,1181,574,1393
561,898,688,773,896,658,566,753,685,900,580,713,886,680,763,714,760,664,898,608,606,625,882,642,679,565,620,564,781,650,613,700,694,792,688,657,787
everything is fine.
625,743,607,709,900,816,1030,1169,1054,828,1032,1171,599,1020,777,1152,1073,682,1224
578,773,545,566,563,536,623,516,719,673,891,540,635,879,674,546,727,559,787
who would you like to speak to.
512,1021,1228,1008,535,1220,1060,1243,686,1023,826,1253,1104,1018,1260,1155,652,635,1020,787,1285,1019,590,1340,660,510,1164,1024,807,1257,1312
584,717,632,904,605,621,633,680,655,913,604,598,614,888,668,599,587,522,910,598,600,875,665,585,576,678,660,911,636,604,780
glad i didn't do bay to breakers today.
819,1375,445,701,1056,1222,1049,693,1198,692,1077,1450,891,1097,753,1345,1073,924,571,926,1071,867,1314,1071,882,814,736,557,1218,725,812,653,1084,872,1426,725,460,884,1332
722,669,712,654,895,558,915,666,604,666,771,640,594,878,655,580,869,798,726,634,870,617,583,848,782,626,576,688,637,566,617,635,855,647,425,659,703,615,764
foster was an extremely modest, unworldly, retiring gentleman.
lebron is a hometown hero to me.
783,1382,586,791,669,1067,1073,543,469,559,1076,459,1091,1062,626,603,789,738,641,1140,640,1299,867,1074,1132,1290,707,686,628,830,1251,1121,1165,1097,590,1276,715,1256,695,1297,902,1272,1114,702,626,758,1154,778,1162,1049,814,1034,810,691,1032,806,1282,677,1127,504,1056,1312,1589,1313,630,876,738,1242,1055,1066,1174,589,1047,504,1039,1042,1225,1091,670,567,1215,766,1018,1024,986,661,740,665,999,808,1205,1004,1112,677,1310
719,466,683,609,568,887,861,568,660,645,852,704,745,866,578,724,606,602,546,728,551,647,590,867,753,609,656,580,651,609,752,858,600,772,560,604,571,665,665,685,587,759,867,636,577,612,615,626,618,756,693,900,688,603,814,641,699,576,823,711,861,847,621,704,622,788,652,664,822,913,638,671,925,727,918,747,650,792,635,617,658,670,813,827,760,627,667,620,932,653,652,915,792,620,794
bachelor's degree from an accredited institution in engineering.
let's go have a look.
836,680,526,776,1018,1255,1270,752,1440,587,1099,684,655,816,750,675,608,1049,781,709,1289,1174,1101,520,1090,1062,533,786,781,776,729,723,1175,820,708,721,1068,1195,1089,648,828,1169,825,1077,813,1127,1223,1032,1053,1174,1069,1042,695,1058,850,1164,1046,708,670,768,1229,1114,859,1310,1532,1270,639,794,1545,555,1134,822,1332,1092,1088,511,817,693,1072,528,1091,1337,1277,1276,1267,1376
842,650,745,787,745,677,590,636,674,683,880,685,611,739,654,607,656,905,693,625,537,769,947,731,817,953,745,777,782,620,649,645,570,641,572,655,832,575,712,655,633,574,637,595,630,581,586,716,851,575,719,867,589,741,687,585,748,595,565,615,583,727,689,747,592,653,577,615,641,661,859,708,603,874,692,711,743,613,881,695,870,637,507,510,611,741
just landed at san francisco.
nobody is really in charge, and decisions are made on whim and caprice.
1136,1205,622,822,1086,1335,526,1080,714,678,723,1074,549,848,1055,587,481,1059,1043,760,747,517,1054,608,1173,593,744,1272,1309,1629,1039,1255,867,1288,704,881,1064,1322,567,1099,735,666,474,1344,1350,866,1084,1221,1091,1070,760,1075,515,751,858,714,1217,1093,557,1103,736,1067,737,714,650,1213,788,1198,1278,1084,670,1109,803,560,715,1100,1202,740,738,1106,1109,1311,1111,1094,565,1078,1192,1190,1119,505,1077,687,1078,756,516,1409,748,1198,759,687,1414
695,585,673,620,870,652,699,762,647,571,655,887,695,635,862,657,712,844,930,703,636,702,800,676,583,704,790,724,752,669,816,653,831,620,703,653,873,605,683,871,645,591,712,659,665,649,882,612,739,895,790,707,716,652,721,615,785,885,728,784,660,904,663,602,656,619,767,623,640,746,674,877,639,694,580,885,758,643,556,872,840,605,749,873,557,704,594,747,882,665,773,627,894,749,683,572,573,536,754,599,717
i say we just cut out the small talk
1225,1035,550,458,847,1055,543,669,1041,1116,1156,597,791,1038,743,1105,804,1034,1244,1071,808,1034,791,1038,1016,580,1129,479,1273,1272,1055,780,1172,489,1267,1172
559,870,639,688,563,865,551,531,867,688,583,630,608,876,739,588,599,876,583,601,582,883,601,688,886,632,732,681,655,659,923,603,646,657,650,660
just blocked united blood services using google voice.
that's not fair.
1101,1167,572,771,1042,824,1298,1269,743,1213,672,699,1058,1102,1035,1177,812,692,712,1056,867,1275,1272,1260,736,1058,565,623,702,747,1150,754,670,575,1040,1107,578,791,1159,1064,809,805,661,669,813,1390,678,1118,806,1219,1220,750,670,1339,1557,799,1094,522,810,1493,558,1115,1080,1280,777,1092,744,504,1208,723,1338
718,597,649,630,892,764,671,604,768,662,608,676,916,635,801,596,588,542,616,890,771,658,589,590,659,889,657,573,633,791,596,669,585,629,860,578,641,641,584,719,660,678,570,573,679,642,569,881,738,555,470,792,594,782,659,628,702,674,601,653,643,865,752,622,627,887,686,695,577,616,743
damn you north korea.
661,472,1131,1050,1037,851,1256,1124,1014,1008,1186,739,818,996,1001,1141,1207,716,642,563,1402
657,714,773,826,932,618,604,602,895,799,651,629,622,734,914,676,612,625,561,628,771
it's here.
do you have a swimming pool.
1190,788,1495,602,1087,1081,741,667,677,1283,1577,673,1299,1035,840,1299,1036,1033,886,1045,530,817,1038,538,1033,615,588,1152,1077,1077,1166,1053,846,1040,1393,1293,1296,1393,1428
593,620,646,633,902,708,609,550,563,754,700,657,565,846,596,580,867,877,772,679,694,756,890,707,907,646,541,584,713,727,601,736,659,894,559,623,631,676,818
thanks for your help.
798,1046,511,1039,1140,585,1049,778,1250,759,1025,843,1257,1107,778,1024,1032,693,1223,1385,1418
618,700,664,783,668,634,908,668,607,593,891,579,595,614,578,884,699,559,645,582,756
would you like to rent a movie.
540,1317,1137,1341,686,1060,827,1297,1152,1041,1307,1201,673,1190,1056,804,1285,1047,738,666,1057,805,1049,503,1038,1142,1287,826,1187,699,1420
617,600,611,669,641,889,635,612,612,896,676,603,608,694,916,644,600,885,633,571,773,625,908,699,910,767,628,809,613,600,773
ust got back from church, and i totally hate insects.
1129,590,812,1046,848,1290,861,1055,903,542,788,1056,802,761,735,495,1162,1091,752,1056,745,852,774,1062,1213,1076,506,1080,691,1040,1202,1030,823,1293,790,491,1295,1305,866,1054,1059,481,779,656,1015,1194,1066,574,632,737,815,580,1382
537,594,568,811,627,541,549,815,737,664,734,860,656,645,577,681,752,892,738,696,577,556,697,689,750,914,696,786,646,937,560,885,577,567,582,644,637,635,604,910,675,684,604,543,902,592,756,667,593,749,584,594,775
loves twitter.
what is today's date.
1309,1277,822,682,592,1070,508,512,1147,720,724,607,707,1321,1593,510,1048,457,785,1016,1215,550,1027,736,1244,643,491,845,1480,549,1150,660,470,800,652,1403
628,551,787,628,657,862,575,544,528,563,568,514,535,789,611,587,702,698,623,896,582,658,897,564,521,628,651,559,635,633,855,641,674,594,536,785
they call every number.
771,1034,608,816,1010,707,466,1268,1294,1032,638,789,656,753,885,1040,1067,603,1184,1041,608,693,1403
636,701,575,582,908,786,728,658,648,889,600,761,562,584,595,878,767,666,846,882,468,513,779
then a match was kindled and fire applied.
741,1048,695,1022,1020,504,1006,1129,518,787,1063,1076,1086,510,452,530,1017,1184,1176,1054,690,1247,656,685,1047,518,1046,682,1022,754,720,642,1035,998,491,1319,1318,1231,640,673,658,1365
616,716,545,806,942,713,941,789,720,627,718,632,900,580,694,644,945,660,571,788,676,662,603,671,916,723,795,665,933,694,616,558,906,899,682,563,571,660,582,634,629,763
lakers played great.
1329,1270,1229,610,715,555,1017,1390,1292,485,801,656,674,1057,807,748,670,488,808,1448
638,608,693,588,632,645,915,575,666,705,620,561,626,904,694,618,574,671,602,784
do you want to come with me.
just had mcdonalds for dinner.
662,1363,1087,815,1259,1128,1005,546,481,1015,759,1013,758,1220,1005,702,1198,1050,673,1010,599,1130,759,1007,1009,1140,643,1203,1592,1131,1171,572,770,1055,1077,480,663,1056,1172,780,700,1271,1084,517,1278,1199,674,1100,749,1292,730,1083,658,1073,1064,1062,630,725,1392
640,590,861,613,563,564,878,543,632,762,575,918,579,625,902,750,648,757,551,929,540,601,582,710,876,768,547,784,603,674,577,600,590,868,679,652,580,877,702,731,617,580,750,669,642,573,597,887,654,580,573,851,606,747,739,747,548,528,737
us planning to resume the military tribunals at guantanamo bay.
are you coming this evening.
1135,589,1024,1397,1260,499,1057,1054,1152,1045,786,1010,769,1229,998,706,642,592,1038,1097,651,1032,798,1031,1135,666,1149,1185,1267,1182,807,524,733,895,1040,828,775,1153,896,1046,1033,533,1242,599,1032,504,782,1017,855,1104,477,989,771,479,1009,475,1084,626,1011,858,499,900,1295,1580,453,675,587,1042,826,1243,1099,1003,758,1363,1167,1241,1114,829,1084,770,1039,1147,588,1018,652,775,664,1044,1145,1034,814,1228
505,620,808,572,624,670,743,743,589,737,669,861,563,541,837,555,503,581,546,733,529,870,564,642,535,502,723,558,615,536,566,623,536,509,851,527,511,516,744,464,730,652,636,597,867,642,564,859,652,558,650,745,564,620,735,641,741,541,871,705,648,526,706,601,647,576,525,857,567,558,563,858,707,424,714,565,726,656,857,552,660,572,576,856,535,692,538,745,569,731,646,735
i have three children, two girls and one boy.
1225,1036,1070,463,785,646,1036,789,1041,702,628,637,1031,734,1052,1167,1262,694,731,625,1060,1261,1086,787,560,1237,1180,837,1166,734,1311,587,1073,502,1069,1022,1029,1259,1047,652,1090,877,1270,1287,1390
539,872,659,656,690,560,871,572,676,551,501,510,864,711,655,560,633,615,574,481,752,767,875,574,527,554,522,664,539,589,618,602,879,659,735,901,897,594,750,565,889,722,553,631,727
we should use that money for all the programs that support the unemployed.
476,556,1005,528,999,1285,1116,1337,670,1037,1114,574,615,1003,777,1047,517,809,1037,1141,1299,1091,655,865,1070,739,1266,712,1050,474,1277,1283,1045,740,1024,629,1011,1322,713,1229,819,684,500,1120,571,1065,767,1065,516,778,1055,587,1099,1327,1330,1250,751,814,1056,802,1058,668,1039,1095,1077,652,1054,1335,1226,1241,798,650,679,1305
611,596,889,656,712,497,564,664,703,896,564,689,591,880,623,675,675,577,868,720,611,739,557,574,886,667,591,602,891,708,633,635,884,620,709,573,920,589,618,558,676,583,686,749,632,893,619,706,679,618,895,627,604,617,612,579,597,608,871,614,687,555,899,590,780,584,793,573,638,575,612,585,658,797
nvidia names stanford's bill dally chief scientist.
1101,795,1170,705,1173,516,1041,1085,507,1185,670,589,1073,596,805,520,1090,784,1277,778,721,1448,622,1090,856,1210,1327,1328,1056,725,565,1330,1333,881,1068,778,1080,1198,667,799,1053,581,744,1166,617,1060,805,1177,587,792,1327
789,788,623,680,603,728,892,776,723,800,606,647,909,656,603,659,750,665,583,620,626,659,637,870,744,562,638,644,886,634,702,628,635,564,885,724,683,591,570,688,877,663,755,572,543,806,618,591,585,599,791
in other words, apple's stock is cheap, and you should buy it.
1192,1056,1016,1239,780,1029,643,979,567,1276,727,681,671,602,1336,1067,522,1390,1392,1349,652,1471,562,1131,572,756,732,1255,1258,1072,1204,545,1078,730,1060,627,484,1429,1270,1147,483,1117,670,1043,824,1330,1148,1060,585,1052,1288,1128,1315,687,1067,869,1076,854,1097,1209,802,1312
524,736,912,488,580,652,521,866,546,553,564,582,576,607,706,820,654,539,573,589,543,601,631,839,632,591,747,588,582,876,535,635,869,753,619,589,680,521,734,897,700,747,628,915,582,523,548,865,624,654,541,551,628,627,884,756,543,588,857,463,572,716
yankees won and mets lost.
835,480,1069,1180,644,644,587,1045,572,1245,1042,1038,507,1050,698,1035,1126,671,790,604,1058,1308,1268,630,809,1341
609,656,735,669,563,568,620,894,578,585,732,898,672,735,604,904,736,576,583,595,885,623,546,623,599,746
be in good physical condition, with good eyesight.
853,708,1036,1220,1082,1059,840,1270,1277,741,1047,1257,1413,890,631,1198,773,544,1311,1076,767,1307,1094,703,798,801,1165,1275,1064,1227,1118,606,1207,805,1061,1037,854,1299,1302,725,1059,706,836,702,623,1190,848,1069,827,1243
734,594,967,584,754,920,686,575,581,648,886,628,514,583,640,539,750,696,633,899,727,562,731,618,576,575,545,546,679,723,868,561,562,577,672,871,674,559,560,614,868,561,542,497,598,548,635,693,578,717
what makes the galumphing hubby such an enduring stock character.
523,1034,471,787,1009,1131,476,1195,621,566,1045,768,1061,1018,1056,839,523,1309,1145,1116,1265,1412,1190,1082,837,1040,1104,919,892,888,905,1102,591,1094,791,1034,1002,537,1122,1066,702,1077,736,1106,801,1163,1052,852,1042,628,795,1256,785,1175,1030,778,1070,556,753,546,757,822,710,779,1321
602,691,690,599,894,753,679,656,551,619,895,617,689,901,890,693,691,647,608,759,633,560,580,737,690,901,585,765,709,693,544,882,651,555,762,693,900,712,819,972,596,785,652,639,650,639,776,699,928,654,640,636,766,688,937,779,728,696,637,680,732,638,577,633,759
have you arrived.
that smells bad.
1092,500,798,680,1081,834,1277,1128,1044,520,758,750,1178,851,726,739,1373,1639,816,1074,523,801,1039,604,1165,672,1383,1401,600,1125,874,555,716,1380
711,699,733,612,896,631,550,543,861,656,587,583,560,703,574,597,729,600,604,681,664,598,890,619,734,546,605,594,617,909,750,691,636,724
please take off your shoes.
1313,1439,666,512,601,660,1134,810,532,1274,676,1111,1333,806,813,1104,848,1312,1123,766,1060,627,1078,1257,651,605,1379
611,541,556,660,617,564,881,601,652,629,553,897,572,651,656,873,624,573,580,583,866,619,639,341,511,582,714
what time did you go to sleep.
553,1038,487,791,1001,780,1146,663,1106,1023,696,694,1016,811,1251,1107,787,1004,830,1006,1012,799,1257,1002,621,1313,655,656,1384,1295
609,686,689,595,895,607,582,555,724,853,629,625,875,603,593,597,604,881,654,879,867,606,589,881,608,678,564,566,587,715
i wish i could catch every mosquito in the world
1155,998,546,1140,584,1013,991,1172,997,739,1232,1092,1329,676,991,738,527,784,738,1027,992,659,809,683,766,887,1005,1092,1248,628,454,1072,1178,754,993,998,1137,1013,999,772,1010,665,997,583,1211,725,1230,683
605,891,596,602,636,703,908,594,893,749,618,617,692,653,909,755,714,630,727,709,909,621,749,599,628,660,891,740,634,674,602,584,579,602,875,864,582,752,888,613,698,555,878,585,597,613,630,620
obama's speech was pretty awesome last night.
1254,858,509,1107,496,1468,574,1080,585,1410,640,642,761,1078,1045,587,505,587,1047,1371,723,827,818,816,914,1055,454,520,607,564,1242,1116,620,1045,1291,479,562,775,1055,1064,1165,810,1033,820,1239
604,755,684,767,687,655,632,873,637,626,596,594,743,707,912,607,686,630,906,639,635,628,617,598,614,870,678,552,546,612,619,721,574,879,641,673,618,603,863,752,633,659,696,601,739
when are you moving.
about three hundred kilometers.
508,1031,592,1010,1012,471,694,1004,1012,795,1239,1112,1054,1073,1291,853,1159,1048,820,1228,1497,509,875,1243,1125,791,1034,816,1071,759,680,685,1077,1072,1107,1059,714,767,699,697,1066,1160,1231,1284,1293,1126,692,835,707,779,629,1311
581,715,556,773,906,671,608,904,887,609,615,615,899,846,595,768,599,751,698,750,707,694,793,658,661,666,931,629,677,583,524,531,865,679,582,747,617,589,536,603,848,629,552,622,536,703,579,597,528,588,612,676
has been a bit crazy, with steep learning curve.
when does the bus leave.
1110,545,622,1089,912,732,731,1113,1078,585,1072,919,1209,870,1078,818,830,598,647,972,1218,1139,686,1239,929,1113,1099,722,931,798,800,1426,1099,1342,789,641,851,1244,1257,1140,942,1128,872,848,941,946,768,1397,1605,638,1083,725,1062,1052,779,732,692,679,1057,866,1092,739,1045,919,1130,682,1040,1298,736,580,897,730,1403
651,679,630,856,747,589,593,734,877,677,880,747,575,616,867,755,581,642,734,551,709,832,549,574,576,677,877,605,578,521,523,585,866,617,561,660,595,594,591,721,664,873,731,602,738,755,564,717,632,568,679,544,757,889,617,558,602,607,851,599,672,551,879,725,581,609,873,642,556,655,779,584,806
my primary debit card is visa electron.
1253,901,1107,1385,789,1195,1161,569,776,885,1103,748,720,903,1218,880,1100,826,582,806,758,1099,1224,669,1096,847,1226,680,595,1096,708,1311,707,801,856,777,1362,1152,878
753,561,870,565,582,532,698,640,565,573,839,616,547,716,573,597,847,710,656,569,587,847,555,595,848,718,546,619,641,842,508,586,515,680,565,528,445,594,607
winds could get gusty, occasionally blowing at more than thirty miles per hour.
who are you looking for.
514,1159,1046,675,585,1036,752,1260,1116,1363,702,1024,843,703,841,1033,864,1100,656,861,941,1191,1086,1287,815,813,541,619,1218,1297,1092,569,1276,1280,879,1092,865,1288,1284,648,1198,1099,873,1077,581,860,1078,1148,1281,803,734,1079,861,1099,596,1076,1082,836,1178,1206,801,892,945,1087,1143,1193,1280,740,675,1088,1410,728,812,1076,1278,1273,805,1120,1254,1121,591,1096,727,1058,551,776,692,1063,876,1291,1142,1052,1286,1278,1288,1185,1174,1077,874,1054,794,1272,788,1239
568,567,735,608,622,846,716,568,574,639,612,863,650,541,586,856,647,583,608,574,572,712,854,576,786,780,691,648,550,570,695,669,606,606,587,852,742,622,572,554,579,713,665,878,657,585,874,733,590,600,541,868,613,672,639,738,886,601,577,560,561,566,581,858,740,590,637,555,614,859,583,542,584,860,642,571,553,580,741,860,589,662,608,872,656,591,535,864,639,546,559,852,625,549,548,611,549,706,669,878,652,567,596,710
be careful driving.
863,715,1054,794,538,745,678,794,1122,1295,1037,721,772,1164,863,1160,1059,858,1301
735,593,857,766,679,583,531,635,556,597,855,613,581,554,735,560,697,662,705
therefore he made up his mind to accede to his uncle's desire.
812,1085,700,777,1084,810,1270,788,711,1052,1091,719,1054,1149,568,740,715,1068,1187,1383,1061,1086,1191,673,1069,1154,1309,1111,749,1041,836,1265,1039,537,809,806,720,759,741,1057,851,1283,1052,1075,1179,679,1046,1130,1071,823,1269,734,1512,674,1121,767,738,683,1185,798,727,1400
584,658,525,576,648,607,555,583,525,850,636,535,851,692,644,581,521,829,482,534,808,632,522,587,832,694,362,743,596,863,593,569,857,663,750,750,560,615,556,839,608,561,852,654,554,595,851,545,721,720,591,549,607,597,823,606,550,609,546,596,536,689
but it is hardly necessary to dwell on so normal an event.
913,1125,875,1056,1185,868,1188,1240,671,1074,1104,587,815,917,1406,920,1113,1121,736,823,735,663,666,567,788,924,1086,911,1395,1095,792,676,742,1349,1352,1094,1339,1116,1086,700,1320,1080,1101,1328,847,1156,608,1309,1083,613,1105,1077,767,1097,758,1101,903,1341
776,563,632,860,556,620,550,546,603,832,649,657,577,634,638,556,904,748,554,698,574,608,612,652,576,564,857,573,507,821,601,522,499,589,592,836,552,692,861,586,561,854,733,545,574,709,617,607,853,626,725,873,540,736,524,732,560,732
hi there.
ust got back from church, and i totally hate insects.
1084,1228,1078,846,1049,725,798,730,1298,1701,1117,626,819,1022,871,1266,879,1030,954,595,855,1190,1039,828,798,1312,1188,1130,804,1114,1062,775,786,1011,1216,1078,563,1089,744,1054,1183,1039,832,1272,827,574,1276,1283,898,1056,1065,846,720,1041,1043,1176,1058,648,701,801,867,660,1356
697,558,886,580,678,522,564,507,729,601,555,607,580,843,649,556,593,842,740,640,705,596,848,650,559,574,712,864,812,644,525,567,691,633,703,826,649,697,608,842,545,844,595,555,598,630,583,585,605,825,656,600,522,849,837,558,709,629,558,702,608,588,682
the slide out screen scares me.
825,720,1032,1019,627,1278,1175,742,704,1030,1247,1096,830,1031,644,788,773,704,701,1057,1031,625,785,550,769,693,640,1038,1114,713,1438
600,543,834,919,620,609,563,634,565,869,546,560,601,849,622,716,581,541,537,722,862,620,710,650,569,513,580,848,714,546,695
would you like some wine.
529,1241,1084,1312,700,1017,836,1235,1091,1019,1251,1153,1159,695,1029,622,1241,1112,695,1035,600,1123,1039,677,1332
577,551,556,623,617,854,615,560,578,874,606,539,649,573,856,618,576,704,575,872,570,581,725,561,716
we went to stanford university today.
558,643,1002,562,1015,630,769,994,775,1202,985,605,802,525,1042,776,1219,781,710,1017,1101,1026,1127,897,708,791,639,1203,894,961,1118,880,1290,754,568,913,1316
589,563,868,576,756,552,595,904,598,609,900,616,602,639,732,659,591,599,607,869,596,752,587,846,612,639,651,544,580,597,874,602,605,681,696,616,763
how does it taste.
1039,1243,587,727,1234,688,624,709,1074,1231,834,1062,829,561,647,847,734,1344
704,616,596,649,619,594,660,632,886,597,615,892,623,658,647,621,559,754
lebron is a beast, but i'm still cheering for the a.
i wish i could catch every mosquito in the world
1305,707,913,793,1242,1054,1033,1148,656,1034,580,1060,850,699,535,622,814,1251,1093,929,1137,844,1098,1251,1413,1245,1116,672,844,1203,1298,1306,1054,798,1097,723,723,791,1187,1080,878,1058,816,1271,793,1050,852,742,1035,1091,556,1402,1561,1204,1033,602,1176,642,1040,1025,1204,1023,768,1264,1113,1318,719,1039,791,560,846,789,1062,1064,719,858,718,816,952,1050,1144,1288,678,557,1113,1223,849,1257,1110,1237,1116,1090,871,1052,765,1039,683,1268,800,1278,765
676,611,772,639,617,759,918,616,642,914,692,941,776,584,670,649,639,732,888,765,595,632,885,647,660,759,892,645,618,587,630,635,884,731,678,562,559,590,613,737,667,895,665,606,617,889,615,555,899,873,670,770,597,597,898,599,598,641,708,907,584,897,729,615,616,657,641,889,735,692,618,736,714,944,595,765,565,601,627,857,745,613,637,583,563,552,582,572,891,603,776,918,615,693,559,880,635,572,602,618,608
who are you looking for.
605,1072,1277,1057,574,784,705,1056,903,1294,1128,1053,1303,1280,1283,1206,1202,1089,902,1052,831,1272,821,1288
576,661,569,854,664,601,555,865,617,572,596,880,634,558,557,649,570,717,680,886,665,576,608,736
time to watch eagle eye.
874,1219,1147,748,1078,873,1303,1067,653,589,885,849,1087,1066,751,604,915,1340,779,1092,793,945,792,1404
634,588,707,562,881,620,601,886,586,663,604,728,710,906,559,657,653,640,559,871,569,607,535,750
a one way ticket.
589,1123,1381,1117,764,1137,667,593,953,1133,926,1251,919,1262,809,941,1416
672,887,579,785,581,891,592,676,605,886,590,563,763,642,592,627,734
the arab league has already suspended syria and imposed economic sanctions.
925,1129,819,1084,550,830,537,945,1059,1305,776,609,919,1126,777,1044,1091,623,700,1053,612,1322,843,754,613,798,962,1080,741,1170,741,1368,796,1097,826,793,822,1082,738,957,867,1212,723,1084,640,1133,829,1087,1212,1188,1453,1347,724,792,822,1143,791,866,1319,1138,1312,1196,1243,880,1126,741,640,1142,881,934,1222,1318,1136,747,1370
627,695,569,955,656,570,644,719,870,631,572,656,654,449,554,846,680,651,609,872,660,613,593,536,660,590,603,852,610,563,601,578,556,704,613,555,615,871,625,590,579,562,613,856,642,711,601,874,543,716,579,537,613,553,601,830,544,736,566,717,581,718,563,731,859,626,629,732,714,600,597,592,728,610,739
it's here.
what do you want to do.
1236,902,1509,714,1149,1168,782,847,771,1447,1531,632,1096,568,858,1067,778,1322,1067,927,1312,1173,1056,627,1090,1098,922,1071,919,1347,1089,796,1369,1333
574,617,623,608,823,666,569,615,555,694,600,587,658,660,613,868,614,574,867,612,578,579,884,652,729,767,602,888,603,369,872,618,488,722
aria pleaded not guilty, but he acknowledged that he had violated some laws.
he's not in right now.
493,747,1195,496,1065,1363,1305,665,498,685,655,682,1062,1079,1252,814,1055,875,1105,1235,1306,884,968,1263,1133,914,1089,867,1016,1041,1038,1028,550,810,1170,1063,1252,624,1363,691,724,862,735,752,1101,854,1083,840,819,1039,1071,711,1020,1062,535,724,1036,831,1191,1279,1265,565,853,720,754,1047,657,1262,1149,717,1069,1309,568,621,638,1358,1512,1103,696,1495,626,1104,1107,1293,835,1074,1204,1088,1063,790,1212,883,1080,863,1062,1073,1322,595,1374
654,607,637,670,905,662,669,588,670,660,591,645,899,762,646,637,918,786,615,592,678,610,622,754,896,768,617,613,894,719,720,906,680,754,663,781,626,580,632,559,627,698,592,656,891,635,727,633,541,887,671,575,894,684,683,635,887,747,573,573,651,676,611,577,627,891,644,601,723,599,889,635,695,557,647,741,612,678,602,633,647,857,744,622,627,896,601,743,902,617,597,676,714,644,927,857,642,611,832
are you going to take a plane or train.
528,762,672,1094,865,1299,1155,1072,896,1270,1181,1090,886,1073,865,1280,1056,871,574,1204,723,1071,575,1061,1413,1372,553,1078,702,1108,1311,773,1071,843,779,512,1194,1072,1306
663,596,544,870,590,572,588,871,690,585,579,727,671,870,580,575,879,589,652,633,552,874,657,880,563,657,674,748,575,883,585,621,879,619,605,671,581,744,754
my throat is sore.
1096,860,1043,819,1009,745,1212,526,821,993,1123,591,986,587,1216,739,664,1371
762,606,889,595,689,576,563,647,588,892,580,610,898,609,588,592,535,740
my friend is american.
1197,917,1088,813,785,1149,692,1043,714,1045,1190,637,1033,545,1115,701,768,1162,819,577,1088,1390
768,586,905,642,582,582,554,767,615,854,543,629,853,672,748,553,596,572,774,683,756,758
where do you work.
his own share in the proceeds was about a hundred thousand dollars.
591,1050,691,767,689,1042,715,1283,1039,879,1125,1250,1043,612,1252,780,1160,1253,1592,1092,1238,598,1056,1270,561,1074,1062,625,1059,541,766,672,1045,1205,1089,1061,833,1055,714,1039,1393,783,1295,788,730,730,758,665,1082,627,581,658,1075,560,923,1296,1146,877,1074,596,1073,939,1129,1087,788,828,751,768,1089,896,1069,1269,1136,681,597,1067,760,1057,759,1275,1376,1374,547,776,617,1408
555,680,506,543,501,886,620,573,870,589,587,576,880,566,591,578,640,695,606,682,579,650,881,604,583,762,898,646,710,692,603,557,913,607,771,909,617,713,561,901,618,612,573,757,578,583,622,643,863,585,680,630,875,699,751,578,594,613,883,679,885,768,590,755,652,603,551,622,861,614,681,582,587,617,676,736,606,894,609,578,585,566,674,601,610,776
but the flames grew too large, compelling firefighters to call off the rescue.
clearly he would not venture to descend while his enemy moved.
895,1094,845,1033,849,1027,725,1018,829,1257,568,1114,708,647,1043,886,812,737,653,1045,857,1267,1266,1042,1303,599,805,906,767,1231,1096,837,1290,1153,1369,697,1333,1338,1226,1107,864,1088,814,1182,789,715,813,1224,903,1079,880,730,815,648,1057,874,1347,1121,804,536,1322,1073,1068,1315,783,797,1034,823,1055,722,1023,768,686,619,756,1107,675,1383,1468,767,1219,635,466,703,1267,866,1059,1056,665,1023,568,1245,1095,1349,715,1020,1045,1243,838,1031,848,740,1043,1114,836,1064,689,1050,833,1257,1036,721,550,627,796,720,1078,741,1049,638,1061,1155,1254,713,1045,1071,1172,650,1039,710,1076,708,1170,921,1068,1158,1287,867,719,741,1319
775,619,640,890,624,693,562,888,686,629,684,735,583,635,868,690,612,559,569,854,614,590,593,867,640,658,602,678,576,733,868,747,581,727,576,540,604,604,556,730,653,886,651,583,610,555,659,534,678,689,613,541,598,620,880,621,316,804,781,675,593,863,865,463,636,640,858,575,656,502,851,550,545,595,685,541,540,686,580,785,620,506,630,557,621,561,858,675,538,886,555,553,560,625,597,860,716,577,593,867,713,583,736,617,592,592,514,890,581,572,865,600,658,615,711,545,735,594,871,561,679,596,622,540,862,685,584,593,876,546,731,545,720,561,866,753,563,769,594,655,728
do you want to come with me.
712,1257,1024,877,1285,1135,1025,574,522,1075,825,1055,821,1296,1050,788,1260,1121,694,1056,603,1172,811,1045,1111,1265,676,1435
627,580,861,562,573,583,876,567,653,755,595,889,597,593,875,711,607,731,549,887,563,612,583,687,894,820,538,744
i have two sisters.
where does your wife work.
1248,1062,1305,511,838,691,1068,824,599,1284,1053,627,1198,630,808,697,773,619,1296,1595,590,1112,646,741,658,1085,713,1316,687,626,1069,1063,1296,1094,709,1036,547,1179,725,643,1039,568,1261,720,1182,1322
541,851,599,675,712,576,851,593,550,592,853,600,569,606,590,527,589,601,706,624,580,686,522,575,514,885,598,572,555,596,851,487,444,454,556,818,538,490,568,535,814,550,516,567,594,683
i'm very well, thank you.
let me check.
1216,1487,1155,1084,846,681,761,876,1074,598,681,1303,1306,1242,1107,824,1094,549,1080,1180,1063,830,1118,748,1322,1574,1359,669,796,1074,1163,667,1073,807,1068,690,790,1205,1309
524,620,727,882,690,545,582,567,834,526,508,574,578,679,845,580,644,616,716,598,844,555,556,550,712,614,604,526,574,851,710,516,870,710,645,558,698,608,666
you're welcome.
818,1131,1058,1386,714,1038,1040,549,625,1260,741,1225,1114,653,1307
569,544,479,602,573,844,865,563,535,600,747,527,692,559,729
a certain austere simplicity was noticeable all over longfellow's house.
520,1056,777,511,709,801,534,1180,1265,1067,517,1117,598,795,683,764,680,1016,620,1181,1133,1508,1366,1205,820,1182,829,889,1078,632,569,1062,1070,1101,1306,835,1199,808,730,570,888,1313,730,1073,575,1403,1438,1067,1292,858,700,769,1045,1293,1276,1075,843,785,704,1286,1290,1285,621,1424,622,1124,1108,1307,1152,625,671,1359
671,877,749,688,598,600,639,602,609,734,661,526,615,574,516,562,511,839,597,528,659,351,572,516,748,505,613,601,795,575,654,804,843,770,545,575,541,710,563,655,732,588,569,800,654,629,578,827,522,757,574,613,804,588,508,692,671,669,579,582,586,519,597,601,630,829,659,555,551,633,592,740
just changed my default pic to a nike basketball.
1132,1137,621,797,1060,794,1061,1154,1054,853,707,738,1050,1146,878,1063,759,587,833,584,1112,1277,866,1053,1383,1170,805,1047,830,1284,1055,558,1043,1075,1149,1173,726,1034,895,559,637,1152,686,777,870,564,1285,1277,1308
618,534,645,631,820,735,644,543,729,683,575,625,827,696,586,840,602,664,637,659,543,589,601,838,500,460,714,801,583,496,790,636,842,701,543,636,563,861,748,680,636,619,562,599,748,679,595,602,708
i'll pay for the tickets.
1185,1445,1260,1262,1054,1438,546,855,1073,829,1293,775,1070,833,1059,715,1026,836,1169,817,1162,712,794,629,1315
511,578,586,588,834,527,656,598,842,635,548,584,837,592,627,537,826,573,524,716,587,553,607,598,712
what's the charge per night.
588,1061,539,804,1462,597,1075,793,1071,680,1036,777,1076,545,820,858,709,1052,1396,698,779,1058,1087,1184,863,1075,836,1268
601,684,674,613,613,630,831,614,669,557,853,704,655,658,593,652,552,841,589,540,583,815,697,560,650,663,602,692
i guess it's only for the summer.
1227,1091,847,1099,692,631,632,1055,1179,832,1464,625,1077,1310,1097,1408,881,1074,832,1305,801,1065,859,1080,731,1050,639,1114,1119,1116,731,797,1355
521,840,666,585,574,611,616,838,563,601,647,607,812,563,691,640,612,832,633,573,592,839,598,653,541,848,619,577,700,698,549,594,686
i'm self employed.
those men are speaking english.
1226,1433,1178,1108,634,686,1270,798,1070,700,1135,1291,1462,1314,893,721,745,1295,1627,825,1048,1325,613,670,1060,1189,664,1098,1077,547,767,1080,1077,602,1399,659,524,1194,1183,1085,830,1071,693,1070,841,1307,1176,623,1071,1284
544,624,703,855,639,582,603,652,857,582,729,618,557,631,594,550,622,697,652,621,655,522,659,602,839,699,584,733,859,674,616,840,860,644,551,573,678,637,574,728,673,833,582,721,673,600,548,632,656,704
he's a loner nihilist who believes in nothing.
1085,662,1477,602,1043,532,1043,1366,1315,1114,681,753,1075,1115,1225,1088,1206,1310,1218,627,820,1084,617,1083,1293,1071,893,734,1308,1209,728,889,738,664,1066,1198,1074,1058,1078,1258,849,1063,1182,1069,868,1294
653,575,665,627,824,679,833,582,549,693,582,627,825,683,562,656,554,597,555,626,623,824,600,673,583,839,754,605,601,562,599,748,601,632,848,587,722,868,716,595,626,678,584,719,680,699
it's august twentieth fifth.
1201,863,1473,868,1106,649,1152,879,1138,677,868,1053,615,701,680,1112,837,1170,725,816,1022,1005,812,1140,816,831,1016,1291
598,630,642,624,825,651,586,694,579,632,631,858,575,579,543,795,579,620,570,607,675,859,657,557,658,621,663,743
can we just go ahead and blow north korea off the map already.
767,537,1084,1053,609,690,1040,1104,1142,628,815,1052,829,1277,1039,557,1098,713,561,737,1055,560,1091,733,1053,913,1300,1306,641,1062,1104,1272,815,864,1054,1043,1190,1308,809,731,568,1062,1305,829,832,1067,851,1092,739,1054,1129,584,1363,1067,579,1305,789,710,548,737,941,1295
769,707,731,871,596,590,870,676,580,650,631,871,681,602,880,694,667,592,685,618,869,692,724,621,877,769,636,576,598,869,744,609,639,640,696,889,655,552,633,564,670,844,581,665,673,847,609,674,545,859,707,651,602,848,654,618,583,540,660,596,550,695
what's the date.
580,1089,543,846,1500,626,1121,821,1103,699,1073,742,572,830,699,1366
597,700,674,614,647,633,842,621,692,567,881,616,674,604,539,790
i wouldn't really have lived in east palo alto if i could have avoided it.
found a safeway. picking up a few staples.
1197,1032,554,1245,1098,1335,675,1057,1422,846,1039,766,679,529,1299,1304,1052,1026,1068,520,843,693,1043,1299,1201,863,713,738,1045,1187,1069,1038,700,558,632,828,1046,1462,486,1308,764,1074,516,1314,781,1301,1075,1216,789,1062,1317,1055,768,1264,1126,1294,720,1058,1067,543,843,714,1050,553,866,1265,1181,758,724,758,1181,846,1262,1426,1617,778,1148,1156,1065,737,1072,584,1066,687,580,868,743,598,536,880,1340,1102,1420,1211,840,1249,1210,1108,884,1080,1148,1370,1057,607,1070,851,750,662,1072,665,872,602,1403,1323,756,686,1348
614,907,612,629,634,694,657,750,711,647,903,633,577,684,644,646,887,902,699,704,736,610,887,649,601,769,620,655,885,628,756,905,616,705,622,639,892,505,692,660,633,905,694,649,639,608,868,580,690,870,560,846,774,576,581,620,667,852,676,703,770,632,863,700,776,592,550,664,608,653,578,648,701,681,600,710,613,636,815,653,892,700,894,674,709,710,602,571,656,598,788,878,611,578,769,649,612,759,735,896,563,609,852,700,856,714,594,597,854,609,630,653,616,634,574,612,705
try it.
i'm full.
812,876,919,1075,1227,870,1327,1572,1173,1373,1185,1025,818,571,1279,1278,1261
638,630,637,904,597,636,722,686,595,638,741,861,704,696,627,635,711
i really appreciate it.
1232,1057,779,709,557,1307,1308,892,1059,577,1384,1381,795,720,811,1207,566,867,742,1054,1203,866,1316
560,858,640,582,678,620,622,627,859,681,648,651,637,578,714,582,690,644,561,869,592,633,716
what makes the galumphing hubby such an enduring stock character.
the cast was awesome so it was well worth it.
620,1070,551,863,1036,1180,712,1234,709,655,1099,854,1098,737,1079,889,602,1306,1159,1202,1429,1104,1238,1120,891,1110,935,1103,967,964,934,1068,689,1122,1037,1041,1049,609,1060,1043,769,1056,775,1079,835,1198,1101,907,1092,701,884,859,1220,1083,1128,871,1103,607,817,587,851,887,747,827,1405,1630,860,1090,747,1047,845,591,675,873,1055,650,565,662,1057,574,638,719,671,1287,1165,735,1081,678,1313,1076,1230,862,1075,672,584,671,1166,625,700,1375,1386,1116,627,1331,822,875,1109,1141,1270,889,1363
617,693,691,635,883,755,578,668,582,626,883,644,728,582,904,693,684,673,616,766,575,669,568,729,700,877,793,575,802,789,637,849,642,590,706,889,886,698,767,906,641,770,646,630,637,626,791,717,900,659,654,752,678,903,915,772,723,694,665,690,759,665,589,637,822,690,663,698,594,898,748,695,648,646,891,603,685,633,888,694,557,539,622,599,698,578,863,619,613,870,588,640,876,583,670,617,833,569,544,657,657,891,579,603,604,618,681,866,611,631,742
he's not in right now.
1134,751,1507,674,1097,1142,1316,868,1084,1247,1117,1091,828,1222,899,1098,914,1097,1109,1303,642,1408
677,592,693,626,860,735,632,641,883,610,750,891,635,603,664,708,638,886,775,644,589,761
for two days i tarried in paris, settling my little property.
check out his dinner speech on cnn.
813,1305,791,1087,860,604,1328,1106,748,586,908,691,1103,1237,1092,858,615,838,843,1245,760,778,1105,1252,1123,1444,1539,556,791,1224,659,1301,1087,628,697,836,845,1325,1238,1118,881,1077,1170,954,1106,1336,1256,821,828,1342,715,1092,1402,794,1308,1409,716,789,865,903,1274,1584,776,1175,693,790,1263,1116,1350,1203,854,1084,1074,1185,628,1040,727,1076,1136,1149,696,787,1092,628,1414,707,712,801,1115,1093,1327,1122,1100,808,1123,1121,1297
679,615,619,885,635,541,528,853,599,672,614,625,861,590,877,621,663,639,654,588,585,631,868,590,726,610,505,680,618,579,623,745,851,631,565,614,616,635,603,727,654,868,737,577,840,627,578,632,635,634,573,870,614,633,564,629,574,628,627,637,709,648,747,683,595,752,634,891,624,631,573,867,656,560,599,859,596,711,844,815,535,591,875,606,544,557,558,712,650,881,592,717,863,730,722,726,727
can't sleep. my tooth is aching.
798,564,1094,1454,876,1101,636,1373,708,709,1450,1242,1132,1203,1119,1091,922,1310,1312,911,1088,1079,1211,706,1077,608,839,1084,1204,1085,883,1299
732,673,788,695,617,885,626,592,576,577,555,715,878,732,880,865,633,595,597,633,693,880,581,626,879,665,731,692,593,739,680,725
but he was feeling deeply chagrined and mortified over his last escapade.
i would rather pay reasonable yearly taxes for free fast internet
906,1084,860,1041,1063,731,1037,640,564,651,1039,836,736,735,1277,1208,1089,889,1061,783,754,753,1291,1419,1316,1094,851,1097,588,901,845,1206,1102,783,827,1107,628,1138,816,1098,1168,1312,855,923,1216,900,1219,819,853,1108,1316,987,833,896,1109,1132,1249,739,1097,1353,645,729,908,1105,801,729,880,647,1451,636,818,786,1314,1517,1258,1107,690,1319,1175,1325,818,1107,851,614,1078,760,851,1063,1048,1387,617,950,1054,853,772,617,713,1292,1103,624,970,1296,797,1064,949,729,556,818,1343,935,1100,888,607,678,749,685,1125,868,1370,835,1108,848,825,745,746,1120,865,610,690,888,1118,1288,1152,896,770,852,1152,748,884
777,602,640,867,678,574,878,576,650,616,870,660,570,570,623,573,703,669,865,621,571,573,632,597,613,858,775,690,658,694,634,619,753,592,642,870,688,734,639,884,752,627,635,624,590,676,446,582,630,878,603,785,599,646,860,694,604,621,873,646,674,642,636,863,578,636,717,662,635,662,627,583,740,663,583,867,599,617,633,657,657,867,628,657,679,555,610,861,860,620,660,631,847,616,556,658,644,583,692,678,754,619,592,853,593,531,637,582,618,593,829,596,643,537,555,621,824,652,528,580,796,637,580,536,536,789,623,650,602,589,792,520,663,573,501,559,715,512,570
is this mr. smith.
1242,799,1034,1051,842,1203,638,1034,1142,767,1300,1088,623,1150,1222,821,1089,1301
570,592,896,666,644,564,608,855,709,577,705,832,615,732,594,599,690,723
damn you north korea.
662,458,1080,1021,1039,790,1203,1071,1030,1026,1199,770,834,1004,1043,1162,1245,748,657,511,1310
707,755,812,861,953,671,660,687,961,840,680,589,609,719,890,674,639,644,584,695,790
that's too expensive.
779,1046,518,804,1574,567,1151,796,1345,1348,1104,677,677,1445,702,1130,647,1217,873,738,1440
636,724,692,626,604,659,861,622,588,593,877,597,734,553,588,733,657,583,767,621,750
found nothing at nike factory.
here's a case study on how to use viral marketing to add people to your list
783,1277,1142,1057,714,1040,1056,1240,829,1035,1145,1049,842,1047,559,816,1050,1084,1165,1205,701,1075,801,547,800,825,1264,1211,901,1225,1567,1132,651,747,661,1440,588,1130,520,1102,765,523,598,664,1116,602,798,1068,709,860,1056,1232,1031,1051,1023,1220,586,1019,797,1222,1016,1205,592,634,1082,813,1197,756,537,1277,1050,1122,540,768,1182,693,847,1168,1073,873,1069,809,1355,1125,501,698,700,1097,1385,656,1291,1466,1319,639,1096,801,1289,1063,829,1261,1099,751,1019,1306,1161,576,773
699,532,531,733,642,852,734,586,578,675,578,727,667,879,674,608,870,749,533,643,572,862,671,690,755,594,531,506,569,722,579,662,587,637,573,595,632,849,696,871,750,704,647,579,856,628,601,594,635,614,890,599,752,893,715,583,565,899,592,577,895,463,637,576,821,724,503,600,651,609,870,733,659,582,615,554,601,578,719,659,854,543,422,768,657,596,594,820,524,527,325,427,563,536,820,579,543,828,558,514,545,551,817,555,513,603,588
i don't understand.
1198,1040,665,1257,1043,1461,820,1092,1176,1085,700,675,771,610,812,542,1096,720,1332
531,842,603,554,689,670,585,880,536,710,603,544,587,590,574,640,714,574,709
she dozed at last, her face serene and beatific.
589,1032,657,1014,692,1240,569,691,726,1069,560,868,1071,1343,579,647,845,1332,1149,1146,737,835,1099,856,587,846,776,1105,630,690,786,704,1149,698,1121,562,1135,760,1109,933,759,605,874,1238,860,1243,844,1330
636,679,563,872,636,592,743,548,626,865,672,585,842,612,647,587,564,740,834,627,530,575,815,629,654,717,544,812,590,517,559,497,718,505,858,632,720,584,859,728,517,622,546,573,616,565,677,692
i've been there.
1293,1560,939,751,1095,975,749,749,1129,1080,881,1080,723,823,735,1447
468,547,765,575,837,783,570,567,735,868,593,651,464,511,455,711
please take off your shoes.
1416,1301,693,543,632,694,1098,873,563,1218,727,1091,1327,853,860,1082,906,1308,1138,852,1064,662,1061,1291,729,665,1406
507,583,489,610,584,521,833,541,598,587,500,839,536,602,612,823,555,528,542,545,835,584,633,534,500,570,687
here's a case study on how to use viral marketing to add people to your list
all i want to do is get to mtv.com
1090,706,776,689,1491,626,1112,553,1111,801,540,629,709,1123,644,844,1127,792,955,1080,1311,1094,1084,1079,1301,610,1071,849,1295,1056,1159,661,705,1066,875,1199,826,603,1308,1066,1152,589,789,1218,732,818,1202,1091,898,1096,865,1319,1075,596,773,769,1076,1421,752,1308,1432,1322,740,899,872,1104,1085,893,1271,1122,806,1062,1277,1183,646,837,1498,527,1323,1322,1086,1224,1050,520,1047,1131,879,1090,873,1312,1075,760,1312,1085,1192,668,1054,894,747,884,1068,866,1304,1072,1155,905,861,1328,825,1380,1171
649,531,563,511,583,582,820,638,816,692,649,594,524,810,573,547,563,610,556,828,563,712,847,653,560,546,852,575,572,856,555,588,524,849,692,547,575,611,597,840,693,623,551,591,518,564,559,688,635,822,564,551,820,633,576,567,820,530,520,487,554,570,508,563,564,809,858,577,571,591,575,882,609,570,586,582,607,649,621,629,876,557,886,639,745,743,566,857,563,534,818,561,536,824,523,591,837,612,513,557,841,560,538,831,692,544,758,700,752,416,688
the child was very sharp, and her memory was extremely retentive.
only one exam left, and i am so happy for it.
784,1067,682,1041,763,1056,1167,1261,730,1025,593,534,603,1018,824,722,799,924,1025,684,1060,577,816,1401,1208,1110,608,1108,783,1071,1092,755,839,1053,1141,758,1142,1291,847,943,1068,616,577,663,1061,717,693,848,728,729,1160,727,1303,936,1080,802,720,869,728,1078,846,1175,886,757,1318,1591,1278,1065,1318,909,1084,1276,1070,727,1053,728,713,561,1135,1057,1284,696,825,898,1209,1079,552,1113,746,1066,1212,1057,542,1171,1070,640,1324,1073,1105,564,1407,1395,1313,1145,862,1327,829,1122,1239,873,1282
558,630,491,826,731,642,542,594,616,842,555,644,604,853,716,598,588,593,842,616,651,634,561,606,692,858,649,718,591,877,667,528,582,877,726,533,732,584,551,573,870,558,654,613,879,531,661,576,512,497,725,506,640,559,862,556,497,563,493,761,577,620,710,561,718,618,668,809,679,615,905,630,778,569,923,576,714,677,760,917,658,578,653,594,750,896,674,778,601,924,610,923,672,762,915,614,615,896,713,673,607,615,489,863,639,556,595,865,528,597,723
dick cheney's dishonest speech about torture, terror, and obama.
668,1194,771,1166,1022,762,1063,693,1047,714,903,1442,618,1087,722,1217,628,1042,1248,1054,704,658,853,1043,646,1392,708,714,798,1079,1054,579,913,1290,1151,866,1046,853,1252,794,845,1121,796,709,1251,1077,828,723,790,801,1295,797,1306,1070,538,1066,728,1055,1327,922,569,1186,561,1238
636,502,784,632,878,778,674,584,736,533,567,620,657,839,653,589,667,705,611,757,591,648,631,889,642,618,574,578,716,692,885,683,767,597,604,604,881,610,606,583,604,612,598,532,727,890,599,541,598,601,628,598,828,900,671,807,616,930,529,770,678,729,679,858
why not.
do you want to come with me.
532,1014,841,1011,1000,1183,799,1286,1532,725,1276,1039,830,1274,1130,1030,611,548,1037,830,1034,816,1235,1033,791,1235,1096,728,1036,640,1175,853,1058,1158,1201,723,1365
595,718,614,888,793,640,648,724,637,652,603,886,622,607,622,908,602,679,788,621,911,622,632,908,756,637,748,611,903,608,618,622,686,890,775,578,750
five things wolfram alpha does better.
why are we giving more money to the company.
840,1292,957,760,1118,887,1116,1230,1114,921,695,1114,629,1319,1311,836,790,562,1150,1095,568,1303,1413,1121,554,1072,740,1273,703,866,1111,941,744,904,897,769,842,1277,1512,567,1084,888,1056,536,767,672,1046,605,679,1062,869,1169,892,1160,1076,891,1055,1111,1252,801,722,1072,1134,1257,1089,738,940,1099,881,1299,1085,884,1087,760,1078,825,1328,1193,1415,560,1099,905,1334
695,476,820,618,881,637,697,600,761,691,648,889,579,584,629,677,610,658,746,882,672,642,577,654,673,871,617,574,555,564,863,754,558,584,588,516,564,702,601,588,687,617,888,677,602,546,880,570,545,862,678,577,692,585,710,685,880,743,591,595,530,864,731,609,756,547,579,860,580,591,868,581,681,541,885,716,550,748,595,678,794,633,763
higher physics exam tomorrow, not looking forward to it much.
1073,1169,893,1058,729,811,1052,1393,1065,887,813,1213,828,681,1085,744,723,608,1184,1086,895,1317,1184,1318,865,863,1310,701,1290,1134,1141,1308,893,1113,1319,1314,1310,1226,1231,1139,920,1107,891,1296,842,676,595,835,778,1123,890,1317,1097,1222,888,1099,1161,1181,858,1098,1381
706,601,704,720,558,603,908,615,679,634,737,502,757,658,848,565,715,673,712,867,588,578,705,581,612,613,583,561,716,860,714,604,611,868,639,591,574,651,590,734,676,880,689,601,618,557,643,561,598,886,612,621,901,599,598,899,748,603,762,581,785
i really liked learning jquery book.
1237,1080,760,687,551,1296,1298,904,1077,1288,1193,1199,731,768,1072,1293,735,571,805,1120,1293,1160,896,1113,1160,550,1111,1201,731,913,1070,956,1277,1281,1200,1315
543,846,576,514,626,590,591,577,834,598,541,614,556,603,842,606,568,641,563,805,561,762,672,862,666,575,594,591,537,577,871,771,580,582,659,742
i never did thank you for including me in your list.
i just created my first latex file from scratch.
1242,1072,1099,738,896,747,833,1069,766,1209,768,1060,876,1097,574,1076,1192,1075,919,1293,1136,1059,875,1303,843,1065,1190,1085,854,1298,1154,804,1203,1136,911,1074,1176,763,1099,1237,1122,1091,918,1296,1165,868,1060,1292,1204,703,871,1291,1581,1207,1065,1090,1150,694,866,1086,828,828,758,598,880,753,786,1065,1158,929,1070,851,1208,837,713,912,1064,1311,625,890,778,747,1080,891,1198,1315,785,1073,886,850,1358,1238,1113,691,841,788,568,881,833,1102,1296
537,852,737,576,751,559,595,861,602,591,604,872,602,676,660,768,652,879,592,564,580,873,656,575,603,864,570,722,743,620,579,638,583,785,698,879,744,588,886,598,746,897,767,565,574,599,873,614,564,628,635,715,575,564,869,675,577,638,621,849,736,616,565,646,619,556,607,865,723,606,865,655,597,608,593,602,876,628,636,580,530,674,867,678,582,626,581,871,669,601,522,672,870,636,698,553,608,573,671,636,751
warren buffet became the richest man in the united states.
her jocund laugh and merry voice, indeed, first attracted my attention.
520,464,696,708,619,1059,1028,856,1067,772,779,669,809,1015,858,699,811,1235,1098,1040,1039,862,1069,747,1036,798,1183,813,1041,721,663,835,1044,1202,528,1102,1076,1201,1083,1061,841,1058,722,1136,1145,1065,1162,851,720,763,1062,662,870,583,853,732,670,1367,1506,1129,677,763,1093,1128,1314,824,1103,1078,783,1060,1331,595,1124,895,1085,1072,617,1100,782,1071,1169,764,814,822,915,1113,904,1310,851,1209,764,1321,1128,1259,1142,814,771,785,820,1399,1073,844,1208,684,678,879,1099,596,891,881,610,566,797,851,732,756,1109,1188,923,1115,602,888,888,723,1150,883,1271,1359,1167,1377
599,640,578,585,532,787,912,771,650,691,691,591,636,914,807,607,758,638,755,905,949,635,724,570,917,606,601,751,727,585,636,629,897,791,669,801,911,594,765,901,633,703,568,588,599,775,599,597,559,630,886,636,626,654,618,543,603,741,633,653,532,583,867,672,577,755,501,734,653,869,621,685,576,674,709,886,691,732,634,889,731,583,568,560,564,869,769,576,782,558,614,743,896,568,729,640,545,543,603,738,864,650,529,596,585,564,824,653,562,561,620,623,698,569,517,577,847,683,564,841,614,550,560,506,771,575,561,575,716,752
but then i get to go home.
903,1121,872,1056,856,1079,730,1063,1058,1229,1073,891,743,884,1075,876,1322,1074,893,1309,1072,1094,745,1155,744,1416
740,593,616,860,598,674,538,771,893,557,865,650,546,579,863,586,583,866,665,588,873,687,559,751,564,732
i loved the night at the museum.
1219,1068,1356,1324,962,782,809,1092,896,1115,772,1090,1131,1228,916,1104,908,1106,640,913,1095,898,1114,777,1089,1204,1159,732,760,1273,1277,1446
535,867,617,504,805,615,656,857,622,674,555,867,732,582,670,689,609,856,649,616,872,595,682,528,878,722,580,618,520,318,669,717
call the police.
insects have infected my spinach plant.
772,534,1267,1266,1051,829,1063,733,1047,1388,1235,1252,1160,810,721,1257,1501,1234,1111,629,784,707,878,672,1096,1093,604,896,738,1073,1219,1095,869,762,850,889,771,791,1085,1179,929,1102,679,1421,1216,1143,595,826,1092,1077,1427,1306,570,1131,870,1400
814,715,665,671,929,641,735,593,924,597,558,648,559,754,633,746,616,603,775,670,748,606,619,626,879,690,688,728,585,890,601,749,695,599,730,644,592,638,878,738,599,856,637,576,519,729,696,728,691,878,559,606,657,721,601,727
i was going to the library.
1252,1092,600,529,624,1057,861,1272,1184,1092,873,1074,862,1289,1064,866,1076,753,1055,1309,1215,950,825,584,827,921,1335
532,862,572,654,608,871,654,580,575,720,661,872,597,577,868,602,676,538,873,618,564,749,605,642,583,582,696
can we have a menu please.
806,559,1137,1103,595,680,1117,1135,548,846,725,1093,578,1090,1206,726,1082,1132,1066,1411,1506,1315,703,565,655,706
741,690,767,904,520,502,792,602,642,714,566,829,657,830,690,526,701,532,828,530,1071,562,539,632,608,544
pick up your clothes.
1374,1187,829,1247,1087,1111,1357,1051,864,1230,1084,776,1053,795,1257,1250,826,1053,696,624,1292
552,518,827,609,898,501,548,855,604,520,543,600,844,744,583,528,631,647,569,614,729
insects have infected my spinach plant.
1191,1065,630,766,699,850,639,1078,1090,557,850,738,1073,1218,1098,871,742,811,873,765,778,1096,1167,931,1099,677,1403,1198,1109,577,834,1098,1084,1441,1337,586,1112,878,1329
523,743,669,768,594,611,621,853,663,677,732,598,870,558,717,685,606,754,631,560,619,867,711,596,856,626,564,504,711,684,735,650,868,555,571,683,702,623,690
does that old notion that defense wins championships still hold up these days.
718,1266,630,593,1050,781,1071,522,777,1039,1255,1288,715,1056,1098,1273,802,1150,1301,1077,1011,810,1043,539,816,1025,716,703,805,706,1077,641,708,1038,613,1185,1075,646,1043,789,1079,560,1096,1416,1181,1287,1095,669,1056,1247,1431,669,1092,674,863,1269,1311,1314,1079,1059,1257,1257,759,918,1237,1447,1082,797,1050,688,628,688,1034,715,564,862,646,1263
666,573,562,631,847,621,680,660,614,869,551,610,637,854,734,591,602,587,600,756,889,618,677,665,618,872,617,566,661,576,734,636,579,877,567,595,728,614,874,729,683,680,740,566,546,558,723,641,674,545,531,644,835,626,620,546,606,614,841,689,596,647,647,953,403,449,821,549,604,523,578,537,843,608,665,584,587,682
i want to give you a gift.
1192,1045,594,520,1034,822,1023,815,1228,1024,864,1151,864,733,1033,886,1254,1111,1029,574,1129,881,1236,835,900,1403
546,861,573,652,751,599,894,598,598,890,657,590,733,578,876,638,588,607,882,665,866,676,579,665,611,739
i usually drink coffee at breakfast.
1244,1077,642,1125,1150,550,1302,1308,893,1069,747,812,1211,1080,1192,1067,833,1275,853,862,760,766,1070,613,885,1066,937,835,752,608,1191,852,613,697,888,1295
530,843,629,565,521,674,614,617,617,863,625,599,560,726,619,865,727,558,672,673,575,576,849,664,618,850,753,633,563,655,626,655,659,630,627,694
sorry, we don't have any vacancies.
it was awesome.
611,1207,753,790,868,1168,1063,601,688,1056,741,1255,1063,1451,874,1054,1084,593,914,765,590,1076,1043,952,1053,886,597,858,596,1078,843,760,685,679,1386,1544,1235,835,1059,625,541,640,1055,542,599,682,645,1245,1112,708,1346
655,622,623,621,636,745,889,588,568,894,634,626,773,693,646,903,700,698,774,625,696,780,930,632,922,772,685,779,695,785,753,625,648,651,733,623,619,643,899,575,662,622,896,657,540,524,601,612,722,560,713
it depends somewhat on usage and on euphony or agreeableness of sound.
i'm moving to east palo alto.
1188,844,1034,732,710,1370,703,1074,745,664,1061,669,1287,1151,722,1057,646,1085,582,857,1310,1101,1074,1160,652,564,866,730,1038,577,1085,765,1039,1295,1084,1050,746,1111,1386,1060,1265,1077,921,1044,1275,813,1052,572,882,804,726,726,575,924,1271,761,1115,753,692,693,1063,1282,859,1063,697,1292,1142,1079,778,1281,1619,1262,1460,1197,1121,1206,1323,902,1232,1137,895,1115,858,1328,1106,765,612,694,883,1102,1426,597,1310,1094,1100,610,1329,874,1315,1296
576,678,868,632,577,625,578,721,627,645,852,641,595,712,593,860,580,688,656,625,500,688,906,504,626,676,671,575,861,669,728,601,882,593,722,880,583,610,639,688,591,733,634,900,603,623,891,675,677,633,563,568,664,735,630,593,733,586,613,616,890,615,665,886,617,613,621,752,608,704,613,557,653,722,867,745,593,780,597,731,717,871,655,601,887,583,671,620,642,873,642,667,635,868,871,675,623,653,593,736
just landed at san francisco.
1152,1189,688,873,1077,1310,602,1114,777,752,772,1083,609,880,1085,702,610,1125,1092,859,853,608,1122,851,1223,713,848,1305,1325
695,593,638,643,882,639,669,751,635,582,621,882,675,641,877,631,677,732,879,679,621,657,747,715,587,638,714,588,733
