my watch has been stolen.
1116,773,816,489,446,752,661,989,802,988,456,525,798,822,595,587,1006,788,533,754,1200,1213,598,1001,1365
713,417,748,417,533,412,606,587,738,590,538,482,732,622,410,409,696,726,506,422,464,569,419,712,703
what do they study.
do you need anything.
501,961,459,764,794,614,1193,789,764,956,587,859,786,543,766,990,618,845,1313,1529,602,1180,789,806,1156,978,758,966,567,562,604,780,444,957,797,763,903,1035,920,793,1310
428,581,522,420,699,503,457,705,426,577,411,427,697,515,392,468,525,427,666,581,511,461,737,440,474,464,721,681,430,444,526,726,528,694,427,430,585,457,659,527,687
i'm coming to pick you up.
1174,1530,1155,794,664,1175,1056,1118,1008,777,788,787,1191,788,1288,1094,665,1097,783,813,1155,1010,770,998,1259,1378
454,609,703,723,627,416,600,412,627,522,722,425,408,699,423,409,644,543,713,443,403,443,714,424,408,614
how are you.
992,1210,506,760,473,687,596,790,802,1168,1014,1308
563,427,420,716,514,421,419,713,417,465,462,715
whose book is that.
497,964,1196,518,778,805,678,1230,1217,1152,800,1151,553,773,768,974,444,749,1332
418,562,426,531,694,768,638,389,399,509,749,383,504,697,428,520,527,429,675
call me.
how long is the flight.
641,447,1263,1253,785,1142,574,1329,1539,1051,1263,519,796,1274,1192,1061,768,799,1182,559,781,751,1029,586,781,701,1259,1163,669,983,771,1318
664,529,533,551,736,663,409,666,598,586,456,446,729,584,449,611,522,737,444,536,714,430,552,422,712,531,543,423,642,542,522,712
i like her.
here's my number.
1163,818,1276,1173,1169,600,774,992,585,670,1295,1567,1041,589,659,581,1422,539,797,1109,798,791,1026,1045,1102,688,606,694,1385
451,766,543,441,562,426,716,587,416,425,663,562,560,415,428,403,590,507,731,659,450,712,700,486,676,663,437,422,684
not recently.
1026,1210,734,795,660,590,668,595,1023,764,1250,873,1315
677,476,434,729,424,424,626,417,696,435,577,440,729
that's too late.
739,1007,414,750,1486,584,838,847,1247,1248,851,1292,517,806,654,1366
435,606,519,423,590,515,748,451,469,515,743,605,561,449,447,740
you have a very nice car.
841,1312,1130,873,1085,539,862,718,855,548,831,833,676,759,1000,902,1110,1228,769,696,866,756,539,759,1426
431,436,463,749,547,547,613,426,751,551,749,681,447,410,472,750,717,447,670,427,734,679,551,435,718
i don't understand what your saying.
1282,875,717,1352,1150,1525,822,862,1157,1147,724,685,769,640,865,542,1141,724,902,632,1095,543,857,860,921,1265,1111,749,863,630,547,931,1195,1085,877,1343
463,770,521,483,654,599,444,755,464,683,536,433,429,531,433,551,703,535,751,436,590,525,417,747,446,497,519,435,735,524,552,437,463,608,532,712
winds could get gusty, occasionally blowing at more than thirty miles per hour.
614,1203,1102,707,622,863,772,1288,1132,1309,727,892,913,718,882,933,905,1148,652,881,992,1257,912,1328,776,766,573,660,1230,1325,1136,571,1318,1323,959,919,958,1318,1310,627,1238,1131,900,891,595,895,925,1216,1337,791,716,913,868,1089,540,1129,888,855,1086,1230,764,847,962,912,1159,1166,1258,658,587,867,1330,643,723,856,1032,1225,1063,736,1461
492,475,687,530,532,727,645,445,436,567,551,736,548,430,427,702,519,450,518,429,441,706,764,473,649,663,551,555,456,448,631,549,554,570,444,745,672,583,461,458,449,638,535,731,562,450,695,656,442,453,435,737,447,572,534,689,731,450,591,417,430,428,428,739,662,480,538,415,491,712,433,423,428,694,590,439,462,418,801
i can swim.
1267,901,772,567,1095,887,631,567,1216,1171,1377
435,781,656,529,712,755,537,424,511,669,736
how long have you lived here.
what are your hobbies.
1072,1281,598,884,1298,1217,1105,870,878,1081,608,901,727,885,926,1298,1142,881,1294,1186,827,727,744,916,1070,708,779,708,1349,1515,587,1061,535,860,929,525,758,659,892,892,1257,1105,748,876,912,1242,897,917,1201,701,650,1355
600,467,449,745,590,464,614,539,747,603,559,681,453,752,481,485,477,746,596,461,683,481,581,795,609,463,481,455,740,561,448,617,553,447,730,548,435,415,721,455,510,505,447,748,660,451,572,610,426,431,527,694
certainly.
how do i get there.
768,690,753,859,557,1178,1071,1289,935,1326,1599,1102,1309,602,891,738,1305,895,1236,893,893,701,880,932,880,1050,712,800,713,1461
681,447,465,464,552,491,668,604,458,760,583,612,477,442,756,542,501,766,471,756,551,428,454,732,460,611,432,455,426,705
what's the phone number.
583,1046,538,857,1523,628,927,846,1087,700,914,1365,1046,1263,1057,693,881,1065,1101,1165,932,716,805,1386
438,558,544,445,606,522,769,445,606,433,740,456,588,455,685,421,734,756,522,697,668,432,444,725
i'm going to leave.
1273,1508,1218,905,876,1324,1222,1127,887,919,885,1343,926,1314,720,581,878,732,1461
439,627,705,774,550,499,448,654,546,765,456,479,769,616,433,557,667,444,714
would you like a glass of water.
nobody is there right now.
608,1345,1174,1366,766,942,937,1362,1196,937,1361,1268,1300,733,915,598,917,944,1392,612,690,671,944,1409,842,940,663,599,904,751,842,1422,1611,1129,1328,973,1352,820,990,954,1284,715,902,921,1076,747,740,744,934,805,1282,899,1108,918,942,1129,1311,616,1361
428,475,460,568,565,771,473,481,467,763,626,488,587,465,754,562,763,582,617,581,564,551,782,425,496,766,467,543,465,428,448,692,604,715,492,708,463,598,488,768,452,546,751,480,572,447,425,433,755,443,446,545,577,429,754,682,466,429,703
what's your email address.
602,998,569,864,1559,636,897,923,1339,1165,784,897,708,1234,577,1257,1359,924,602,772,764,798,717,653,651,1411
443,620,562,451,676,539,769,484,448,452,455,729,428,726,551,475,563,788,563,552,534,453,447,531,537,728
it's going to snow today.
1291,835,1574,661,916,906,1321,1248,1138,911,917,878,1368,903,684,1144,1339,625,905,879,1376,758,573,931,1441
426,454,649,567,765,581,494,448,637,558,771,475,447,745,550,680,478,448,744,464,487,533,558,459,690
i'll pay.
it's more than five dollars.
1272,1521,1384,1378,903,1458,595,960,1416,1619,1310,839,1517,665,895,1228,1363,786,715,907,854,1127,580,1152,902,827,1285,869,736,899,776,1360,1370,1371,592,821,664,1439
504,611,619,623,774,497,548,448,683,599,485,467,583,545,759,702,493,480,450,751,473,594,560,699,741,569,484,655,465,753,576,492,607,620,574,474,559,690
when are you coming back.
635,1102,710,1123,897,589,803,718,932,924,1355,912,828,813,1323,1187,1291,1110,900,928,961,595,811,1237,1404
451,596,437,710,736,550,463,439,745,467,535,755,672,675,443,662,440,680,550,770,648,551,672,563,705
what do people usually do in the summer in los angeles.
take this medicine.
625,1063,587,864,913,755,1284,899,1433,715,1330,1454,1346,731,914,1153,691,1174,593,1377,1370,957,938,783,1361,915,1302,1169,921,913,1110,753,935,696,1154,1220,1224,743,825,924,1263,1145,907,1348,1336,691,893,605,1140,904,731,1353,722,675,1391,1523,876,547,1222,691,893,855,1206,654,892,911,1207,701,750,1242,807,1230,1110,717,1407
448,600,563,472,746,516,494,743,497,454,451,458,574,448,759,480,548,481,570,618,631,466,783,550,500,764,461,664,752,460,595,429,716,538,468,686,693,446,463,737,463,704,736,579,487,528,734,561,694,544,433,550,438,520,715,590,444,551,593,440,729,461,505,535,735,749,676,417,521,457,669,465,697,428,668
but it is hardly necessary to dwell on so normal an event.
969,1156,901,936,1243,899,944,1240,685,903,1094,610,826,759,1300,968,948,1115,743,824,753,676,669,599,818,972,934,926,1329,952,791,670,754,1358,1351,953,1311,1153,939,723,1320,936,1139,1325,833,1236,605,1374,949,610,1161,934,749,897,782,1160,935,1483
672,479,477,772,482,467,760,486,540,731,616,556,468,521,565,452,817,716,443,674,448,534,535,562,444,445,753,460,501,748,545,444,435,626,639,785,518,725,770,544,531,764,729,500,462,742,562,620,771,558,750,762,450,684,485,751,470,713
this house is very big.
894,1058,1227,677,913,1091,1360,1187,684,728,915,1298,677,899,930,747,830,1011,962,995,1256,965,1505
458,637,481,543,754,623,492,516,554,439,732,496,542,735,676,457,461,481,799,674,492,555,765
what do they study.
nonsense.
655,1089,581,882,926,766,1300,909,896,1043,736,964,925,679,920,1137,777,1004,1344,1518,1100,1323,1115,807,736,1100,684,735,1361
455,619,560,469,753,548,519,751,481,627,455,464,775,562,445,455,567,469,703,555,722,466,718,647,439,721,551,453,740
the tv is broken.
858,1018,710,892,865,876,925,1168,690,895,983,811,1258,1210,741,1093,1346
457,626,445,725,465,683,778,496,578,759,689,474,509,628,479,746,763
we're late.
636,723,1489,796,720,908,1359,595,908,743,1420
454,455,665,482,462,752,629,562,482,465,761
which one is better.
640,1054,1214,846,1045,927,1297,1096,753,921,1222,695,920,993,756,890,897,741,830,1363
461,617,495,672,612,768,505,736,486,760,504,550,765,666,485,487,494,482,487,793
how far is it to chicago.
my father is a lawyer.
1069,1315,660,926,861,611,819,935,1247,703,936,1238,911,950,914,1324,953,832,1102,1250,841,635,943,1312,1376,1647,1221,993,961,866,611,917,1063,729,808,916,1277,677,880,602,905,1329,595,646,997,757,840,1423
667,524,491,772,610,577,491,773,531,568,779,523,503,776,498,522,787,707,643,511,716,587,598,522,757,621,735,490,793,607,598,515,655,460,482,785,520,570,764,587,773,606,584,488,495,483,496,787
have you been to boston.
1119,627,891,766,930,950,1317,1154,934,1000,784,762,1123,951,916,1290,944,978,1303,715,920,1310,1108,1390
654,600,696,473,787,521,557,570,808,693,501,505,750,833,529,549,808,734,565,626,534,548,785,769
where's the mail box.
663,1070,749,752,742,1509,676,953,895,1084,753,947,1262,614,1295,1378,954,1014,1362,811,1622
486,627,489,496,483,625,568,805,510,675,484,790,739,588,536,625,808,709,527,684,755
it's six am.
1313,880,1533,693,945,701,1262,767,953,605,1222,1441
447,498,627,570,788,573,457,699,807,573,724,724
do you like it here.
when does it arrive.
768,1353,941,962,1346,1186,942,1353,1252,1263,763,938,1259,904,949,1098,745,837,734,1477,1618,655,1121,743,1137,950,798,1359,773,717,927,1294,898,947,622,833,838,1294,917,786,1468
560,517,787,513,525,515,789,633,509,630,483,780,500,499,778,628,475,495,462,705,652,473,639,472,762,791,570,522,494,590,764,531,506,781,593,509,506,504,714,497,739
please speak slower.
1431,1341,752,616,706,754,942,706,1446,752,622,1308,952,709,1370,1382,693,757,835,1454
511,629,479,583,572,475,772,559,520,471,591,600,789,571,623,456,491,476,501,741
where's the closest restaurant.
663,1072,734,820,739,1513,688,980,921,774,939,843,1370,1364,730,775,746,695,907,938,816,751,681,885,602,1166,817,614,1142,943,1413
471,645,459,493,461,650,590,834,525,484,784,698,653,524,604,496,460,581,497,772,502,481,590,505,588,526,498,604,755,504,717
what do they study.
659,1058,606,890,948,785,1339,927,909,1075,755,1000,959,687,902,1185,806,1001,1440
488,640,578,503,783,600,511,767,518,672,491,539,791,565,501,608,607,518,756
i trust you.
1274,921,919,818,1180,682,888,961,904,1338,1184,1472
497,789,498,468,495,572,489,795,484,467,493,748
is john here.
my son.
1219,566,843,1129,1269,1046,1073,846,1084,655,742,663,1362,1591,1248,946,894,642,1342,1157,1457
502,554,753,599,491,591,730,793,627,466,485,457,742,640,760,471,798,559,524,697,793
cheers.
this is my mother.
753,1098,705,695,788,616,1428,1603,866,1110,1259,647,905,1303,636,897,1243,956,883,1209,1320,879,1103,643,745,1344
695,654,487,457,461,533,791,651,484,663,536,573,773,519,549,766,754,485,792,741,542,492,596,419,447,747
more than two hundreds miles.
1207,1336,740,672,873,834,1074,535,1108,881,847,597,1336,872,1108,1172,1125,749,799,712,733,652,903,1234,1248,1361,698,663,1395
744,507,457,443,741,466,639,546,774,762,482,449,552,762,665,527,731,567,474,463,572,560,786,765,506,557,446,570,800
it's not suppose to rain today.
1266,812,1491,623,894,1164,1367,845,881,655,1197,1438,1433,1359,695,651,714,903,873,1335,896,787,574,1321,1179,882,1403,768,600,974,1460
519,469,678,576,774,745,520,470,770,583,502,523,530,510,471,566,477,774,490,542,768,482,562,474,674,578,481,560,572,496,753
can you do me a favor.
761,557,1138,919,973,1340,1178,899,773,1362,906,1247,739,919,610,910,856,605,959,1391,814,1401
664,569,723,785,497,534,511,779,544,489,770,715,468,774,581,770,567,583,707,486,479,785
that's right.
828,1058,520,848,1569,603,920,773,1244,880,1071,865,1371
450,570,545,454,570,519,787,464,464,575,593,463,748
have a good trip.
1089,592,854,711,895,570,884,906,1372,1366,753,904,910,790,1294,1470,1528
603,578,673,424,769,560,775,561,500,505,561,779,491,471,455,513,708
the circumstances leading up to the shootings was not immediately available.
840,1051,689,890,780,1235,786,1161,1170,1227,659,904,597,1116,791,741,665,907,1345,722,596,774,1292,1159,918,928,1165,1428,924,933,1333,944,923,1113,759,934,695,1107,1363,1348,907,1272,1140,943,707,931,690,610,699,944,1136,1341,907,955,1298,1264,1266,749,780,1305,617,925,753,1389,992,945,605,888,599,1313,1399,622,990,1403,757,1572
463,620,446,760,665,524,467,518,483,733,547,474,569,731,683,477,532,763,644,462,564,592,538,711,577,788,542,518,775,487,518,766,500,629,467,780,540,616,512,527,485,492,681,567,560,766,468,563,542,751,719,520,485,769,477,703,704,446,552,471,564,458,422,615,462,753,562,674,569,488,586,576,677,608,453,757
generalizations of this sweeping order are apt to contain only partial truth.
903,720,1109,720,800,571,1324,1247,613,561,859,1210,1312,1111,646,920,1337,840,913,892,1077,1234,677,907,683,647,744,737,1438,1289,1173,924,917,1367,770,738,827,928,602,828,747,924,608,1447,912,936,905,1352,1378,929,828,1373,1165,908,594,1303,1147,932,1329,1130,1331,975,932,1442,596,829,904,1258,589,1339,921,918,822,1193,914,1114,1438
551,451,716,457,466,543,638,530,628,535,474,526,530,686,523,776,521,570,764,488,606,500,558,755,549,458,465,464,529,488,686,566,772,501,557,448,482,750,556,487,463,751,569,526,487,764,481,487,462,777,659,475,648,477,553,450,640,781,470,673,600,471,756,498,553,465,476,478,554,601,766,462,450,508,465,602,770
let's go.
are they the same.
1385,701,887,1495,660,911,919,1373,1554,562,572,829,738,926,909,1121,736,992,934,922,914,728,897,675,587,1215,727,1446
644,445,459,734,543,773,558,520,550,524,545,442,431,752,454,588,447,465,768,472,749,411,751,535,560,749,444,804
my throat is sore.
1265,960,939,923,1109,831,1405,612,941,937,1293,680,893,679,834,835,745,1458
749,465,762,468,664,464,524,569,463,756,505,551,742,552,476,478,467,808
that's too late.
the book is behind the table.
890,1091,574,904,1534,663,939,893,1318,1327,939,1366,617,924,753,1432,1669,899,1121,741,953,978,1361,1363,1295,962,1302,727,940,1017,780,1129,1291,1146,814,949,945,1106,774,951,937,613,1018,1386,767,1507
499,669,582,483,714,549,786,485,560,569,777,659,584,494,438,782,674,496,639,466,788,685,528,539,634,803,522,564,785,709,473,637,503,714,588,809,500,629,477,787,501,580,721,655,495,795
what do you think.
662,1080,607,924,975,783,1352,925,995,1339,1184,955,944,1090,1253,1122,1259,1424
477,649,562,475,764,557,515,773,489,516,520,773,482,626,505,730,637,757
they are here erecting a fine stone edifice for an episcopal church.
is there a restaurant in the hotel.
909,1082,733,1009,951,611,860,753,941,1097,741,841,752,948,759,853,774,843,961,1268,1159,984,972,612,945,887,1307,1194,778,955,743,948,1374,1178,795,977,829,795,1317,918,1311,903,823,979,888,1400,858,950,600,1167,955,759,1474,1299,686,1374,1398,1486,605,1399,955,833,1134,1310,836,1176,1151,1491,1607,1326,676,933,905,1122,723,818,738,944,616,948,851,769,693,912,612,1176,841,636,1165,942,981,1287,1162,979,935,1117,792,971,1102,1354,936,778,1389,1490
488,642,460,484,759,563,476,450,750,648,459,475,462,761,457,477,443,652,488,526,730,600,788,588,784,574,544,716,472,784,563,475,522,733,469,766,579,472,536,573,543,687,501,794,597,483,488,767,579,788,770,466,547,515,555,467,448,449,601,603,784,680,606,429,463,584,595,746,570,491,559,763,472,597,452,476,451,771,572,767,480,466,543,474,558,517,481,556,732,474,755,508,714,760,477,635,467,758,626,519,481,447,645,807
i want to contact our embassy.
1322,943,668,610,1115,916,966,893,1378,952,817,1377,1169,925,620,827,944,971,1381,1210,833,939,766,1257,1019,606,689,688,1017,1477
469,775,455,561,716,493,767,491,539,771,665,523,694,479,577,684,480,780,506,516,487,751,473,728,703,583,539,536,477,744
his own share in the proceeds was about a hundred thousand dollars.
1113,1281,687,947,1372,632,1142,945,699,1123,604,836,753,947,1334,1164,931,933,768,960,1491,852,1378,835,840,785,765,797,718,960,693,623,705,981,659,1024,1454,1272,991,1004,665,966,1141,1235,1180,818,873,797,814,963,944,1152,1412,1241,708,628,1210,796,957,799,1406,1392,1395,615,844,704,1512
621,501,569,770,485,457,711,785,563,627,571,472,449,764,491,703,766,480,452,764,501,481,512,696,695,499,475,557,554,767,473,565,540,760,573,671,479,464,473,768,586,788,637,502,755,564,476,464,570,755,473,618,515,502,558,585,724,553,783,548,476,626,630,582,483,569,731
is there an english speaking guide.
1361,696,946,899,1123,772,853,768,957,620,1160,951,759,1149,929,1422,1355,708,1144,947,691,1461,751,625,1295,1295,1167,944,946,924,1205,1320,795,685,1488
488,581,773,483,662,466,473,449,751,566,721,770,456,734,549,627,492,550,617,781,546,494,455,565,626,491,659,563,762,565,458,457,568,534,683
do you have a girlfriend.
795,1386,946,983,1357,1184,959,1109,671,956,815,930,663,914,980,1279,853,1384,924,853,1310,768,1161,808,1438
556,449,769,489,450,457,786,587,570,693,476,775,577,771,582,464,478,597,596,470,468,442,701,578,784
i'll call back later.
1317,1582,1359,1363,933,858,646,1373,1372,937,1028,661,866,1297,974,1388,660,954,798,874,1483
443,635,665,667,793,678,550,628,645,780,660,550,698,593,821,618,564,489,435,472,839
do you feel better.
i'd like some water too, please.
799,1367,979,1015,1349,1182,974,891,785,779,1400,961,1013,808,972,968,812,897,1420,1649,1296,1552,782,944,1375,1287,1298,774,924,711,1332,1218,762,924,675,626,936,773,855,973,971,1359,1349,1297,995,1476,1405,768,639,723,784,1499
584,454,793,498,454,458,784,577,468,472,633,773,684,468,486,485,457,465,780,634,457,620,570,793,627,492,599,463,757,550,484,665,448,755,456,546,461,436,448,767,467,487,505,732,808,472,621,455,575,564,452,790
everyday i get up at six am.
765,910,774,844,1052,764,602,1034,970,1332,968,787,954,989,1012,1232,1458,990,670,950,1001,725,1297,799,965,642,1291,1477
446,681,466,463,462,542,569,481,771,454,576,449,469,790,872,418,508,824,555,458,751,544,465,684,773,565,713,722
if you like it i can buy more.
1333,848,948,975,1368,1216,983,1380,1306,1306,791,979,1301,947,982,1321,991,908,695,1201,1000,1048,1254,1025,1010,1308,1420,894,829,1482
490,574,767,478,491,491,804,621,493,616,472,783,485,489,794,463,797,683,581,738,814,711,482,500,794,722,484,493,484,783
where do you live.
it's there.
734,1162,798,873,790,1000,841,1382,1009,997,1375,1231,995,1388,1306,998,825,1479,1674,1333,937,1572,737,982,964,597,770,866,786,1535
484,581,473,485,442,793,588,498,807,492,505,486,810,629,481,731,477,790,610,487,473,631,551,792,497,485,434,468,442,822
is it raining.
1284,695,971,1301,906,956,832,644,1306,1162,1334,1199,953,1504
468,558,796,460,489,759,475,570,447,660,443,683,559,675
i made a mistake.
come on it's just a cruel joke perpetrated by the airline industry.
1310,983,1268,658,821,797,963,665,979,1258,1310,748,943,655,1290,788,1452,1645,854,1406,1275,808,987,1405,1205,991,1329,961,1604,742,988,1303,1298,781,994,1032,687,1009,900,874,1247,790,1439,994,1269,1421,1341,797,993,1487,804,887,1516,821,968,890,675,962,797,814,1005,1055,980,992,979,1160,805,969,646,1303,874,1363,1270,1161,776,985,1273,1187,826,1204,730,940,853,1047,1510
473,802,703,559,544,469,771,563,787,726,505,556,477,574,623,464,732,590,687,486,697,474,805,489,703,824,483,500,618,549,792,626,493,579,498,803,589,804,697,467,448,449,594,815,618,465,589,448,805,479,448,468,461,458,463,450,567,469,434,528,784,642,429,790,481,627,462,775,580,483,484,618,497,667,463,784,472,711,552,499,563,482,460,487,798
thanks for everything.
931,619,591,1150,1284,684,976,858,1358,836,981,804,939,815,875,1020,910,1103,1248,1138,960,1434
484,572,538,723,601,524,782,562,497,462,801,448,689,475,474,469,468,632,459,704,552,740
nice to meet you
1164,1351,852,767,914,897,1381,924,1311,752,761,902,963,968,1366,1201
705,440,680,433,752,465,465,762,732,438,430,450,790,482,470,485
please count this for me.
1467,1399,741,611,677,736,966,877,1340,1205,1184,921,971,925,1122,1295,704,957,882,1371,859,965,1280,780,1498
453,636,432,540,527,445,770,622,484,470,730,460,772,481,588,437,549,762,580,460,456,769,704,458,682
will you pass me the salt please.
682,1325,1399,1407,975,979,1383,1210,986,1470,641,728,718,967,1278,796,974,937,1148,785,980,731,655,1428,959,979,1501,1441,806,669,737,800,1500
448,439,567,581,802,467,465,484,806,429,569,548,546,798,693,464,789,490,631,454,785,564,585,628,504,789,488,660,477,587,569,491,772
i'm looking for the post office.
1237,1515,1197,834,1339,1337,1342,1276,1279,1141,819,856,760,1339,749,844,848,1090,682,873,1435,1330,623,803,885,1306,785,782,1241,740,673,1408
463,603,757,872,674,519,536,630,499,709,639,860,658,538,512,846,523,609,521,810,493,516,597,500,823,442,575,597,426,691,493,757
i want to contact our embassy.
i've been here for two days.
1257,856,579,509,1103,834,858,831,1299,854,726,1327,1133,847,549,721,866,881,1318,1173,769,851,695,1219,938,542,621,624,942,1356,1570,1287,1502,831,678,838,933,713,716,1141,850,1082,688,789,692,894,808,1335,801,893,880,596,1381,889,749,580,971,662,1400
455,844,481,592,693,521,803,519,525,789,750,525,719,495,608,705,494,841,502,507,511,789,487,732,738,599,581,580,508,799,561,492,616,749,483,803,724,474,485,799,807,657,475,495,457,789,605,524,493,790,510,454,464,829,575,569,492,560,806
it's half past eleven.
1305,851,1506,625,909,1127,579,1367,791,882,1400,578,618,858,900,691,1352,696,854,699,1168,1460
434,466,611,542,805,601,561,605,568,763,475,560,483,443,770,435,565,427,658,429,745,721
would you like to go for a walk.
607,1360,1200,1417,737,918,920,1390,1245,903,1411,1325,1323,751,908,895,1395,913,926,1387,910,853,1389,824,914,614,903,642,583,1431,1341,1455
452,473,455,579,558,777,488,437,447,746,554,425,574,448,759,466,423,740,584,447,769,567,440,455,758,571,766,451,540,610,629,733
for how many nights.
how strange it is that our dreams often prognosticate coming events.
820,1345,791,900,1132,1365,634,907,1275,587,1163,972,918,1163,1295,920,1145,931,665,1422,1604,1182,1403,637,910,676,916,798,592,1142,930,769,940,1295,909,969,1306,707,933,920,1112,615,924,963,1366,1212,840,928,778,834,764,615,1258,694,944,1394,862,937,770,1190,951,1462,829,1381,947,1195,1397,699,913,1305,820,613,921,754,952,807,1352,1243,1303,1178,937,946,772,922,780,1179,919,721,1523
578,486,462,756,599,463,453,788,690,542,707,444,771,721,481,567,573,448,537,682,561,591,454,460,769,573,488,458,558,726,592,482,775,499,480,770,469,564,756,476,580,558,479,762,473,456,467,746,547,456,441,555,679,556,750,441,548,450,435,722,787,484,464,469,564,728,476,553,465,472,704,574,466,457,776,703,495,667,479,645,578,789,469,693,464,724,486,548,726
it's ok.
it's too late.
1307,858,1521,626,920,1346,1333,1429,1549,1280,866,1553,666,940,884,1359,1355,924,1421,608,902,759,1470
486,454,612,572,771,508,614,746,610,490,461,602,568,769,467,495,508,774,609,578,466,466,776
i'm getting ready to go out.
would you like to watch tv.
1361,1584,1273,940,932,737,897,882,1312,1179,924,944,828,749,610,767,1016,960,937,1360,933,979,1362,955,1342,1198,949,1359,1612,640,1384,1238,1408,783,960,959,1387,1240,945,1389,1319,1317,788,958,943,1395,936,701,627,927,823,1179,951,936,919,1454
456,595,692,782,540,447,456,466,494,693,550,772,481,465,568,551,463,786,481,532,770,597,501,794,507,501,496,703,598,440,510,490,615,564,786,478,489,502,774,606,480,622,459,783,487,495,752,461,546,466,659,627,770,476,697,765
did you send me flowers.
771,1310,782,961,994,1377,1213,977,727,790,1190,826,1000,1295,798,1019,914,1398,1393,723,795,873,738,1467
533,480,539,796,484,501,507,808,577,472,702,562,814,733,452,801,589,644,509,471,456,476,574,706
what did you do last night.
i'd like to rent a car.
703,1171,644,955,994,819,1274,817,978,995,1351,1200,984,828,1352,975,1385,656,735,972,1000,1171,1286,968,1139,980,1402,1604,1301,1529,708,965,1471,1363,1370,758,935,922,1388,936,809,745,1187,895,941,617,939,822,625,827,1488
466,600,574,466,753,579,527,553,776,488,508,520,802,568,484,778,624,579,571,476,773,714,488,575,573,471,703,587,508,615,569,790,601,465,596,464,764,468,463,751,463,443,712,465,759,559,751,666,577,456,663
he's very annoying.
1174,743,1540,684,954,933,748,848,1006,959,633,1188,1178,1389,1002,1310,1177,941,1472
592,435,624,525,785,664,451,448,475,777,580,726,743,494,475,499,702,559,679
isn't it.
when would you like to meet.
1296,708,1166,1539,884,956,1313,904,1439,952,685,1166,756,1211,926,673,1395,1239,1417,809,958,965,1396,1251,953,1413,1342,1334,793,956,941,1400,963,1324,763,766,908,1512
495,555,730,622,481,794,515,492,704,798,483,604,465,723,765,462,523,520,607,566,782,485,502,516,777,620,496,625,497,757,482,500,757,697,458,464,476,708
my car was hit by another car.
1290,989,980,838,612,848,986,676,626,700,980,1148,1294,904,977,1033,1032,1003,624,1144,1347,904,1125,768,854,976,832,644,846,1438
709,479,784,688,570,463,759,475,582,548,768,635,481,468,804,683,477,809,570,687,443,467,584,443,462,789,676,555,461,762
when does the plane arrive.
649,1119,736,1169,968,807,1375,766,718,949,926,1114,773,945,1446,1362,644,1150,787,965,645,856,849,1295,912,798,1447
445,601,448,723,791,534,474,448,560,758,496,594,453,755,494,609,572,721,476,781,578,496,492,487,705,481,730
how does it taste.
the child was very sharp, and her memory was extremely retentive.
1168,1396,699,953,813,1389,771,711,945,1327,919,960,904,630,713,942,764,1485,1687,898,1155,747,963,837,1130,1259,1360,803,973,708,647,725,973,904,791,866,1052,1017,732,1135,638,871,1460,1298,977,613,1186,788,954,1170,750,836,953,1250,753,1251,1383,841,998,980,693,624,717,954,780,800,938,838,783,1257,783,1372,1020,1011,874,793,957,788,1173,924,1292,919,798,1471
637,501,474,789,588,515,458,561,759,482,489,763,484,583,569,487,450,753,579,477,601,459,785,672,612,457,569,593,796,461,573,559,788,681,471,456,472,822,548,620,558,459,427,733,786,564,652,551,768,567,443,465,763,694,439,732,463,466,472,798,451,552,547,754,452,657,482,460,458,711,463,639,471,807,474,449,476,443,724,464,503,695,461,769
where's the pharmacy.
663,1173,738,820,734,1512,686,994,896,1161,776,971,1486,1167,626,839,1307,646,827,1027,1472
435,555,436,448,419,563,538,794,468,584,458,766,439,563,561,462,686,556,677,459,735
here it is.
1129,740,809,729,942,1277,889,937,1289,1426,1529
599,447,462,431,758,460,463,771,464,733,689
i remember.
thank you.
1357,960,830,755,1290,743,1268,934,751,829,1438,1633,862,1145,612,1163,1328,970,939,1380,1220,1435
458,791,450,451,690,445,690,678,450,463,708,541,450,579,558,707,572,799,479,482,492,684
why did you say that.
660,1162,997,985,808,1316,801,971,992,1208,961,724,663,1055,1053,985,1155,644,642,1000,1473
443,565,465,785,549,460,528,771,469,458,780,569,567,468,777,481,578,551,550,444,750
good idea.
it's mine.
971,1370,1400,822,973,1323,843,790,644,1432,1608,1330,909,1557,726,984,1291,1338,1197,801,1476
550,464,476,538,771,460,548,439,567,659,556,448,446,576,547,754,697,504,692,463,759
my cell phone doesn't have good reception.
1307,1014,1019,890,810,1409,1423,993,1442,1133,1337,1171,815,996,846,1383,808,760,1180,1590,949,1002,1169,711,991,838,981,997,1412,1422,856,986,903,823,844,812,1497,966,1273,1370,1186,1488
705,462,774,721,455,569,575,785,495,614,486,713,463,794,559,505,452,549,751,618,483,801,598,558,680,456,774,585,481,493,589,789,486,448,659,462,478,480,485,488,660,700
excuse me.
waiter.
793,774,836,1213,725,778,972,1294,779,1463,1547,700,639,1340,924,790,855,1496
452,698,676,460,579,452,764,698,455,729,528,458,540,367,447,437,446,702
i've heard texas is a beautiful place.
1358,1518,958,807,994,1168,796,650,882,823,1004,968,790,798,650,731,1006,1339,751,997,662,1000,1050,800,669,1224,885,1315,966,911,1216,1408,1565,1398,672,864,791,1530
468,644,694,449,783,585,438,558,463,557,763,479,426,625,556,563,800,477,543,764,555,794,678,432,554,487,466,462,462,581,472,548,366,565,555,671,445,651
do you need anything else.
837,1387,985,1030,1385,1255,977,1206,836,828,865,995,699,1203,1023,964,1157,1301,1191,1007,1011,843,1401,758,826,1507
570,484,769,499,454,458,762,650,458,462,558,774,555,694,461,471,595,448,679,570,789,466,568,559,457,704
jonathan, choleric with indignation, stood by his desk, clenching his hands.
i'm ok.
1294,1401,1208,679,977,1193,682,1219,1348,1030,915,1219,1453,1455,791,864,1342,846,975,702,1324,931,1153,985,1339,1224,835,1348,971,1223,644,955,1319,1416,1226,1326,1017,731,948,1406,1407,815,996,988,1022,981,1152,1315,724,995,824,789,723,1344,1349,972,872,1406,803,1217,845,1166,1320,1215,949,971,1189,1333,733,977,1179,658,1173,824,747,1403,1502,1379,1573,1304,972,1439,1371,1480
611,482,683,563,463,565,553,708,713,818,668,535,405,561,435,466,442,683,775,448,461,466,558,769,449,669,542,449,565,698,554,464,468,485,627,703,803,530,443,486,500,530,795,685,476,753,627,449,551,802,547,452,548,577,678,767,672,585,474,702,660,602,468,666,540,771,587,453,551,776,591,544,692,539,544,680,541,433,579,711,791,462,571,699
at what time did it happen.
624,916,968,673,1122,627,917,985,929,1314,1242,769,964,797,1302,797,949,1307,920,956,1150,632,1473,1453,770,1172,1485
539,423,715,415,571,530,429,730,434,453,626,420,748,515,461,514,752,448,445,752,591,543,443,445,424,719,700
give me the pen.
951,1342,948,791,952,1279,771,982,977,1137,989,977,1461,755,1161,1466
532,446,694,430,770,686,433,752,464,590,736,757,417,383,691,728
happy birthday.
1169,610,1496,1485,986,982,995,1320,851,982,1159,821,668,1033,1429
579,521,471,474,445,755,646,416,425,426,531,531,499,417,702
what's up.
i have a lot of things to do.
674,1114,622,924,1546,700,981,1185,1446,1418,1562,1288,965,1135,665,977,817,965,687,1391,1442,1435,924,980,1427,911,962,958,1171,1324,1204,987,751,996,976,1387,983,852,1440,1429
426,541,526,433,615,532,769,481,473,683,578,454,700,587,531,672,430,769,568,585,587,440,460,769,449,563,753,467,558,447,658,548,525,794,479,466,765,543,409,703
give me the pen.
983,1339,987,848,994,1292,836,997,1012,1161,849,1032,1503,837,1193,1492
549,449,700,435,785,679,443,765,467,578,433,783,437,419,686,695
are you going to help her.
my throat is sore.
464,705,608,828,828,1303,1140,856,848,1310,1228,1120,866,879,848,1291,1097,673,667,1342,1408,882,1119,754,1409,1348,1505,1243,900,896,851,1102,762,1307,563,886,899,1258,661,890,658,1357,790,712,1409
559,425,421,745,441,489,503,765,536,495,467,626,542,785,455,484,577,440,432,587,483,793,577,462,726,683,566,682,448,759,446,590,436,495,546,450,740,493,522,740,513,482,447,429,712
what's the address.
589,1167,562,843,1505,612,912,858,1124,714,901,592,745,750,802,719,667,662,1410
429,570,543,429,599,541,754,446,582,409,733,543,522,509,442,424,517,516,760
do you have a girlfriend.
my name is john smith.
749,1353,927,885,1363,1196,933,1133,625,919,766,917,602,919,939,1272,822,1375,873,827,1357,747,1178,788,1411,1617,1310,949,925,1148,633,1269,764,900,1322,703,896,1179,1397,1145,1175,927,705,1257,1310,916,1152,1435
542,511,794,452,441,445,793,565,559,656,444,775,550,786,556,483,435,600,559,451,441,435,674,549,723,596,721,467,776,732,559,748,469,773,511,543,771,606,502,601,759,806,543,699,485,466,586,712
behind the bank.
957,756,1167,1312,1187,802,934,924,1145,783,950,990,628,1172,1343,1442
724,457,630,491,661,580,785,484,599,492,775,680,578,729,587,710
the arab league has already suspended syria and imposed economic sanctions.
is it suppose to rain tomorrow.
899,1146,739,910,598,806,588,1012,915,1333,730,609,937,1213,759,922,1191,628,702,917,619,1404,842,778,645,804,1009,975,726,1228,717,1478,774,1186,819,797,834,971,757,1029,904,1332,679,976,671,1224,832,961,1358,1300,1504,1411,740,790,826,981,805,848,1414,1234,1417,1307,1366,863,968,739,642,1270,858,955,1338,1425,1244,714,1446,1598,1368,714,955,1362,905,953,711,1273,1505,1509,1408,711,775,951,926,1427,964,836,650,1353,1224,962,926,1426,1312,1444,828,833,1430,677,1454
461,591,452,752,554,450,526,712,788,605,455,573,562,481,445,785,590,575,522,771,569,592,484,473,585,575,482,765,576,495,561,476,462,660,582,467,599,791,564,479,449,526,573,795,588,695,569,788,478,659,502,449,567,451,585,781,463,678,482,688,486,681,458,690,800,555,549,616,678,455,418,412,552,541,680,591,441,575,783,453,476,765,558,447,465,468,480,569,445,744,464,444,743,457,562,458,593,781,481,452,639,443,463,465,464,462,741
i'll talk to you soon.
1341,1563,1390,1401,955,911,629,1385,1318,964,911,1383,954,954,1383,1232,947,712,1393,1390,1199,1450
460,629,607,620,794,473,566,616,617,793,476,496,769,489,480,472,776,540,449,448,668,697
do you have a pencil.
788,1429,972,969,1409,1259,981,1191,677,960,796,944,665,938,1515,768,1225,860,1341,1431,1472
567,450,801,471,449,464,788,589,597,665,454,771,584,774,437,466,672,678,446,574,694
how long have you been here.
let's go.
1221,1445,674,962,1433,1447,1250,951,957,1231,686,965,807,959,972,1396,1257,1039,813,806,801,1209,952,1204,773,864,780,1448,1610,1387,731,894,1519,694,964,952,1367,1453
581,446,453,777,580,432,664,549,771,537,567,675,449,777,460,455,470,657,458,463,453,724,788,589,446,467,455,672,586,535,413,441,535,544,796,544,453,656
the minute stain on the document was not visible to the naked eye.
what's the charge per night.
913,1137,747,960,1261,1316,1153,1212,911,755,943,722,922,644,1334,1192,995,1393,1186,971,926,1166,778,973,807,1396,851,1241,1318,805,1199,957,1002,729,659,742,989,1229,1435,923,998,961,1353,741,1337,1018,1406,774,961,944,1405,963,947,1168,795,967,1210,655,1359,791,820,958,806,1010,822,1419,1674,715,1174,676,958,1525,748,992,964,1156,807,978,875,1193,662,880,1021,816,996,1521,805,893,990,1208,1346,990,1190,975,1460
443,575,440,769,699,437,648,423,469,444,749,539,444,578,465,640,797,463,624,788,461,536,455,764,550,454,657,443,658,456,676,454,759,438,551,520,741,667,462,454,763,673,457,550,462,692,590,437,775,465,456,752,467,573,429,771,708,543,560,453,570,763,449,477,457,717,585,471,598,578,474,595,568,770,488,605,449,765,672,551,577,461,601,467,747,506,452,466,750,694,457,553,577,459,628
i have a lot of things to do.
1348,971,1177,698,981,834,968,696,1460,1454,949,995,983,1423,890,974,947,1159,1311,1196,963,738,964,943,1400,975,829,1398,1454
453,798,542,558,697,467,788,578,584,473,483,784,829,438,567,794,472,554,446,634,552,567,785,474,470,772,584,455,677
an honest, quiet laugh often mantled his pale earnest visage.
waitress.
652,1203,961,1182,1407,1198,783,726,935,1394,983,639,1264,1346,797,934,995,1409,688,1278,983,1224,998,1450,919,981,821,1245,1000,1325,694,1238,973,1444,809,847,1008,1221,1396,750,1001,1521,670,1476,801,995,797,668,886,1230,728,943,938,1025,944,1363,745,680,981,804,1458,1569,689,628,1407,904,842,776,700,700,1469
584,633,799,559,447,685,459,571,480,711,792,490,489,469,435,452,756,556,553,463,560,575,770,458,557,452,454,677,766,675,558,697,477,560,447,572,765,598,451,533,774,464,553,581,448,781,426,535,455,683,531,469,469,802,712,440,553,577,550,445,699,520,449,559,398,461,460,436,536,536,726
is there anything cheaper.
1369,696,950,914,1135,764,844,759,973,632,1183,996,931,1152,1311,1174,975,988,856,1175,792,642,1483,794,865,1485
426,524,746,448,520,426,446,425,735,526,655,456,451,588,429,635,543,786,638,558,448,548,448,438,443,734
right there.
i'll have the same thing.
809,1331,931,1150,936,986,925,1142,764,858,774,1454,1631,1325,1578,1420,1415,963,1205,672,931,798,953,951,1151,805,951,732,656,1250,788,962,928,1165,1340,1189,952,1459
440,454,573,545,431,761,464,553,426,449,406,736,601,468,583,588,599,772,576,551,667,448,765,470,564,447,736,544,573,673,456,753,465,590,463,644,541,740
there has been a car accident.
it's not too far.
909,1141,782,863,790,974,1143,649,718,933,985,771,750,1127,927,655,915,848,632,851,983,644,833,835,1312,784,753,1167,939,1424,1611,1307,889,1527,695,964,1176,1371,899,967,915,1371,1365,957,854,637,834,1465
464,532,454,463,443,757,568,546,543,754,673,425,417,713,755,550,750,649,555,407,764,543,657,659,444,543,423,709,456,732,542,465,449,621,537,777,677,481,459,753,465,474,488,763,546,545,444,736
forget it.
i don't have enough money.
853,1385,825,921,757,906,970,1320,907,1439,1572,1279,955,785,1363,1161,1487,892,964,1172,665,926,787,940,768,1187,1370,1219,933,955,955,1285,1398,1188,987,987,1478
543,483,444,545,445,440,741,445,449,695,559,437,766,532,458,644,623,451,776,579,553,673,446,759,437,676,495,486,557,748,762,653,439,622,446,447,672
are you ready.
i'll talk to you soon.
595,822,742,955,952,1348,1195,945,831,745,602,773,970,1389,1607,1301,1513,1390,1390,928,871,595,1401,1323,918,946,1357,955,961,1373,1227,955,727,1411,1422,1235,1502
536,434,412,751,453,462,478,754,445,426,553,537,436,681,559,439,549,573,580,772,450,550,576,542,748,449,465,753,462,443,445,756,531,428,423,638,651
do you have any money.
792,1420,958,959,1416,1240,994,1195,682,967,807,976,677,1193,1001,993,1294,1408,1199,806,1014,1488
527,445,786,444,425,426,775,558,559,664,431,763,554,679,433,720,672,451,639,420,444,689
can we have a menu please.
836,629,1170,968,706,783,978,1183,685,994,837,981,696,962,1290,787,1171,1226,953,1476,1404,776,661,736,787,1512
647,539,656,771,414,407,731,545,543,653,448,776,556,763,690,433,678,438,755,416,540,429,547,522,425,695
waitress.
i still haven't decided.
685,635,1351,899,830,770,700,691,1480,1619,1337,960,715,911,1340,1421,1414,969,1208,687,942,809,1233,1570,946,986,823,769,851,1341,812,776,807,1447
435,527,415,443,436,411,497,486,696,579,462,780,517,448,438,580,591,768,558,533,661,443,676,592,453,747,528,417,662,359,536,429,516,702
i came with my family.
1357,953,861,648,1339,778,923,707,1370,918,969,1330,1011,1004,1003,886,675,1290,1357,1428,988,1515
413,788,676,528,661,455,745,441,452,474,745,657,468,750,822,552,543,685,449,532,461,752
it depends on the weather.
thank you very much.
1404,921,972,813,784,1507,796,1310,833,747,972,1423,1246,963,950,1202,808,979,729,803,669,944,1205,801,890,1458,1583,949,1206,677,1248,1381,1005,985,1434,1278,990,954,825,899,1057,1046,1316,1286,899,1234,1460
425,467,770,545,446,446,449,642,554,535,770,491,631,761,481,570,455,748,450,428,543,461,594,432,457,673,583,468,589,542,721,571,775,470,483,493,782,663,452,477,486,804,675,487,692,585,731
what's your favorite food.
711,1220,672,952,1537,751,1000,1005,1390,1256,876,1000,911,693,986,1429,873,1366,970,816,994,912,1464,1463,828,1421
442,554,544,450,574,525,784,488,497,500,466,773,560,560,680,460,472,462,483,457,796,583,397,412,541,702
i think it tastes good.
do you have a pencil.
1346,976,934,1179,1332,1217,1358,988,1332,911,961,919,646,715,931,778,714,973,975,1408,1401,814,1415,1582,798,1379,969,978,1370,1206,974,1150,695,968,803,944,665,939,1473,786,1172,849,1304,1409,1476
484,791,472,579,463,643,560,792,474,476,762,471,558,561,475,429,527,748,551,453,462,553,657,573,539,482,771,474,467,463,778,558,583,695,447,771,559,772,456,461,660,680,454,572,689
what did you do yesterday.
690,1168,645,937,1020,831,1318,826,1005,1007,1380,1222,1006,854,1403,1002,1035,821,762,965,810,900,853,692,1018,1486
445,541,544,465,765,522,447,522,768,472,426,460,764,533,415,765,482,420,550,459,406,441,543,549,463,721
is anyone else coming.
the accident happened at the intersection.
1404,691,933,632,1227,989,1388,1182,796,973,798,1402,728,794,985,893,1399,1308,1339,1224,983,1489,1689,952,1199,797,1004,675,869,873,1355,821,791,1220,943,1001,1233,692,1504,1495,786,1238,786,822,989,689,947,1003,958,1153,813,990,1313,1207,964,804,891,715,782,865,955,1305,1389,1182,1458
424,512,736,533,628,445,430,592,430,731,418,565,515,415,729,646,410,611,417,587,528,617,537,451,564,443,771,551,640,640,421,539,437,635,468,757,555,523,445,462,429,641,423,544,780,550,460,755,463,564,426,745,450,645,469,444,456,542,446,636,464,452,450,592,710
who was that.
672,1162,1411,969,670,643,725,986,958,1160,659,940,1462
438,556,441,779,430,551,532,704,439,520,523,440,704
even the staging displays symmetry, with actors lined up on either side in formal precision.
753,905,778,1206,962,941,1179,775,964,709,907,617,964,1329,1220,961,971,815,1346,737,1504,1426,655,1019,774,978,761,1028,1310,1311,827,985,898,1071,1339,1047,759,1422,970,1235,1011,699,898,972,1433,887,761,1004,1437,1353,1232,809,834,1001,1242,1505,993,1415,1229,990,809,1373,958,1202,810,894,995,775,1386,855,826,1001,1378,1232,1018,916,1445,891,1321,692,1455,986,1509,886,824,880,1370,753,1346,1439,1271,1473
428,676,462,646,783,495,539,447,753,537,466,559,570,481,648,562,791,556,441,536,451,594,561,462,554,780,539,471,675,669,445,456,446,496,686,794,440,458,482,558,756,544,638,459,460,460,532,742,607,481,657,451,547,739,491,480,745,461,627,735,444,447,471,559,448,468,747,546,394,557,445,753,422,612,774,560,429,462,667,549,578,754,443,474,449,644,428,539,443,436,616,706
i believe you.
1277,833,973,686,1382,1311,726,929,772,896,933,1370,1225,1452
405,770,679,383,575,416,410,647,430,788,467,446,443,660
the americans are seen as naive malleable tools in the hands of the brits.
but it is hardly necessary to dwell on so normal an event.
889,1140,715,898,596,1231,716,781,1297,767,591,1169,644,882,592,788,727,897,675,723,707,1192,896,605,677,892,1188,611,1295,885,768,900,1263,622,1401,1396,722,598,983,1388,723,916,901,1373,1381,1413,675,911,1352,1234,927,898,1154,739,923,1162,622,1175,773,684,901,1408,845,911,908,1166,772,934,1006,837,1307,919,702,1439,1655,996,1238,938,940,1322,714,920,1332,721,912,1192,645,840,786,1397,981,958,1209,770,834,758,686,688,602,831,1005,998,975,1396,806,697,772,1427,1423,945,1414,1230,945,719,1414,1454,952,1213,1454,860,1308,662,1451,971,636,1249,960,771,924,786,1223,946,1454
459,539,427,739,527,640,429,438,455,676,542,640,530,751,540,441,437,715,539,444,429,674,738,542,527,740,670,544,486,679,447,763,671,552,584,597,408,526,639,570,422,766,444,479,482,592,518,744,459,667,769,462,569,435,755,575,552,690,524,524,757,500,533,763,453,570,460,765,655,439,470,464,534,674,540,720,465,505,786,450,566,766,434,551,761,542,560,467,539,588,455,763,684,435,675,436,561,570,554,456,447,775,462,478,543,440,429,579,585,780,468,655,788,564,472,448,793,678,443,479,687,569,587,816,559,680,803,437,696,463,684,501,751
