when did this happen.
i'd like to make a phone call.
563,1036,637,1021,872,747,1188,730,869,888,1031,1172,649,904,1039,540,1359,1351,688,1031,1240,898,1205,1629,761,888,1292,1190,1192,714,919,822,1296,909,1097,547,1147,698,875,534,870,1374,1019,1270,1023,682,864,790,562,1212,1222,1273
473,621,444,761,779,548,477,521,769,493,655,481,549,780,647,577,509,514,455,753,776,791,483,567,532,772,589,498,626,464,849,501,486,796,752,601,606,481,789,617,805,513,669,490,775,482,798,742,589,624,629,791
that's too expensive.
what are your hobbies.
801,1019,499,797,1503,604,863,814,1237,1233,857,674,682,1395,661,1077,632,1182,837,680,1276,832,585,1039,503,808,830,508,739,649,816,888,1224,1093,743,849,1024,1232,935,924,1147,668,611,1314
499,653,581,487,536,528,760,492,488,491,770,438,674,460,434,748,562,479,707,467,741,766,482,663,559,498,751,570,485,449,730,500,491,520,477,767,655,493,719,716,501,446,536,676
would you like coffee or tea.
that's too late.
590,1329,1157,1300,737,845,871,1280,1104,847,1281,1187,1191,659,832,783,1237,804,788,676,677,829,1275,741,828,806,657,488,1304,1656,791,1044,497,778,1555,592,821,784,1262,1264,849,1275,498,797,650,1292
473,473,477,599,551,759,501,481,502,756,616,506,638,446,747,690,523,563,561,451,456,751,483,488,749,503,441,548,729,545,497,606,581,491,559,523,747,488,479,481,769,581,577,503,449,753
how many languages do you speak.
stop.
1055,1286,585,829,1156,508,1059,859,851,1310,537,1084,855,1093,504,874,676,617,848,712,1293,837,858,1299,1139,852,610,1390,645,496,1203,1331,1646,617,807,1318,1392,1342
610,473,465,745,754,606,752,509,764,567,588,762,607,534,597,613,460,553,757,524,474,767,501,489,507,758,557,505,458,569,597,729,576,568,500,492,498,691
does that old notion that defense wins championships still hold up these days.
724,1255,635,561,795,791,1040,499,780,802,1252,1266,709,791,1063,1263,778,1145,1274,1045,813,797,1028,496,799,821,729,666,781,670,1039,600,677,849,597,1185,1064,628,821,775,1060,517,1173,1389,1287,1333,1129,618,1096,1243,1414,613,836,610,812,1205,1310,1310,828,1092,1295,1308,728,827,1140,1418,834,821,1070,673,597,677,835,731,546,866,628,1416
567,494,469,551,742,515,665,579,511,748,506,662,542,749,802,497,506,527,490,771,766,517,666,584,513,764,573,481,573,465,807,564,492,803,481,480,744,568,781,725,634,579,810,512,448,508,758,569,644,476,501,578,774,570,520,535,617,625,781,647,517,630,567,774,540,514,784,527,666,479,558,484,771,588,581,535,576,802
how long have you lived here.
1073,1278,591,817,1290,1258,1073,839,840,1040,530,826,640,811,872,1260,1111,828,1271,1175,860,639,717,812,1065,645,734,648,1311
649,505,500,768,649,541,769,582,802,674,596,716,460,762,521,530,559,775,632,532,770,442,598,777,682,455,493,454,829
what's this.
587,1057,503,804,1555,610,832,808,1061,1197,617,1313
488,657,594,521,600,554,789,525,663,515,569,761
who's that man over there.
608,1058,1274,1582,622,830,814,515,818,837,848,1156,517,1097,832,1259,882,650,750,822,836,1048,663,745,651,1390
491,649,497,604,567,779,530,582,527,781,809,796,587,835,800,547,788,467,516,801,547,687,464,505,464,726
try it on.
where did it happen.
788,708,856,843,1148,768,828,1212,1008,1231,1563,575,1030,659,737,646,815,733,1155,717,812,1163,789,815,1006,497,1335,648,1020,1115,1345
526,487,512,772,507,503,764,522,773,746,578,479,647,463,501,460,764,596,514,567,764,512,521,768,676,559,528,448,762,764,791
they're very busy.
771,1032,636,863,1557,733,644,830,882,646,732,879,856,928,1086,607,861,1257
513,631,455,532,597,497,461,807,787,450,498,530,789,758,530,559,514,774
may i speak to mrs. smith please.
1136,505,885,853,1193,844,616,1370,681,513,1170,815,824,1256,821,1131,742,595,1296,813,611,1145,1179,800,1046,829,1342,1348,658,491,607,693,1308
716,562,530,793,504,796,566,514,477,579,612,773,519,521,777,774,505,578,755,764,572,762,531,517,663,775,538,580,465,559,588,493,790
the roads are slippery.
807,1051,650,819,739,1288,500,678,580,809,496,728,625,836,584,1298,1218,1396,1376,638,714,854,1295
521,630,462,756,500,503,570,545,560,757,568,510,472,793,566,624,473,487,506,474,492,522,815
how's the weather.
are you ready.
1046,1293,587,1573,631,835,826,678,837,604,677,510,823,813,1074,676,761,1308,1559,529,764,672,832,883,1291,1133,853,753,667,491,686,852,1309
647,508,486,599,595,787,541,471,781,501,479,560,534,534,665,474,509,786,606,578,524,474,787,546,523,548,785,519,476,554,546,516,771
i'm just looking.
1180,1586,1160,837,1123,1120,632,834,852,1271,1285,1257,1190,1182,1081,866,1320
538,601,784,783,680,554,582,528,791,679,532,616,678,559,789,604,771
great.
she's an expert.
903,777,666,515,819,1442,1530,601,1045,664,1541,603,840,516,1095,845,671,708,1411,675,747,837,1359
645,529,466,574,528,803,583,572,627,473,608,559,784,585,775,791,479,752,498,477,509,528,779
he's very annoying.
1065,687,1583,624,847,900,709,780,917,879,537,1079,1087,1308,877,1188,1067,915,1308
649,471,596,574,792,769,483,513,536,786,619,829,818,491,511,522,736,645,769
they're waiting for us.
i forget.
843,1052,693,907,1525,757,661,833,610,525,1166,813,1304,1128,892,873,798,1299,770,855,1152,668,1332,1547,1224,859,826,1281,773,915,726,861,1355
535,665,472,524,618,502,461,789,493,586,549,526,478,780,635,824,592,545,505,792,534,623,786,635,526,815,633,550,522,651,491,544,795
do you know where my glasses are.
761,1294,871,945,1276,1111,833,1207,1056,1254,619,839,617,1041,696,783,706,838,1178,927,866,917,1295,560,649,648,700,638,715,849,554,774,679
579,539,816,548,543,533,810,649,821,545,502,809,510,707,489,536,485,803,812,532,828,654,671,613,621,630,512,621,531,804,578,530,496
will you hand me a towel please.
556,1176,1284,1284,818,883,1259,1101,868,1020,524,1038,732,842,1115,673,834,525,836,830,1222,617,695,1259,845,1318,1234,670,525,624,700,1302
493,492,583,611,823,502,491,506,795,660,588,807,572,786,793,464,769,590,771,534,549,501,485,681,791,546,683,474,581,621,512,798
the minute stain on the document was not visible to the naked eye.
he's a very good student.
813,1046,673,838,1151,1197,1065,1110,798,659,828,600,811,510,1166,1043,839,1292,1092,835,825,1040,667,845,720,1252,767,1110,1151,673,1101,835,853,595,514,643,847,1088,1315,834,871,870,1207,637,1199,938,1263,708,853,850,1259,867,849,1039,710,868,1094,532,1175,653,731,856,701,923,694,1346,1556,1064,690,1578,616,843,549,836,887,670,749,943,890,905,1271,1277,698,821,624,848,1109,713,668,1084,831,1337
539,648,478,774,748,502,768,525,525,467,765,559,506,577,506,760,779,490,740,784,527,660,469,767,578,520,757,541,753,464,808,511,772,495,584,618,772,797,522,521,788,736,539,559,548,727,659,494,790,540,567,796,535,701,486,786,816,580,680,473,590,803,484,544,487,817,598,649,482,598,569,772,582,783,733,480,500,532,791,658,531,529,537,798,583,523,530,598,500,804,528,786
what does this mean.
have you been waiting long.
606,1038,531,847,857,726,669,615,835,851,839,1027,1228,624,835,1135,643,480,1077,1351,1626,1058,519,842,655,819,908,1262,1107,829,887,658,668,1082,816,585,511,1257,813,1234,1077,868,850,1291,1287,1058,857,1387
503,659,588,544,791,595,491,585,770,824,522,646,488,590,796,786,481,572,827,791,598,659,572,745,488,771,525,513,541,807,714,488,504,813,807,526,593,472,523,497,755,633,813,592,496,803,610,858
can i access the internet here.
are you sure.
707,462,1033,778,1214,787,459,703,693,629,561,557,764,749,1052,591,761,1179,1037,745,603,679,1078,587,771,831,1048,618,704,623,1309,1564,462,715,611,822,857,1256,1096,827,595,1098,739,654,1332
799,610,826,832,484,827,616,767,777,533,620,623,807,558,679,510,791,507,797,542,489,522,808,489,532,798,688,487,524,487,784,607,603,544,507,783,554,512,541,796,591,564,531,501,750
what's the temperature.
573,1066,493,814,1582,581,815,795,1101,639,801,777,635,1158,1360,640,707,465,778,1122,703,607,1327
539,682,622,558,615,586,805,560,636,502,805,557,489,820,525,502,530,591,537,566,524,493,807
they're planning to come next year.
771,1028,598,872,1588,694,587,796,1338,1256,466,1077,1078,1204,1046,823,830,770,1229,797,757,1225,1112,612,805,1052,627,641,829,825,825,604,468,691,1390
554,696,505,557,628,531,494,804,558,655,623,808,800,535,807,617,834,548,573,797,720,584,814,505,809,818,501,738,572,835,543,500,619,532,744
someone does that for me.
598,1257,1131,620,1273,1066,599,808,695,1251,617,578,790,783,1037,472,781,803,739,1245,689,784,1149,597,1385
626,568,808,506,557,840,497,810,672,579,515,629,795,563,733,604,566,804,656,569,543,795,847,512,819
his room is very small.
1053,1194,561,782,695,1253,1261,1142,785,1198,580,783,838,624,689,893,848,569,1162,465,1307,1301,1325
672,529,599,806,536,558,558,813,815,551,615,811,785,522,532,555,814,604,818,604,629,649,821
i'm thirty two.
do you like your boss.
1194,1580,1143,822,832,1036,1171,728,864,927,882,806,599,1235,1269,1559,711,1269,828,906,1255,1093,838,1272,1184,1180,642,821,919,1237,1077,689,828,901,1258,597,605,1300
538,636,830,821,583,704,548,550,570,597,825,573,544,572,803,623,674,577,831,562,555,561,817,692,562,707,511,807,582,576,601,539,814,781,554,600,649,809
he's right.
1052,647,1612,597,826,738,1201,868,1049,836,1434
698,499,627,628,810,555,558,655,712,564,704
what time is check out.
586,1025,510,815,860,811,1163,1127,663,840,1173,610,819,779,1026,800,1186,1175,831,1288,1095,1254,848
534,706,608,549,803,553,559,805,512,807,560,628,810,758,699,807,696,663,845,508,525,525,542
where would you like to go.
549,1012,631,713,620,848,545,1300,1139,1281,713,809,928,1250,1099,833,1272,1197,1181,632,814,858,1245,832,925,1259,1385
538,666,518,543,518,880,528,509,534,665,637,821,555,537,548,844,686,546,687,511,818,567,571,831,731,563,879
i'm american.
he's in the kitchen.
1186,1559,1175,812,497,1141,649,722,1191,741,499,1084,1322,827,1044,622,1521,578,803,1162,1062,798,823,1043,646,812,1202,1182,785,762,1041,629,1060,1379
524,641,825,824,607,819,515,537,561,773,619,883,842,843,713,514,626,603,807,580,830,805,568,732,512,784,683,564,550,785,712,503,862,849
i'm going home in four days.
1174,1589,1160,805,839,1274,1197,1094,838,846,1020,1302,1183,645,798,1219,1069,793,775,1260,1080,690,783,666,474,854,583,1342
479,598,827,828,648,517,527,818,654,853,684,463,820,502,810,551,833,830,636,509,525,537,812,620,635,538,629,885
which is the best.
538,953,1137,780,1029,842,1249,542,832,829,996,610,827,896,645,594,845,1360
523,734,500,815,633,895,430,612,835,546,658,497,812,711,502,598,532,831
when will it be ready.
508,1006,607,1028,816,531,1229,1318,1331,832,1225,805,876,967,647,838,732,642,462,682,940,1333
512,677,499,804,827,524,486,667,670,843,522,526,871,793,512,841,556,524,629,610,541,840
what do you think.
550,1006,495,857,890,731,1300,855,974,1294,1098,858,842,1042,1213,1118,1248,1459
525,686,632,574,835,625,524,860,543,520,527,846,559,697,570,861,720,850
are you busy.
it depends somewhat on usage and on euphony or agreeableness of sound.
526,787,655,866,946,1261,1083,854,988,1134,622,959,1330,1601,1209,845,865,708,663,1390,641,1129,720,605,836,615,1306,1218,643,580,510,836,875,1295,1104,846,1101,583,599,491,889,636,852,519,1083,678,842,1327,1112,846,634,1121,1409,1067,1358,1137,982,885,1284,750,882,528,927,777,655,642,479,931,1291,625,1092,607,592,593,841,1297,779,850,604,1258,1078,1072,674,1311
626,536,514,796,546,497,500,842,791,505,618,543,829,677,538,561,828,620,531,475,511,823,638,624,835,635,541,826,510,545,637,547,815,512,826,845,530,627,618,669,656,507,825,652,889,601,852,523,868,840,507,551,470,627,475,840,527,856,525,556,848,627,675,555,508,512,619,753,716,495,845,484,625,634,831,543,612,845,620,564,575,874,580,850
the arab league has already suspended syria and imposed economic sanctions.
768,1001,586,814,452,693,446,909,834,1267,618,460,856,1075,630,840,1033,491,597,832,486,1244,718,620,467,644,941,882,568,1095,1361,621,1064,1094,660,603,657,820,569,960,786,1224,467,875,502,1130,693,854,1210,1205,1421,1296,623,561,646,864,645,778,1301,1114,1332,1169,1206,723,791,581,471,1105,743,836,1230,1285,1096,605,1342
551,695,485,781,615,531,627,745,827,655,481,619,631,520,493,822,698,626,609,828,631,699,535,499,628,578,543,820,622,575,530,507,847,858,563,444,614,806,563,519,481,513,635,829,627,830,578,827,543,817,513,537,483,458,581,738,454,761,525,848,511,841,542,728,799,578,598,830,754,539,522,544,794,626,859
i've already seen it.
1215,1535,618,785,797,480,1269,698,577,442,626,899,875,517,591,605,1060,805,1198,771,1343
531,627,498,795,806,605,673,541,488,607,597,534,783,602,519,519,873,776,541,525,818
these buildings were grand and stylized with intricate details and a bit of an imposing presence.
770,972,606,559,617,816,935,1057,1169,1248,729,1143,1014,862,632,831,590,669,749,653,820,857,715,476,1084,709,809,502,1077,691,833,591,838,910,1247,1189,541,640,683,853,588,1190,817,1000,861,1159,1017,798,695,1133,766,503,813,641,822,719,626,817,496,1155,1219,579,831,482,1039,658,821,472,811,914,1150,788,835,1205,757,827,496,1032,819,1124,1103,1302,1186,594,1144,1023,839,848,1362,687,588,580,614,1033,732,630,1258
484,607,423,541,442,714,736,498,462,577,550,496,724,591,558,751,477,464,496,454,748,612,482,538,759,549,743,559,773,530,801,553,481,501,578,471,711,489,621,802,532,480,543,640,791,506,769,540,507,525,761,620,528,487,773,607,487,532,601,525,632,600,792,625,810,554,797,616,805,728,527,522,765,522,617,808,613,828,805,543,810,499,543,599,524,733,610,796,520,514,477,590,477,830,729,501,836
how much do i owe you.
1004,1238,549,813,1189,1153,762,1019,813,706,1243,814,1163,827,1241,555,640,821,883,901,1061,1217
630,478,493,772,708,402,719,622,783,616,501,781,500,793,502,512,490,789,516,752,506,492
what is today's date.
when does it arrive.
511,997,431,784,836,1219,577,810,813,1265,669,502,877,1547,563,832,692,467,820,632,1287,1621,537,1009,608,1029,841,711,1238,624,584,859,1195,825,886,490,738,731,1150,879,632,1333
472,621,574,515,784,495,592,790,528,511,589,623,522,613,611,795,595,621,524,488,828,588,509,622,483,769,812,623,532,504,612,813,529,544,819,635,546,545,541,817,509,851
what day of the week is it.
565,991,477,820,844,706,512,887,849,1295,785,865,843,1038,653,854,570,651,667,1180,845,1205,594,850,1195,844,1308
520,692,615,555,794,648,629,523,813,525,629,815,577,674,502,798,527,497,501,655,796,520,600,808,540,547,822
what time do you go to work everyday.
594,1030,503,828,878,823,1172,1120,646,861,727,1272,865,937,1261,1092,828,920,1257,899,801,1292,889,636,1288,733,1184,849,622,911,647,735,945,728,533,906,1393
513,664,618,542,783,553,522,788,502,801,611,513,839,543,498,494,830,684,539,842,517,474,827,521,504,525,601,807,481,766,468,532,522,579,627,520,842
let's go have a look.
how much does it cost per day.
1283,654,852,1580,590,858,895,1303,900,1082,539,894,676,858,507,855,1302,1297,1301,1235,1352,1594,1064,1290,587,853,1274,1218,790,1054,855,762,1312,696,657,864,1234,882,881,859,1310,654,889,914,1391,710,797,898,815,572,983,1345
610,486,519,620,599,822,660,495,848,666,601,740,481,770,617,809,681,505,507,667,790,636,660,510,529,807,762,444,762,659,818,640,514,521,637,819,531,556,834,756,533,606,538,807,543,503,544,805,610,624,546,854
while each animal wandered through the maze, its brain was working furiously.
719,1110,1266,1327,793,917,703,535,770,1057,834,459,1132,1218,1215,474,1310,812,522,440,1092,660,618,676,607,690,800,858,1069,752,1283,1126,905,1047,875,894,1042,678,841,1188,540,618,682,1303,842,1297,836,617,854,930,760,516,1271,1149,851,605,508,641,838,598,1313,735,1253,1250,1144,881,875,802,1159,749,1237,1293,1151,619,1358,919,1370
545,641,524,630,518,836,517,667,792,703,894,689,860,553,829,683,689,887,580,695,873,666,537,559,501,644,870,575,696,561,502,519,681,713,863,574,728,527,822,829,636,747,537,795,847,428,573,610,836,771,562,616,479,731,847,543,639,631,846,538,502,546,611,516,739,657,855,634,520,560,517,493,503,605,606,533,783
what's today's date.
527,1006,446,800,1527,548,857,783,1235,667,484,850,1511,564,851,670,425,774,591,1433
517,668,612,560,624,586,814,552,555,611,635,548,624,624,824,601,649,560,513,921
yet fox needed all the strength that he could muster.
863,637,778,896,801,1277,674,871,1054,625,628,687,640,681,829,480,1234,1238,813,792,1011,616,829,572,769,696,605,1046,821,793,1007,866,783,1025,460,771,838,1041,617,816,740,1228,1095,1257,688,827,1121,1080,590,798,624,700,1295
558,493,529,827,672,499,738,833,799,524,533,639,544,644,810,663,625,633,809,596,678,551,807,644,581,567,551,813,660,592,707,868,594,674,668,603,826,724,561,820,735,569,581,689,642,841,782,615,655,603,564,579,812
why did you do that.
564,1037,862,885,754,1184,713,847,870,1240,1074,727,1251,882,849,1027,535,842,1320,1846
583,719,629,857,690,580,666,851,635,582,620,669,592,874,635,741,678,630,855,585
why not.
are you here alone.
607,1039,901,910,1052,1257,875,1594,1529,535,774,675,878,900,1275,1109,896,1052,689,785,697,874,529,1261,1099,1113,682,1346
607,717,644,880,879,571,634,653,687,680,626,581,861,645,595,622,881,747,588,616,592,852,694,653,856,862,587,822
how do you pronounce that.
1063,1282,610,896,758,916,965,943,1307,1142,923,1393,740,1294,1084,1253,1118,1067,803,701,883,832,1067,530,845,1311
752,575,603,882,699,887,935,640,561,578,909,635,608,617,845,625,657,853,889,629,885,654,772,702,660,851
it takes three hours by car.
he needs some new clothes.
1216,791,876,807,1189,644,854,597,845,806,1012,681,601,606,837,964,1247,1054,689,558,846,912,884,905,785,550,759,1325,838,998,647,836,655,660,660,699,598,833,599,1263,1172,663,854,1100,649,571,831,778,1297,1272,846,1007,647,616,1340
546,609,880,620,669,551,871,676,874,635,721,616,578,586,918,742,539,564,611,684,906,855,614,893,837,717,635,884,890,770,591,885,585,586,598,689,701,889,711,636,886,603,902,897,599,625,877,838,744,582,649,755,577,706,864
does it often snow in the winter in massachusetts.
674,1250,618,562,847,1171,835,828,1268,793,862,683,1084,864,616,1274,1283,576,870,1174,1105,830,815,1008,669,863,596,1128,994,835,687,771,869,1114,985,859,1077,537,648,642,535,768,979,1039,626,674,815,798,608,1375
680,561,582,679,868,588,921,931,583,715,615,563,936,875,678,575,609,589,847,658,865,881,488,623,426,781,457,472,792,512,443,479,775,487,798,785,743,568,574,570,566,646,662,526,568,446,499,490,537,749
high doses can have adverse effects and even cause death.
988,1163,891,869,874,763,1255,611,676,613,850,788,567,1091,855,1039,566,860,659,836,537,715,837,631,722,603,654,855,651,784,788,663,751,829,610,851,522,1071,731,850,692,843,660,1084,847,782,522,1131,591,669,854,730,689,524,828,1059,1307
632,490,617,772,769,588,483,567,465,559,748,695,567,786,760,648,565,744,469,748,565,553,713,444,469,569,471,751,452,598,576,437,676,506,555,739,551,764,556,743,481,702,460,787,753,731,579,492,575,477,762,593,495,571,510,648,764
bring me my shirt please.
926,745,1240,1099,884,867,1174,690,853,1212,918,903,630,1092,1247,776,874,874,1383,691,1274,539,635,708,1436
733,486,469,708,609,775,739,467,756,769,539,775,575,635,476,503,534,759,500,467,582,577,590,489,675
i only have five dollars.
1260,893,1343,1091,1376,982,945,1092,527,883,702,867,836,1243,905,709,882,768,1322,1319,1322,554,802,657,1365
460,788,478,772,591,529,849,627,581,734,505,818,626,520,781,517,823,624,493,636,643,616,550,607,791
i'm single.
sorry, we only accept cash.
1237,1594,1160,896,651,1250,1139,930,1314,701,1351,1619,688,1270,749,764,945,1227,889,606,696,885,1320,1108,1344,969,927,521,806,805,699,1385,882,926,829,546,656,1089,1376
539,617,801,813,620,495,749,644,638,485,818,607,643,534,525,545,540,847,817,533,510,813,525,833,622,544,838,615,784,793,532,544,553,847,809,672,673,690,783
he'll be back in twenty minutes.
1061,659,1593,1320,1312,892,981,657,915,978,559,847,1266,890,1254,1106,883,915,624,710,1130,871,986,941,1209,1258,1145,1152,901,704,648,1362
654,469,622,616,626,830,789,480,856,819,618,784,613,871,511,796,862,571,524,512,829,555,558,851,793,481,774,509,559,488,598,782
can you help me.
can i use your phone.
830,579,1130,883,1002,1342,1159,905,1134,709,1324,1411,912,1226,710,1379,887,839,599,1122,896,1279,899,1159,641,704,892,976,1310,1132,785,926,1458,1065,1301,1071,709,1317
777,597,820,825,553,503,509,833,709,500,633,532,828,816,502,757,816,781,631,878,830,537,843,550,644,520,801,560,546,551,544,844,509,713,540,873,495,837
in three minutes.
do you like the book.
1244,1112,927,899,1102,805,715,711,914,1191,1238,1144,1178,885,734,670,1363,1372,682,1317,876,891,1318,1156,859,1298,1229,1201,866,867,863,1050,696,901,956,1267,1398,1258,1399
502,779,795,555,667,520,474,482,788,724,525,763,543,564,486,591,788,805,544,472,786,498,483,485,786,615,489,619,776,811,521,680,465,856,751,527,397,584,791
what time did you go to sleep.
do you know how much it costs.
544,1025,472,822,867,809,1179,1158,627,858,754,1262,721,928,925,1330,1173,926,907,1363,946,923,1363,947,707,1360,715,730,1445,1410,1638,759,1317,920,985,1336,1159,940,1250,1146,1331,631,895,1063,1320,656,918,1193,1151,830,1062,967,1245,924,952,835,1312,671,906,661,1387
521,681,625,543,832,555,570,851,502,856,610,489,607,817,500,515,477,869,645,505,830,537,515,842,654,724,505,513,520,789,628,593,558,814,533,527,488,842,656,828,514,520,795,693,521,541,816,811,554,826,709,877,512,566,866,807,531,697,590,656,824
i'm bored.
male or female.
1232,1604,1191,973,1066,1355,843,738,819,1388,1687,1236,620,1359,748,934,1315,842,939,906,764,1221,584,1317,740,1389
537,642,862,885,848,527,598,539,680,805,647,838,671,659,539,853,588,583,837,708,551,854,664,702,548,811
i'd like to make a phone call.
did your wife like california.
1272,1611,791,920,1333,1222,1353,1254,723,932,1311,956,1189,585,1231,751,946,587,1411,1075,1094,1306,1096,771,950,881,632,1322,1345,1370,1625,789,1227,769,991,970,1290,1101,776,954,635,1200,877,715,914,1310,1206,1210,715,909,851,587,1284,1191,837,1260,785,1107,1181,540,1340
574,645,667,873,697,581,559,689,549,831,594,856,851,663,675,554,858,664,569,726,754,591,859,550,859,800,685,736,868,863,645,633,525,600,809,524,485,532,551,868,546,558,693,542,845,684,561,711,540,837,786,680,757,595,665,574,582,906,608,678,856
try to say it.
772,632,895,910,793,1255,846,544,461,845,898,1162,792,1294
444,421,448,728,464,500,738,599,599,490,756,520,488,840
i want to show you something.
1207,824,479,387,1052,773,853,777,1253,839,570,1005,1292,532,850,896,1255,1054,554,1259,1127,1130,610,794,1025,1180,1065,870,1327
580,783,493,597,847,517,796,522,525,789,617,716,521,506,788,525,540,546,611,536,810,829,483,519,680,521,809,619,810
my house is close to the bank.
1121,898,862,971,1254,1047,512,559,798,1161,543,798,749,1264,1242,528,576,798,844,1263,849,833,963,592,829,922,483,1070,1226,1332
801,512,803,677,473,488,580,471,773,505,597,803,739,676,515,612,496,808,531,550,809,556,703,483,814,792,620,845,657,849
sorry, i don't have a pencil.
557,1302,727,725,919,1244,885,1216,858,708,1321,1092,1621,852,895,1043,483,863,658,836,460,828,1461,618,1096,752,1242,1340,1409
619,527,523,519,526,848,851,558,821,590,546,820,659,501,823,700,648,762,498,840,608,835,517,486,855,756,449,602,830
start the car.
567,813,448,682,827,917,863,1074,678,889,849,530,777,1359
587,488,583,486,477,753,498,650,439,754,690,585,511,786
he's not in right now.
926,576,1524,549,817,1048,1271,723,829,1206,1054,827,727,1183,854,1017,793,840,1031,1235,548,1261
586,425,561,554,790,792,467,450,795,487,767,796,492,505,611,660,500,784,793,517,484,803
fill it up, please.
i'm very well, thank you.
768,1217,1311,1301,809,1250,812,870,1113,1434,1263,826,1384,1307,639,480,585,636,1351,855,1262,1580,1220,824,894,643,728,963,939,594,661,1323,1322,1253,851,867,1057,1096,1252,1259,887,902,1244,1086,1369
561,457,563,586,770,468,512,788,479,429,755,790,481,671,447,584,586,469,803,797,500,601,789,789,767,465,501,526,781,481,472,624,625,818,813,546,657,755,622,601,817,510,458,480,767
when does it arrive.
there's a restaurant over there, but i don't think it's very good.
539,1032,607,1050,838,708,1320,613,581,836,1220,790,856,476,711,710,1225,879,659,1314,1570,818,1084,627,732,626,1611,592,834,496,834,727,626,581,797,468,1132,703,472,1088,820,874,1298,878,649,737,838,833,1059,641,726,639,1250,840,914,1147,830,873,1262,853,741,1319,1102,1566,856,882,857,1068,1245,1114,1222,870,1244,854,1619,639,864,917,701,765,949,1000,1339,1328,754,767,1413
464,637,436,795,772,566,505,457,568,770,539,489,766,576,505,505,525,730,459,829,635,500,626,452,489,443,597,557,774,597,768,501,467,566,487,586,543,489,587,802,503,770,522,733,465,503,758,514,694,474,495,466,836,768,744,552,508,773,508,777,593,521,797,616,529,783,535,666,552,809,664,795,524,525,616,607,803,743,501,518,866,660,428,445,577,576,766
my father has been there.
1174,965,936,843,550,889,1030,667,753,868,1092,497,615,875,941,688,682,1089,856,862,1062,693,780,687,1425
800,489,784,654,597,533,658,469,487,770,654,626,612,808,712,497,495,824,788,555,661,492,522,500,797
can i have a receipt please.
827,517,1129,873,1254,910,1066,593,905,707,887,535,877,772,675,806,699,1235,1427,859,904,1423,1319,696,532,656,698,1393
778,627,852,811,492,785,684,642,770,519,802,630,814,545,507,714,504,456,444,508,791,503,646,492,609,617,512,797
what's your email address.
614,1077,554,885,1613,626,905,987,1316,1141,750,900,673,1208,523,1355,1416,885,545,763,759,834,715,640,646,1468
525,666,634,534,620,601,809,534,501,488,510,797,499,813,642,420,568,802,623,617,620,550,513,616,620,765
i'd like to go for a walk.
1255,1581,695,859,1333,1208,1244,653,854,889,1313,925,968,1313,916,852,1298,785,889,513,881,594,498,1310,1219,1378
475,618,563,817,654,520,644,495,785,525,478,808,662,508,827,621,533,543,808,639,819,524,626,655,644,750
about three hundred kilometers.
it's half past eleven.
526,963,1318,1133,870,922,874,1047,765,672,664,873,1072,1103,1093,770,758,662,669,805,1226,1210,1315,1302,1169,659,843,674,750,585,1365,1650,1254,778,1535,593,866,1038,473,1312,748,847,1404,472,589,791,843,609,1306,646,857,647,1102,1327
610,755,438,484,512,777,532,680,498,465,473,778,682,493,800,579,530,460,625,866,661,539,674,559,810,508,546,491,514,600,848,646,480,521,621,626,813,685,631,628,606,804,502,630,608,528,791,487,658,517,760,495,836,811
are you allergic to anything.
450,742,617,922,911,1293,1129,859,497,1314,1312,627,727,868,1264,819,862,917,1333,904,551,1098,958,834,1042,1216,1074,1461,1379
594,508,468,778,507,466,474,785,599,651,650,469,517,611,524,697,802,521,518,841,625,834,531,507,706,534,818,826,848
there's a restaurant over there, but i don't think it's very good.
805,1046,652,739,639,1585,576,851,474,851,714,617,573,781,473,1163,700,461,1104,783,866,1312,884,641,729,857,831,1078,638,741,638,1226,867,951,1163,856,887,1279,853,721,1334,1101,1545,812,869,821,977,1144,1006,1107,894,1147,847,1506,643,855,930,716,783,937,913,848,1265,1268,694,1387
544,652,469,506,468,580,570,758,616,767,518,474,570,521,608,528,509,598,803,510,777,546,767,484,521,776,530,660,481,520,482,803,793,740,541,532,782,517,779,578,522,785,646,525,780,440,600,401,711,545,747,473,484,548,529,715,707,447,473,500,741,579,469,468,512,715
how many miles is it to pennsylvania.
1035,1274,574,839,1135,510,1061,848,878,1133,1190,1285,641,593,843,1196,606,842,1199,796,857,810,1260,862,1381,654,1054,1054,597,917,1259,881,558,1055,1158,575,1295
607,458,473,739,739,617,819,505,769,700,536,604,445,552,734,538,553,732,532,489,747,496,541,753,567,454,777,772,560,534,640,740,609,796,563,628,779
yet fox needed all the strength that he could muster.
877,687,823,891,816,1266,712,886,1079,672,684,753,670,731,883,536,1288,1286,851,815,1056,658,867,623,828,734,628,1055,873,839,1032,874,804,1016,524,826,880,1032,648,856,811,1238,1107,1271,730,863,1133,1082,643,864,678,761,1297
505,448,489,771,589,532,692,773,795,451,455,565,438,564,778,606,601,590,750,493,662,449,750,563,508,479,457,827,600,525,712,779,517,686,620,513,763,686,478,759,714,544,605,691,559,786,872,583,617,539,492,505,818
i haven't had lunch yet.
1205,865,1039,514,836,629,1054,1561,785,859,1060,464,690,830,1291,1109,1068,755,1016,934,1021,675,828,1324
522,795,692,612,720,492,853,630,522,801,712,615,579,808,699,558,838,775,711,809,545,468,496,849
i still haven't decided.
1273,860,611,829,1289,1353,1355,888,1114,530,859,665,1091,1589,814,894,740,694,814,1290,761,690,728,1385
483,797,612,538,573,662,664,814,697,620,728,503,876,660,546,822,648,531,827,521,681,540,658,880
i haven't had lunch yet.
1252,882,1089,497,852,648,1122,1597,852,854,1093,504,714,859,1326,1148,1120,1077,880,932,920,701,850,1380
519,823,687,622,735,509,870,669,548,816,676,627,595,834,662,564,839,723,847,892,521,475,505,825
i've never done that.
do you study english.
1264,1587,910,644,830,1104,632,876,661,756,884,767,1348,1154,692,873,859,1096,568,857,1357,1544,761,1318,941,997,1327,1157,914,666,911,1143,758,996,1001,722,1091,912,1299,1193,665,1068,1331
512,632,810,513,833,868,512,838,498,545,842,645,553,886,527,839,590,764,646,583,856,620,694,516,859,558,512,517,881,687,575,579,656,584,857,568,933,676,765,619,676,761,893
see you tomorrow.
the cars are american.
664,721,714,1002,967,1388,1205,941,902,1358,1215,1434,817,833,1380,635,1413,1654,889,1131,715,940,865,615,843,694,947,597,825,714,935,1220,715,801,813,1280,870,602,1140,1375
656,563,577,829,572,522,526,861,597,572,810,491,594,597,586,563,830,708,609,732,553,847,800,714,612,691,883,695,616,568,863,890,562,595,604,584,845,702,896,813
sometimes i go to sleep at eleven pm, sometimes at eleven thirty pm.
626,1278,1181,693,850,1300,1231,685,621,893,1329,912,949,1350,934,920,1356,708,738,1337,730,737,923,587,573,891,935,699,1340,703,917,708,1136,882,1428,1208,1311,906,694,1298,1199,730,869,1226,1174,718,675,902,565,884,926,721,1307,701,905,752,1132,900,901,1086,1214,788,894,987,1003,1397,1199,1400
630,567,856,537,584,479,798,519,632,841,553,852,679,581,868,573,569,693,544,723,559,567,864,687,673,597,843,555,699,551,799,540,911,885,615,885,887,872,701,641,887,587,625,640,882,573,696,892,713,618,872,604,776,591,807,598,906,878,638,807,664,609,617,633,899,660,916,891
who was that.
584,1040,1300,878,592,486,616,896,845,1024,525,843,1398
569,715,568,862,579,683,664,861,598,775,671,597,912
how's business.
what do you want to do.
1041,1310,586,1551,610,911,983,1147,652,1257,1091,692,619,625,1323,1660,610,1061,533,871,923,764,929,949,965,1337,1173,889,585,519,1107,870,959,860,1363,930,768,1344,1326
668,472,542,653,646,884,806,550,654,558,848,544,640,650,865,603,569,718,680,569,830,664,876,876,565,564,544,864,562,663,883,587,899,619,597,876,627,598,849
what time do you think you'll arrive.
583,1084,541,858,940,866,1215,1179,676,901,781,1284,941,1006,1283,1108,958,884,1054,1217,1091,1252,792,806,1238,1067,1325,1240,1245,810,452,708,712,1255,835,570,1358
543,711,659,569,843,584,609,857,530,852,659,648,871,584,626,626,880,600,752,629,886,669,903,556,514,525,644,748,736,824,630,519,532,539,787,494,854
the minute stain on the document was not visible to the naked eye.
the book is next to the table.
781,1006,657,875,1155,1260,1111,1114,815,640,866,603,813,510,1237,1098,909,1325,1122,898,852,1043,655,764,732,1331,847,1156,1220,682,1113,904,995,527,456,596,878,1127,1321,849,925,872,1272,590,1268,923,1303,623,865,871,1288,904,855,1070,660,873,1095,492,1238,618,697,913,700,960,690,1379,1563,831,1045,619,889,968,1348,1346,1240,902,1279,597,872,1117,648,726,892,935,819,1281,891,822,988,647,892,821,512,950,1335,625,1361
518,646,469,790,825,479,794,507,548,502,786,596,538,657,538,778,827,573,821,821,568,731,501,544,596,429,777,496,770,494,878,541,811,510,638,607,814,809,524,527,826,737,525,632,519,805,679,518,807,530,504,793,520,695,465,784,851,630,666,488,590,837,484,525,489,865,649,566,700,505,810,783,516,500,621,845,503,608,824,853,494,773,585,837,574,570,825,577,762,526,817,575,648,795,635,506,829
please call me.
1393,634,480,594,597,646,885,789,520,1351,1354,895,1222,659,1351
563,511,656,636,644,530,815,797,652,675,671,827,885,514,851
she's going with me tomorrow.
just a moment.
615,1044,646,1558,611,909,905,1325,1282,1131,913,947,624,1255,860,1048,906,1181,658,904,877,1312,1171,1332,742,746,1334,576,1410,1589,1193,1152,649,865,923,550,912,1218,1341,1221,715,1119,864,1409
647,683,523,664,630,838,646,521,493,772,654,856,544,448,562,697,815,837,520,814,570,515,789,543,549,549,573,547,876,702,695,523,644,563,810,660,834,841,534,816,530,856,584,781
do you understand.
727,1360,916,978,1340,1140,871,1144,1108,729,682,792,606,878,516,1109,712,1357
604,386,835,528,446,454,793,484,811,649,496,524,654,559,689,903,649,842
do you know what this says.
679,1301,843,896,1325,1155,868,1255,1110,1314,595,838,606,1030,512,840,980,868,1069,1228,595,883,613,545,939,627,1370
650,517,889,564,505,510,870,665,886,529,571,814,568,707,649,571,846,546,659,469,633,850,646,675,558,624,920
are you busy.
282,558,438,697,723,1301,1138,758,911,1135,522,847,1336
562,465,445,725,499,471,439,771,807,461,603,537,829
as soon as possible.
i usually drink coffee at breakfast.
444,569,805,552,1312,1310,1116,793,415,532,773,1422,1296,510,526,1227,899,1271,538,1295,805,1201,804,1102,559,1114,396,1246,1242,821,844,607,669,1184,1024,1144,851,756,1340,753,760,644,656,888,466,766,828,923,694,580,432,1230,745,489,597,795,1329
597,609,811,603,505,511,847,785,625,603,780,518,487,592,604,500,752,656,489,849,815,546,815,598,602,601,641,725,757,540,823,611,536,636,906,731,838,742,484,618,631,520,540,842,654,544,796,755,558,511,628,646,645,637,647,578,871
what time did you get up.
509,1026,448,777,834,759,1220,1158,588,820,701,1231,676,857,867,1258,1096,865,910,640,806,868,1124,1367,1313
516,676,619,553,794,551,502,800,503,803,628,524,615,826,575,558,550,853,687,531,561,796,574,530,820
how was the trip.
965,1262,484,813,503,412,570,907,787,1024,591,841,777,674,1193,1380,1381
703,478,495,811,506,621,602,871,551,668,496,813,530,526,492,484,852
how many miles is it to pennsylvania.
1032,1300,474,800,1128,446,1035,911,888,1139,1185,1295,624,565,846,1206,555,850,1185,828,883,933,1286,924,1392,696,1044,1105,609,940,1342,886,515,1121,1264,448,1370
673,492,501,809,834,643,886,528,813,776,513,649,482,626,829,558,604,820,589,546,795,553,523,812,531,482,831,800,600,545,615,779,634,867,479,626,883
humanity, when surfeited with emotion, becomes calm, almost phlegmatic.
1053,1093,1214,454,1094,1179,785,877,1249,863,570,1004,626,1037,844,612,1111,707,777,648,1197,790,641,691,850,572,1165,791,980,843,639,1174,1288,784,1203,1388,1135,1294,853,964,653,787,1303,1216,641,619,836,784,511,1335,1224,1309,840,489,1325,1195,1332,609,820,881,1416,1045,1273,632,862,1190,479,827,1197,779,1332
700,507,810,648,856,527,559,555,890,846,545,747,508,896,831,628,531,543,678,525,565,560,495,610,847,551,560,578,749,832,523,870,547,567,558,486,862,847,838,753,527,746,474,807,518,652,833,792,642,727,894,886,837,630,724,861,562,630,555,803,525,717,693,510,656,868,630,560,601,783,882
would you like to rent a movie.
having put him in ill humour with this retort, she fled away rejoicing.
573,1267,1089,1279,711,845,912,1291,1097,839,1247,1158,1182,828,824,1305,841,843,714,621,1059,774,864,480,844,1199,1363,869,1225,637,1346,1572,1070,522,847,1309,1137,853,862,1429,1152,796,854,1054,1212,1225,837,1233,1124,835,1232,1311,1310,854,1051,1110,1209,1325,1135,743,829,568,1187,802,1031,809,1028,1039,1182,616,856,747,639,850,1291,733,857,1243,883,628,1022,661,868,813,1273,652,742,877,532,592,502,947,937,754,666,1118,1295,1204,816,1222,1091,909,1296
524,530,531,684,603,831,550,536,563,830,750,577,711,812,582,561,820,832,559,512,888,570,861,644,842,883,510,822,574,515,867,667,741,640,788,510,857,679,880,522,530,561,837,697,543,825,829,572,824,834,572,694,717,863,704,569,830,556,578,568,835,543,564,580,731,596,752,756,579,619,843,572,521,592,581,556,568,864,857,653,789,531,837,649,730,525,649,861,659,563,656,587,838,568,531,778,597,582,828,590,841,678,834
who is it.
he's very hard working.
496,1026,1281,844,1191,574,828,1181,797,1297,1610,1062,617,1534,582,853,931,641,730,1003,949,1075,511,783,728,887,593,1270,749,1189,1186,1077,921,1287
502,659,500,834,510,617,822,539,576,818,629,696,513,626,637,843,829,518,561,541,811,713,629,555,628,876,548,571,564,692,609,867,701,867
how much will it cost.
the entertainment sector there is booming, while pakistan's is moribund.
1038,1293,570,867,1175,1122,818,1002,887,580,1209,1280,1291,886,1284,817,868,854,1355,643,857,1358,1560,842,1023,662,870,655,1108,844,658,759,830,488,1250,1122,1297,675,1182,847,889,619,663,832,875,1341,759,897,887,1087,691,800,712,896,1267,615,894,972,1433,1429,1292,1338,1210,929,1365,931,682,1098,1249,1330,693,887,1487,541,1280,1312,661,888,559,1144,1595,633,887,1292,649,886,1257,1400,749,1313,995,1206,1187,801,1401
680,502,526,839,821,520,818,703,887,542,572,675,701,866,459,546,816,764,500,641,569,858,644,582,705,519,819,523,847,588,516,559,578,655,553,838,797,508,836,555,813,625,515,762,581,508,572,856,593,711,525,580,534,841,525,616,839,748,410,422,767,483,795,663,834,866,554,738,557,673,507,832,504,638,655,521,647,563,635,855,676,618,831,569,628,829,749,529,525,548,784,541,844,628,813
i'd like some water too, please.
1290,1573,751,888,1367,1264,1294,690,872,662,1366,1256,686,870,609,529,890,690,751,888,858,1370,1362,1328,907,1448,1335,667,515,622,674,1431
500,670,570,822,674,532,664,506,802,662,520,813,511,802,540,644,563,503,535,791,554,531,531,816,827,507,668,506,646,644,523,852
there are many people here.
795,1026,616,743,629,849,499,746,629,849,1187,509,1115,955,911,1450,682,1310,1453,1318,686,880,1105,689,791,704,1443
558,703,485,547,497,791,626,535,504,793,816,655,873,558,837,473,496,482,468,622,507,815,688,508,556,503,797
she later found work as a teacher's aide in a head start program in harlem.
623,1084,664,873,1291,547,862,686,771,879,843,1310,1142,1138,784,896,610,1297,783,1191,885,535,635,888,516,883,829,680,503,789,1068,693,778,1564,617,874,525,1343,748,695,869,1377,1216,892,538,889,1118,672,518,737,872,627,859,508,745,879,929,1543,770,1393,914,750,525,1308,904,1304,1187,901,1122,540,784,1373,663,1219,1405
628,700,514,807,678,635,569,510,542,802,632,492,555,852,588,828,536,582,563,726,821,662,621,829,655,821,561,512,632,768,727,528,564,661,608,813,627,473,604,524,807,415,781,812,634,817,675,515,641,605,810,634,559,640,543,556,801,433,555,469,640,551,637,781,829,526,849,834,713,642,570,674,519,864,857
i'm lost.
she later found work as a teacher's aide in a head start program in harlem.
1272,1578,1196,900,1340,1326,659,866,1363,1630,675,1053,700,898,1352,530,863,674,769,881,850,1323,1162,1141,776,911,636,1328,793,1237,919,544,660,896,896,847,839,688,497,823,1093,702,785,1581,656,921,524,1281,763,693,897,1264,1140,923,560,916,1090,678,537,746,918,649,871,527,749,866,955,1400,763,1293,794,1171,903,1298,926,1333,1148,909,1135,521,786,1374,664,1227,1417
516,637,820,835,660,488,647,560,849,666,664,696,526,832,665,640,573,520,543,799,654,508,508,843,621,841,559,560,579,715,858,665,639,841,839,580,599,527,659,818,753,523,574,677,626,851,658,554,608,528,831,580,891,860,661,855,740,525,658,595,852,627,569,651,553,560,809,594,551,573,565,869,836,849,854,556,824,839,694,628,573,671,515,838,857
this is mrs. smith.
837,1117,1272,631,957,1310,635,911,1236,743,617,1385,875,653,1212,1267,830,1065,1403
588,703,531,610,878,506,627,849,846,559,644,887,828,668,896,527,595,752,954
does anyone here speak english.
788,1394,663,637,895,563,1156,968,1358,1143,640,889,1073,663,776,663,884,626,1407,668,507,1216,883,663,1114,883,1312,1197,620,1046,1292
654,503,522,644,834,665,827,570,525,857,502,809,736,510,556,511,817,634,519,526,638,733,818,529,894,642,721,598,636,757,926
here it is.
1055,669,755,648,868,1264,803,888,1254,609,1340
752,513,549,509,825,518,566,850,557,646,850
sorry, we don't have any.
635,1313,730,761,905,1243,897,621,684,887,786,1311,1107,1534,879,929,1070,576,899,680,861,508,1082,951,1360
631,483,543,546,539,863,829,543,517,808,612,579,838,687,567,825,734,653,758,531,815,638,839,582,828
i forget.
it's less than two dollars.
1238,847,902,1342,692,891,652,807,1407,1611,1314,791,1569,606,885,1346,633,590,593,873,815,1040,493,1075,864,801,574,1318,869,724,1311,1341,1333,499,749,593,1380
556,810,681,546,545,652,522,554,841,598,500,578,674,650,843,715,527,649,655,815,575,737,670,899,820,579,563,616,828,654,567,727,758,673,569,659,879
i'd like to go for a walk.
1280,1648,740,893,1345,1268,1291,640,863,849,1313,882,940,1333,897,825,1318,749,854,515,863,593,509,1362,1269,1399
583,646,646,854,747,562,719,531,820,563,535,843,676,590,851,670,605,572,814,668,830,575,661,762,728,877
i have a headache.
1215,858,1032,522,904,595,830,475,872,1070,612,476,681,482,777,1067,645,1353
528,825,718,653,776,512,820,643,861,754,522,673,600,668,759,751,536,823
how do i use this.
1104,1363,557,853,728,1351,847,1288,842,1233,579,616,837,794,1050,1236,574,1346
713,513,556,831,633,511,833,510,829,517,640,529,824,575,771,552,627,849
it depends on the weather.
there has been a car accident.
1320,768,844,731,646,1420,625,1124,729,609,863,1341,1137,843,843,1038,632,858,573,644,492,828,1094,647,740,1355,1595,823,1073,636,741,646,879,1084,874,625,883,976,651,668,874,522,508,902,836,514,758,867,528,805,798,1325,744,685,1182,826,1437
523,559,823,668,540,588,529,833,636,639,839,502,857,829,578,729,536,816,568,526,651,578,735,525,555,859,615,578,731,521,559,525,833,733,837,639,839,753,523,543,834,673,665,851,771,659,569,814,693,797,799,508,658,550,884,591,845
may i speak to mrs. smith please.
1213,532,960,1006,1302,887,597,1416,628,451,1208,851,796,1304,875,1160,707,532,1333,855,576,1176,1252,805,1036,888,1354,1264,624,452,602,636,1367
777,623,538,792,501,845,630,459,520,645,653,809,546,502,808,865,546,627,846,810,636,832,460,546,705,815,537,662,507,658,655,541,870
who would you like to speak to.
570,1050,1336,887,540,1307,1126,1284,759,886,944,1279,1105,910,1295,1188,1225,682,919,1292,921,921,659,1394,678,504,1302,894,879,1331,1372
552,699,508,821,529,518,516,646,634,829,571,472,533,844,692,564,728,524,565,550,831,832,654,533,525,649,675,812,559,519,864
did you take your medicine.
708,1277,717,934,960,1301,1126,920,849,520,1253,655,905,939,1287,1116,745,891,1178,662,733,1269,824,1272,1115,685,1370
583,488,605,801,528,452,479,828,536,646,652,494,796,542,473,507,520,794,799,495,591,465,776,483,876,518,838
it's very cold today.
1264,848,1590,627,919,964,680,802,1086,1050,891,1338,1343,807,919,952,1355,822,628,951,1448
515,523,637,642,822,748,506,522,531,799,700,500,695,601,838,565,513,636,662,504,799
is there anything cheaper.
1282,632,963,897,1090,709,817,713,936,566,1127,1055,894,1108,1294,1134,999,997,879,1078,765,583,1411,749,826,1379
498,627,809,534,664,493,541,493,802,654,818,550,537,674,503,818,634,839,766,686,537,655,503,526,544,800
this is my mother.
853,1107,1249,658,931,1255,655,931,1211,1009,1026,1236,1357,906,1070,706,815,1356
560,661,515,623,818,532,612,817,864,539,797,855,511,557,731,503,534,856
he cried and trembled, sobbing, while they spoke, like the child he was.
does this road go to new york.
1110,700,932,859,829,1262,696,749,929,538,1093,738,916,864,814,711,1247,1020,1363,719,792,1312,952,687,1346,1018,1009,1250,1146,956,1310,970,674,1078,1222,1314,729,960,927,1080,751,1039,1040,676,1392,1293,1254,730,1308,960,1333,1225,1212,753,958,924,1077,763,957,894,1106,1315,1402,829,951,1160,752,945,674,583,714,1409,1599,806,1369,708,689,933,886,1228,1302,690,951,828,1336,533,748,923,938,1363,953,901,1346,954,1111,695,592,862,959,805,1294,1305,1378
704,511,831,766,556,535,488,608,850,644,885,613,843,564,560,515,823,786,677,513,658,865,865,647,550,773,768,573,870,664,897,875,571,764,592,713,542,856,597,772,541,598,827,696,537,554,656,511,828,838,692,543,688,521,808,566,704,515,812,685,715,646,674,589,828,699,511,817,529,649,642,847,565,629,487,508,641,825,564,501,472,600,824,540,540,640,576,813,649,543,826,495,510,783,795,464,486,765,524,492,567,571,737
the minute stain on the document was not visible to the naked eye.
i get off of work at six.
849,994,650,887,1182,1319,1122,1142,825,646,875,611,827,502,1263,1104,893,1290,1071,887,873,1017,662,884,750,1309,853,1101,1220,686,1066,878,969,610,494,617,887,1097,1296,869,904,923,1208,623,1202,978,1277,640,865,847,898,834,905,819,692,893,1057,507,1184,652,715,901,682,966,697,1305,1540,1275,930,949,679,881,930,1328,847,849,923,1294,840,924,643,1253,791,1174,911,567,864,935,651,1232,739,1360
500,647,482,810,798,392,820,474,512,493,805,604,500,617,494,806,822,497,771,798,522,684,477,782,580,483,715,522,822,513,872,520,787,508,631,626,810,848,567,524,797,736,567,620,583,776,693,513,834,548,799,546,798,559,511,823,849,651,712,511,617,833,512,539,487,868,696,524,843,677,514,538,824,523,615,616,835,510,623,828,550,567,563,713,822,689,555,809,676,533,805,876
jonathan, choleric with indignation, stood by his desk, clenching his hands.
how long will you be staying.
1189,1352,1131,513,836,1057,519,1101,836,907,855,1054,1319,1318,700,797,1228,836,932,646,1187,888,1018,916,1209,1077,795,1192,921,1110,596,899,1232,1303,1112,1263,910,687,1291,889,1296,809,925,1024,978,985,1096,1275,700,943,799,738,700,1269,1292,938,913,1373,744,1149,883,1096,1325,1194,989,987,928,1092,1242,965,1106,622,1103,802,708,1365,1602,1127,1333,670,946,1339,1332,1141,950,965,673,1220,1326,1326,957,1027,1302,1134,958,1053,750,918,717,923,613,1010,1294,1157,1006,1366
651,498,799,642,548,710,644,849,773,849,837,752,561,701,526,550,560,805,859,562,600,596,761,844,576,879,658,608,673,889,685,579,581,567,850,843,831,654,561,586,577,681,860,792,600,867,662,462,637,857,641,550,682,670,808,851,850,627,518,824,797,745,510,811,664,860,580,722,532,852,699,657,844,607,649,821,606,714,516,551,849,682,529,806,667,857,559,562,667,668,855,571,528,516,848,793,541,821,634,565,652,565,515,764,683,787
they're planning to come next year.
828,1066,634,1001,1583,805,667,884,1415,504,1315,1130,1125,1260,1131,943,932,895,1308,934,883,1291,1179,713,911,1123,684,741,936,1023,997,674,510,777,1353
541,658,490,551,676,531,493,775,508,642,653,798,801,529,779,649,826,560,527,822,739,564,810,496,818,825,502,740,553,844,550,495,631,522,818
