he's very famous.
obama is quite a good comedian.
988,696,1479,606,839,807,670,748,982,819,785,468,1105,1237,1058,607,1267,1510,1260,896,508,1122,526,845,1189,639,856,490,1087,1173,857,703,516,526,845,885,1237,1234,720,851,772,1228,1117,700,734,1181,505,1049,1308
584,438,581,538,807,689,486,524,536,807,595,589,680,514,536,560,668,603,519,686,605,685,615,827,529,571,830,530,543,500,539,467,580,589,810,611,538,545,555,827,690,526,693,504,608,521,603,698,711
here it is.
1019,690,788,675,867,1157,845,891,1152,634,1312
645,497,528,463,807,557,524,805,555,546,731
he has a nice car.
1053,707,873,1048,514,630,855,500,851,1033,1136,751,682,845,754,493,782,1271
642,493,812,656,597,570,825,583,825,761,564,700,541,842,711,633,550,746
i've never done that.
i think it's very good.
1150,1529,829,684,847,1054,669,850,678,790,857,714,1258,1111,677,849,835,1057,513,844,1286,1489,1154,837,840,1034,1175,1045,1174,832,834,839,1453,636,862,863,693,778,1012,832,877,1248,1252,696,1305
578,653,718,540,846,744,516,739,506,546,848,603,555,741,519,860,574,690,622,567,748,654,588,848,581,697,570,751,660,842,566,563,684,604,858,735,531,552,594,843,657,563,561,567,734
does anyone have a great source for advice on viral marketing.
728,1260,691,641,862,510,1078,1042,1273,1079,709,876,1039,527,853,709,865,514,858,898,793,692,515,883,886,655,1268,1097,787,749,715,854,815,1228,776,866,522,733,852,1154,767,707,865,1263,1073,849,862,1181,769,530,1243,863,1136,538,795,1169,688,864,1163,1056,866,1320
633,575,532,627,867,639,773,613,572,789,558,881,691,659,762,569,873,638,879,684,584,527,645,595,853,615,594,585,582,731,583,865,669,601,582,856,642,607,796,597,750,583,879,592,753,873,760,598,597,665,666,875,747,667,598,665,554,599,600,774,657,775
who wins.
man accosts roger federer during french open.
647,1055,1269,869,620,1187,1060,648,1318,1523,1149,505,1096,851,506,761,759,1268,866,876,649,896,798,1276,908,693,805,885,822,700,716,707,794,696,791,888,727,1127,764,1201,1080,886,905,821,802,717,1093,772,1053,861,1258,1356,701,1081,1328
561,690,598,863,543,583,759,628,741,677,769,670,782,873,656,723,744,585,600,602,615,878,579,600,670,538,559,848,660,533,632,543,564,505,567,866,643,596,569,576,841,665,888,660,584,540,794,760,718,879,616,601,540,808,790
top ten most watched on viral video chart.
he volunteered a modicum of advice, limited in quantity, but valuable.
882,1249,1354,895,883,737,1091,897,1285,665,883,911,885,622,561,885,769,1036,699,736,892,1243,1053,875,866,1173,785,515,1252,876,863,1172,762,709,1249,874,776,998,529,788,866,1271,1496,1025,713,881,860,1229,1258,1087,1047,885,710,712,821,716,743,880,520,886,1161,1272,747,1198,791,1108,1136,894,1284,832,901,519,744,883,1176,804,729,1184,883,1268,1151,1098,1168,883,715,747,885,1162,1041,871,509,1076,566,1059,903,1168,874,997,1173,876,922,1069,868,900,849,515,1241,1072,554,956,1253,693,1313
588,597,578,859,585,544,765,880,591,628,594,853,856,538,667,593,750,676,545,685,892,587,745,882,753,579,591,645,629,881,752,558,645,548,594,870,749,711,675,590,594,742,654,694,570,892,774,561,627,565,748,597,543,545,578,539,664,886,663,890,804,590,634,577,753,599,785,902,594,675,905,667,626,774,580,782,608,768,891,661,592,771,593,623,540,663,881,574,807,884,583,609,684,796,608,593,599,620,749,871,746,588,575,868,743,653,636,585,670,772,633,561,768
how long are you going to stay in california.
1023,1252,667,905,1268,1257,1097,918,916,570,838,894,888,1022,1299,1099,891,924,1272,1196,1083,915,917,901,1255,918,679,888,581,1030,887,1243,1083,896,804,538,1284,1204,848,1271,810,1080,1201,585,1327
713,589,573,889,679,591,747,689,905,676,605,878,871,622,580,618,865,678,580,579,757,660,877,570,611,859,618,594,662,622,871,563,760,871,730,677,661,601,681,604,601,805,616,667,767
let's go.
but though he listened he was not convinced.
1317,726,914,1534,705,916,939,1309,1355,1555,962,1160,902,928,929,1080,1309,1152,930,1094,900,1075,740,906,1296,1208,693,915,760,1097,734,772,916,1091,740,910,661,565,692,916,1104,1300,900,924,816,1302,1115,930,1235,1104,828,733,785,1307
673,580,604,675,624,894,703,598,794,681,758,624,615,886,615,694,586,583,698,685,885,704,567,888,660,602,642,633,562,793,539,677,902,717,546,904,569,679,649,901,806,641,621,889,751,621,789,786,619,811,762,564,694,787
does that old notion that defense wins championships still hold up these days.
781,1342,758,700,909,919,1059,580,917,957,1297,1303,784,924,1104,1298,922,1222,1295,1095,905,921,1081,578,923,954,806,766,862,753,1103,821,769,919,706,1227,1101,714,918,855,1098,574,1209,1395,1254,1313,1131,713,1091,1225,1371,725,711,720,926,1206,1296,1295,924,1089,1281,1278,766,906,1141,1352,901,902,1070,745,683,749,924,788,580,1055,677,1325
655,582,565,659,880,597,740,669,604,892,609,698,640,903,777,625,613,604,620,792,885,615,734,657,615,897,652,562,700,564,822,772,582,899,591,616,791,640,907,757,730,688,794,631,626,641,799,652,747,631,626,654,648,643,633,640,717,728,894,749,659,721,667,906,676,630,894,618,730,558,640,559,887,628,672,647,636,774
dick cheney's dishonest speech about torture, terror, and obama.
have you arrived.
789,1243,826,1225,909,833,1098,753,1121,824,1077,1575,689,906,809,1246,710,1098,1302,1110,767,705,915,939,695,1381,753,755,820,1081,906,567,956,1271,1111,897,918,893,1261,824,905,1126,821,748,1202,881,917,753,839,838,1260,845,1196,911,594,1091,790,922,1287,993,607,1160,595,1312,1611,1081,610,916,751,917,1084,1312,1131,924,565,843,846,1232,903,742,780,1341
638,594,739,670,910,785,715,591,811,788,644,677,631,901,666,615,665,714,606,794,597,655,615,894,629,597,582,584,763,721,909,679,762,611,632,610,888,617,617,600,627,621,602,559,781,881,624,563,601,617,623,613,755,882,676,766,640,893,596,783,670,775,672,777,661,733,685,787,573,897,644,594,633,904,663,615,611,607,777,565,665,757
how long is the flight.
i wouldn't really have lived in east palo alto if i could have avoided it.
1115,1306,690,921,1114,1315,1138,945,948,1187,703,924,937,1084,760,922,880,1323,1233,925,1086,902,1328,1551,1224,893,676,1307,1138,1320,781,1111,1574,943,931,809,744,581,1309,1313,1058,897,1079,573,906,756,919,1237,1225,913,747,797,905,1266,1130,907,778,586,691,935,932,1390,591,1328,1318,916,587,1320,917,1319,927,1253,865,932,1253,909,835,1315,1145,1317,778,912,1093,567,920,768,598,572,891,1280,1216,783,754,790,936,1219,921,1336
697,598,568,893,695,607,773,689,908,615,623,897,618,738,559,893,700,691,624,692,727,616,798,659,626,901,577,603,612,676,635,778,687,620,894,592,556,661,687,675,613,880,701,667,779,570,872,600,582,792,561,676,889,584,801,884,562,675,648,608,886,613,664,690,615,887,665,697,614,616,884,597,693,889,609,878,761,565,615,664,623,899,703,660,791,578,660,654,761,599,583,626,555,658,891,612,599,748
please take me to this address.
are you coming this evening.
1373,1311,748,581,700,772,933,935,585,1249,772,937,1184,782,932,943,1312,927,935,1111,1222,714,915,574,792,787,848,754,693,700,1305,1570,571,847,751,917,1072,1322,1132,914,830,1308,1166,1238,1116,918,953,922,1059,1192,715,917,768,912,765,1084,1227,1085,940,1348
601,693,565,688,653,580,884,611,652,662,563,914,753,567,903,610,627,905,622,729,606,650,889,661,610,634,597,539,626,637,749,650,677,619,550,900,623,574,610,898,784,573,760,587,799,683,914,616,737,621,612,909,561,790,573,806,593,801,694,781
thank you for pointing that out.
highly recommend.
911,1081,590,1097,1224,916,1055,1306,1110,908,878,1270,845,937,1356,1272,1201,1081,921,1214,1093,937,933,925,1047,616,936,951,1271,1095,913,1311,1526,1054,1205,924,1062,1296,1040,887,815,732,771,1290,1159,1169,737,1109,779,1361
602,721,660,813,682,898,641,599,640,889,681,607,610,899,594,586,588,776,611,594,775,703,895,615,735,657,613,897,598,640,609,772,661,729,609,698,703,679,617,892,602,559,736,589,771,780,543,800,665,752
when are they coming.
i am totally unprepared for my exam tomorrow.
674,1114,765,1128,928,610,868,770,941,937,1090,765,1050,919,840,1285,1172,1252,1101,944,1313,1543,1250,892,541,1213,903,904,1317,917,585,1303,1303,1075,919,1161,1103,1377,848,749,1352,603,866,764,789,928,865,1295,839,933,1075,1032,907,753,725,578,1185,904,900,1307,1180,1305,831,831,1292,642,1323
551,687,533,777,884,659,597,543,885,614,734,545,651,876,731,595,787,587,808,672,761,638,592,894,655,755,905,614,601,615,644,669,696,633,892,606,801,578,601,551,604,666,604,540,670,900,673,626,603,904,635,603,906,565,747,699,770,885,609,541,794,622,618,634,641,570,799
that's a good school.
my friend is american.
901,1099,554,926,1529,692,926,564,939,940,1304,1302,787,918,695,827,1085,1302,1298,1307,1396,1573,1196,1087,916,889,854,1256,764,1102,802,904,1260,708,921,531,1172,742,838,1241,830,562,1097,1419
626,744,691,615,704,619,912,679,922,698,623,634,626,914,664,807,720,607,612,720,796,693,774,642,917,712,631,576,557,805,655,898,597,628,909,665,780,545,590,602,757,681,829,770
highly recommend.
1070,1253,907,1063,1315,1053,890,825,744,802,1314,1182,1192,727,1109,783,1397
686,571,667,716,664,613,887,601,560,760,583,764,769,546,810,661,778
it's a charade and a slogan, but they want to destroy conservatism.
martello towers must be built within short distances all round the coast.
1227,906,1571,673,917,553,915,852,1089,594,861,590,785,755,914,557,1084,784,938,564,922,695,1304,1303,962,590,1129,1257,920,983,1174,926,970,958,1100,759,1055,923,671,597,1118,939,967,941,1295,960,830,794,732,958,860,1276,1057,940,850,1291,1101,718,792,880,923,603,945,1240,726,1190,1373,1544,1170,876,967,758,794,1312,1309,1307,944,946,1308,722,808,883,740,946,1193,1168,752,986,1001,1039,827,979,1039,1169,1249,1325,965,1011,733,1275,979,1113,1273,1137,962,758,1118,1321,908,997,1002,858,1264,759,971,666,1150,903,838,771,976,654,1347,1343,981,908,1339,1170,1141,849,993,998,1149,833,983,926,1335,659,786,986,1394
575,631,636,625,908,663,910,753,690,693,632,676,652,596,883,657,752,645,910,670,901,622,663,598,697,664,779,731,903,779,635,625,900,624,706,561,645,901,556,674,802,618,906,614,610,905,665,585,657,621,601,595,630,890,788,577,782,651,582,618,803,686,638,598,669,784,730,652,790,643,655,572,569,691,692,625,908,633,621,584,598,616,699,909,791,638,659,641,912,796,602,932,807,627,590,664,636,920,597,588,639,708,589,795,912,677,700,600,623,641,919,681,587,690,653,696,798,761,610,678,934,700,672,684,924,639,606,611,806,688,937,662,723,617,944,805,628,704,680,654,776
when are you moving.
692,1141,791,1133,960,624,924,822,998,1111,1326,1152,981,1220,1337,965,1267,1122,997,1414
599,714,589,799,933,695,646,588,930,679,622,663,937,809,637,811,618,793,716,782
time warner is the devil.
979,1248,1207,843,744,668,934,1166,823,923,1000,1265,764,1004,993,1126,828,999,878,806,972,1250,1360,1424,1481
661,628,814,607,597,712,646,807,589,630,925,630,637,955,671,751,596,952,697,617,823,624,667,663,776
in the case of mobile connectivity, a rising tide does not lift all boats.
1232,1121,964,993,1113,829,985,904,601,753,843,1000,1320,934,991,1195,1329,1046,1265,1342,815,922,1354,1151,1159,835,828,894,995,1284,1270,973,960,1102,1271,979,626,1004,918,1283,762,1274,1145,999,1017,966,1245,861,834,989,865,1315,835,783,985,1169,1354,1002,1344,1339,1245,913,990,1025,639,1341,1356,991,1062,1324,609,989,757,1335
619,829,928,663,742,596,945,742,702,640,604,941,650,718,953,772,652,817,624,670,594,767,635,777,788,598,595,774,652,638,642,640,641,671,799,913,680,925,624,624,655,621,787,713,936,632,643,703,620,924,716,652,622,677,927,820,654,645,693,708,621,697,635,930,675,715,727,901,810,655,694,635,667,804
where is my shirt.
they were caparisoned in indian fashion with gay colors and fancy trappings.
731,1135,785,899,792,979,1270,723,974,1210,1112,965,734,1132,1255,862,960,1355,1550,939,798,1062,1060,948,706,805,907,791,635,890,632,1379,647,899,1257,754,1325,1145,843,870,1281,982,1284,1152,1280,1138,877,1270,670,1136,999,944,636,776,1122,1246,1335,1150,1006,752,1268,994,1121,1018,1028,664,1089,1003,923,1322,1336,1339,939,774,1019,666,1162,1019,1017,963,646,1156,909,1115,1001,1014,908,627,1399,1395,1264,1136,1018,768,1372
617,740,589,633,574,895,651,645,925,832,711,920,674,775,663,634,637,795,693,646,699,678,698,922,599,599,635,567,688,798,717,638,705,624,647,673,669,813,617,735,653,922,649,813,645,831,703,638,709,822,936,716,711,685,779,665,663,826,940,596,670,646,771,940,751,705,714,934,783,655,750,676,654,654,938,697,837,947,927,705,703,832,774,705,929,662,641,691,657,669,665,812,712,672,795
top ten most watched on viral video chart.
1000,1315,1405,1002,1001,822,1187,996,1237,1379,760,1000,1032,754,663,995,881,826,823,869,1009,1360,1175,987,1000,1300,904,656,1370,991,989,1292,841,832,1349,990,930,1158,662,931,1024,1415
650,669,642,929,644,591,817,928,828,678,685,658,921,613,725,668,826,635,615,732,958,673,822,951,825,653,661,714,704,946,836,638,697,614,671,937,809,767,711,648,673,803
can we just go ahead and blow north korea off the map already.
913,663,1171,985,734,846,988,1212,756,997,1018,1008,1036,1364,990,624,1154,848,657,902,1024,638,1206,891,1012,1075,1402,1400,769,1018,1222,1385,918,1048,1201,984,1329,1389,944,864,679,1030,1404,967,955,1040,1041,1201,883,1042,1272,676,1439,1031,678,1399,945,863,700,899,1168,1432
788,719,808,923,579,606,912,638,655,635,893,890,681,594,881,649,716,584,662,663,891,670,810,618,882,769,702,604,569,886,785,626,597,618,751,906,698,618,610,570,684,891,655,686,677,907,620,753,567,910,818,663,654,906,676,723,602,577,686,657,655,804
i'm not itchy for now.
in other words it never reaches the zenith, a point directly overhead.
1325,1624,1283,1001,1223,1418,1002,1030,1324,1002,917,1141,1122,997,961,1361,921,1006,1198,1395,718,1400,1573,1276,1167,988,1380,1004,1166,858,973,1020,752,1360,936,878,786,1312,1002,1031,1011,1190,823,1012,843,958,1022,936,828,669,919,1164,861,804,1009,1020,1174,861,1026,772,856,1189,1317,1016,1154,1304,648,1028,994,1455,1403,1327,1207,1022,1053,866,1325,944,845,911,1030,1410,1164,1019,1402,1026,846,944,1227,847,707,895,1502
631,680,819,908,836,657,628,910,639,623,810,733,656,912,709,633,637,914,837,671,576,798,689,644,823,908,632,647,737,583,625,916,570,653,598,664,647,632,619,900,908,810,559,799,565,643,927,635,560,708,774,756,614,677,916,641,776,584,924,783,582,836,633,636,752,792,672,940,915,620,620,630,804,621,904,670,632,622,546,797,640,711,685,904,645,798,593,634,763,582,718,697,792
cannot wait for thursday night lakers.
950,678,1227,1233,1381,1031,1055,804,702,1299,1031,1068,974,1361,947,1038,1027,1160,1208,943,806,908,699,1139,1019,1176,1286,1041,1152,1024,1056,1361,670,1293,859,956,802,1421
789,714,817,810,690,658,920,584,697,687,655,938,724,698,653,939,659,776,702,633,651,704,712,696,938,840,679,756,783,670,946,708,714,703,599,628,659,885
i'll call back later.
1324,1620,1420,1412,1000,924,651,1438,1436,1015,1075,654,932,1348,1029,1423,670,1036,858,969,1468
675,754,714,722,919,729,698,716,722,932,782,684,768,710,951,717,697,660,591,650,797
just got a free android phone at google booth.
1171,1183,758,1001,1022,1037,1379,1015,679,642,1037,935,920,848,861,1016,657,1210,885,944,1400,1327,896,1032,1451,1183,1385,1183,866,1043,676,1060,1060,1059,1396,1393,1052,1385,864,1031,1069,1379,1376,1022,1390,1421
703,614,649,623,927,737,646,649,685,684,952,640,619,562,581,913,683,790,628,619,649,636,658,926,633,735,643,799,568,923,672,623,923,718,651,660,715,710,550,894,766,607,628,639,785,865
scientists have been conducting studies of individual genes for years.
we're late.
773,907,1328,848,1178,991,1288,801,1015,802,1026,1172,669,1033,860,1018,1081,836,850,1185,1005,962,1361,1167,883,1205,930,1025,1303,1196,1019,1041,799,1021,1221,911,1311,870,813,1031,1366,983,1032,1315,1180,927,1316,1030,1321,917,1210,674,1404,1017,1057,872,1218,863,803,1021,988,1388,962,1036,1142,873,707,975,797,1415,1576,787,878,1607,971,880,1043,1435,699,1062,874,1428
679,799,615,621,828,653,665,646,636,640,918,751,682,784,592,927,818,576,596,854,928,790,665,839,681,663,835,678,645,813,731,911,673,639,676,695,636,594,677,936,674,703,930,654,813,715,646,818,645,695,665,676,703,920,726,576,828,567,639,923,715,642,621,911,659,582,690,625,653,795,688,616,587,672,628,577,905,710,675,649,565,808
five things wolfram alpha does better.
is this mr. smith.
944,1346,983,846,1016,1026,1210,1342,1216,1034,810,1034,776,1392,1399,973,940,696,1270,1024,688,1404,1466,1209,1032,1019,919,1382,886,832,1036,1106,873,1052,1052,871,982,1402,1632,1338,812,1041,1048,1209,1340,822,1039,1282,957,1429,1041,812,1277,1349,1038,1205,1421
658,637,789,598,921,637,735,642,804,706,647,935,581,673,742,721,634,681,816,921,694,739,668,760,936,925,673,679,602,676,939,805,608,656,665,585,635,792,694,676,668,940,656,775,670,645,948,832,640,773,930,649,809,654,657,762,807
i don't have any money.
1337,1018,896,1427,1208,1606,999,1012,1194,646,994,849,1021,655,1210,1168,1013,1263,1400,1189,846,1155,1431
644,905,690,618,805,729,654,924,732,695,817,614,937,699,826,675,932,802,645,801,607,662,774
i'm twenty six years old.
1304,1634,1303,1001,1016,766,858,1224,1017,1167,1028,802,1338,858,1040,1145,867,694,983,813,1043,1389,1394,887,1455
628,691,790,930,656,597,594,811,637,658,910,664,610,796,940,645,600,698,645,672,930,617,684,657,811
playing with java and the twitter api.
i feel good.
1452,1405,681,1182,1349,1208,1023,1055,776,1340,1026,1182,1033,1251,695,1005,676,1048,678,1133,890,1040,1032,1177,876,1035,1013,753,1280,952,955,827,901,992,627,1421,1277,1416,1573,1303,974,930,829,825,1364,986,1009,1363,1365,841,1394
579,702,709,635,612,808,733,939,600,617,649,716,935,708,712,802,704,956,711,897,682,947,654,774,612,926,651,602,674,644,654,591,653,926,712,651,635,838,747,651,944,738,635,634,710,942,760,646,657,653,808
waiter.
i'd like the number for the hilton hotel please.
753,695,1313,999,839,934,1419,1612,1309,1599,867,1013,1416,1323,1316,851,1026,1008,1125,864,1035,1175,1212,1247,1047,835,930,1016,960,1378,917,1016,1019,1194,863,1025,1191,1308,1380,994,1365,1183,1027,1154,1395,1003,866,1401,1027,1476,1402,856,675,804,867,1385
616,726,655,665,597,642,794,694,659,716,719,949,696,626,729,624,938,659,769,616,938,878,716,866,824,613,656,954,732,675,657,957,674,775,609,962,760,655,733,667,670,823,957,772,578,671,607,741,947,651,751,616,717,704,631,810
i'll pay for the tickets.
1318,1630,1419,1416,995,1458,643,1065,1018,971,1363,925,1030,1034,1197,895,1034,1050,1305,949,1338,866,1025,822,1463
659,728,697,699,952,643,720,630,956,752,634,653,943,673,733,613,953,657,618,764,680,617,661,669,832
can you carry this for me.
931,682,1224,1032,1186,1407,1222,1016,959,689,953,952,1172,1017,1037,1167,1308,816,1040,999,1376,949,1060,1275,872,1442
795,717,794,957,628,585,630,954,781,718,665,656,658,938,658,734,617,663,953,730,636,638,957,783,604,793
the americans are seen as naive malleable tools in the hands of the brits.
1043,1175,884,1047,710,1242,888,980,1316,961,723,1206,824,1039,734,998,900,1060,825,899,904,1204,1041,703,837,1054,1213,726,1242,1056,908,1053,1212,664,1363,1396,873,725,1112,1401,885,1040,1064,1393,1384,1382,838,1052,1317,1182,1077,1179,886,881,1053,1175,707,1196,928,829,1024,1362,985,1037,1058,1185,896,1062,1111,964,1288,1042,841,1370
685,770,626,956,714,808,621,662,654,814,737,827,696,964,733,676,627,958,678,626,635,842,955,722,700,970,844,738,672,834,660,976,848,737,767,736,626,748,840,748,637,969,698,696,712,777,703,974,695,863,696,818,632,625,958,813,729,890,715,703,958,735,726,957,684,833,621,963,820,677,721,698,684,843
the slide out screen scares me.
1032,1205,883,1049,826,1319,1289,920,901,1039,1375,1209,1039,1069,831,953,982,899,904,1184,1039,835,959,744,1002,901,836,1046,1285,901,1444
695,805,645,974,691,695,649,740,669,976,696,716,698,975,691,800,704,641,657,860,971,732,856,756,726,642,732,987,832,671,820
my name is john smith.
1304,1203,1013,1205,709,1282,881,1032,1342,826,1039,1260,1415,1187,1235,1028,821,1285,1345,1036,1191,1417
805,692,962,826,747,832,651,976,685,723,986,762,673,771,846,985,712,821,677,699,768,798
they charge twenty seven dollars per day.
1024,1191,898,1168,1038,964,718,990,964,1069,888,1047,1062,809,898,1199,1040,1166,1039,836,900,1060,898,1180,1047,931,1386,1383,1390,743,995,817,1055,1451,884,993,1073,945,717,1185,1433
705,788,662,722,975,807,751,695,692,784,642,983,709,634,626,858,697,727,971,733,650,864,651,894,978,752,674,759,759,759,697,706,978,685,640,689,976,764,762,700,787
try to say it.
1036,942,1156,1020,1019,1380,1039,822,713,1154,1022,1335,1431,1469
681,656,693,947,681,647,964,696,738,690,964,633,787,940
how jacked up is that.
i think it's very good.
1167,1379,786,1031,1173,697,965,1312,901,934,1044,1253,1454,1029,1306,828,1053,1046,1177,702,1044,1381,1566,1317,1033,1038,1187,1307,1188,1323,1020,1325,1035,1624,841,1029,1051,895,999,1167,1034,1075,1384,1386,914,1404
742,654,652,962,791,728,801,734,653,747,975,684,652,970,673,703,977,705,790,741,705,834,723,681,977,703,779,672,849,758,968,671,692,742,722,977,839,646,693,704,976,787,660,666,697,829
at seven o'clock at night.
732,1068,1077,836,896,1057,887,1240,1046,1446,1643,976,1421,1422,977,1342,1040,711,1060,1076,1247,1356,1076,1192,1042,1437
764,693,978,731,646,847,639,865,978,650,775,875,759,696,875,765,998,745,718,995,866,695,798,817,715,850
it provoked a bigger reaction than we could ever have anticipated.
1327,1034,1072,1457,968,1322,1054,1395,1311,907,954,1047,714,1047,1105,1355,1073,1074,903,1005,1060,993,911,747,988,1080,1323,1397,1209,1062,1075,1194,752,1210,1062,823,930,1072,1001,1393,1231,1408,960,1067,924,1087,942,1025,1091,1201,739,1091,942,1075,743,1212,1095,1311,1001,1322,1543,781,1097,925,962,1457
696,695,978,674,692,711,869,711,769,665,754,996,741,991,848,658,788,791,647,705,986,702,653,748,866,732,708,694,853,997,735,819,761,889,990,645,657,1010,867,690,714,750,743,1012,664,892,675,742,1006,819,772,897,693,1017,752,870,729,722,814,709,752,771,749,653,786,843
it's here.
obama got a standing ovation.
1300,1019,1616,796,1038,1166,865,964,850,1373,1657,1348,1051,645,1246,647,1020,1040,1389,1022,701,1062,1026,812,1039,704,1218,922,1341,1205,1056,1077,1401,1054,733,1056,1393,1432,1216,1436
626,654,707,654,946,734,591,650,577,797,680,695,826,720,789,716,951,732,645,645,693,962,938,655,654,694,853,687,626,826,742,956,656,847,717,675,663,670,898,912
is eating  home made yema.
do you want to go with me.
1319,821,1023,884,698,1034,1326,1202,1039,1056,1039,1168,1361,1250,879,1027,1264,698,919,896,1043,1171,873,1251,1454,1443,1608,905,1403,1026,1160,1387,1213,1036,804,708,1204,1017,1056,1018,1381,1050,1069,1378,1048,811,1308,1049,1171,1056,1296,901,1450
631,713,940,623,737,684,640,822,750,949,936,763,652,827,616,946,827,714,713,638,953,709,622,816,768,825,684,723,656,947,676,640,671,958,637,734,846,689,951,672,690,948,750,664,949,619,654,676,754,940,834,631,794
what's the exchange rate for dollars.
i seriously underestimated malcolm gladwell.
808,1205,732,1060,1574,841,1054,1042,1188,897,1039,899,884,967,1182,733,1182,1060,910,978,979,737,1060,904,1060,999,1359,956,1053,927,1361,1393,1393,739,978,839,1420,1629,1340,1030,839,907,980,1318,1411,1227,839,1408,1184,1036,1275,1206,942,912,993,907,851,1061,1338,1257,759,1068,915,943,1276,1196,707,1390,964,1399,1397,1260,1028,1060,1397,707,930,840,900,1428,1414,1446
638,748,733,675,710,673,680,654,771,610,928,617,775,818,783,729,861,747,630,665,675,714,687,617,942,737,710,674,953,702,634,762,772,735,671,742,828,719,675,966,734,658,662,705,679,704,721,737,721,957,701,885,764,659,698,644,735,700,696,817,746,695,619,714,831,846,721,735,814,654,739,836,970,772,755,748,711,725,665,769,843,916
about three hundred kilometers.
china doesn't even like you anymore.
714,1096,1384,1233,1054,1085,1073,1202,996,908,916,1052,1170,1221,1172,936,979,910,922,1057,1313,1302,1395,1397,1260,902,1073,904,1002,846,1413,1651,963,1235,1365,1228,723,1037,933,1420,917,852,1236,1653,1072,1089,927,1060,926,1253,1057,1454,1367,1370,933,1074,1205,1423,1245,1058,740,1234,1196,1313,1456,1008,922,1458
754,843,643,692,698,979,710,768,674,633,637,947,753,651,862,744,678,630,750,969,748,665,728,662,828,665,699,636,675,709,834,714,844,766,659,827,751,969,721,659,626,712,840,746,672,956,607,816,633,831,949,727,652,729,647,956,663,621,655,949,728,869,673,810,665,675,630,825
he's not in right now.
1239,920,1630,859,1062,1248,1451,1075,1101,1388,1270,1071,999,1373,1090,1227,1075,1094,1260,1447,844,1432
767,637,742,701,965,814,656,693,968,655,842,957,676,653,748,757,675,962,857,670,618,832
stealing.
where is the airport.
873,1080,925,758,1454,1374,1261,1089,1472,1640,843,1242,931,1025,930,1075,1356,867,1093,1114,1220,956,1094,768,1338,1030,1488,1417,1095,1458,1472
726,692,624,732,718,673,841,757,809,752,663,800,658,709,635,984,684,702,978,718,800,651,971,733,691,694,671,692,702,843,865
the commercials alone on espn are going to drive me nuts.
her jocund laugh and merry voice, indeed, first attracted my attention.
1054,1234,934,1079,1016,1451,1304,1312,938,1017,1001,1359,757,1428,894,1077,767,1439,1429,1259,944,1081,1423,1233,1078,946,879,1498,1253,1074,754,1031,941,1093,1100,1418,1348,1232,1109,1103,1098,1423,1108,992,1032,1337,1079,952,1089,1292,956,1094,1245,1274,1097,892,1449,1613,1203,904,994,1065,1254,1416,998,1274,1232,955,1067,1437,736,1257,1092,1208,1077,719,1241,959,1094,1304,932,1023,1022,1196,1068,1062,1407,1325,1001,956,1330,1063,1362,1232,972,937,945,957,1355,1083,1042,1364,1018,872,1096,1107,757,1101,1091,1003,734,998,1089,925,965,1102,1312,1229,1074,753,1124,1103,937,1288,1108,1367,1451,1256,1493
707,763,639,957,793,639,796,807,653,690,799,669,719,709,702,964,727,714,672,823,651,970,688,820,967,656,706,665,827,959,723,682,628,958,750,692,673,813,973,968,695,684,974,682,676,667,850,635,976,836,632,968,872,704,705,699,849,743,757,655,694,964,765,654,786,675,850,739,980,731,754,695,781,791,975,740,839,696,975,838,656,680,695,701,944,847,676,670,846,674,844,960,651,841,747,655,671,750,836,979,787,678,698,751,697,964,744,690,693,667,744,800,710,626,753,979,817,703,970,739,695,694,617,869,681,687,680,848,878
clearly he would not venture to descend while his enemy moved.
992,1441,927,751,1040,1454,1201,1081,1225,946,1097,848,1439,1272,1471,964,1076,1258,1444,1080,1110,1086,941,1245,1104,1270,1015,934,1099,1113,1442,1099,962,940,873,1015,949,1281,970,1096,845,1242,1374,1453,939,1095,1235,1381,878,1107,941,1245,939,1313,1150,1092,1317,1457,1098,942,973,1492
819,750,642,739,688,753,714,953,782,656,961,631,658,667,735,722,980,860,677,698,965,855,647,872,692,708,672,613,968,695,680,973,719,635,725,845,652,882,753,987,647,790,675,753,635,969,790,676,700,993,612,873,638,885,656,939,869,710,833,635,729,862
the cast was awesome so it was well worth it.
1108,1259,1130,1103,1028,778,903,1133,1131,867,789,924,1138,782,851,960,898,1473,1342,1111,880,876,1465,1107,1382,1105,1118,865,795,921,1140,886,981,1469,1461,1118,868,1464,1059,1148,1250,1116,1396,1126,1518
687,787,971,976,806,761,715,688,967,614,762,751,1003,759,613,602,715,703,860,981,693,713,711,992,691,687,975,620,742,726,989,633,617,767,778,968,616,727,660,694,811,979,713,700,850
the book is on the table.
1122,1248,985,1132,1185,1463,1479,1390,1094,1344,861,1109,1427,1258,1084,1121,1229,953,1114,1129,738,1179,1448,946,1499
700,800,645,980,828,696,687,768,962,653,684,980,676,878,958,692,833,650,981,707,726,863,741,616,858
what should i wear.
881,1233,776,1139,1136,907,1233,1471,1284,1462,1010,1129,1396,1099,883,994,804,1095,1476
625,801,767,683,981,708,790,655,690,774,705,987,673,985,620,634,745,689,865
he can't trot down the street without being besieged by paparazzi.
1233,961,1116,1023,763,1216,1654,1113,1132,1130,1014,1418,1111,1116,995,1434,875,1237,1113,1134,1231,981,1111,900,1134,1039,941,944,1141,1131,847,1373,1218,1227,1443,1274,1148,1133,1208,957,1395,1257,1167,1121,1205,974,910,1358,986,1148,989,1018,1131,1175,1295,1131,1531,790,1526,798,1103,813,893,906,1422,1514
790,631,978,777,735,922,732,673,984,686,636,677,674,978,732,673,624,860,977,706,814,658,986,687,690,649,604,614,677,956,599,663,791,824,691,704,667,969,832,621,667,897,750,981,848,626,705,687,632,786,636,731,985,845,722,986,682,738,694,724,675,717,836,839,688,819
aria pleaded not guilty, but he acknowledged that he had violated some laws.
are you coming this evening.
784,1060,1362,772,1133,1501,1431,966,759,1011,963,1009,1131,1280,1463,1117,1146,1187,1317,1380,1466,1126,1225,1371,1109,1172,1302,1119,1136,1239,955,1128,744,1023,1367,1260,1437,884,1473,967,1012,1150,964,995,1126,1142,1267,764,1142,1145,1249,980,1129,1258,756,977,1110,1103,1353,1423,1431,750,1125,952,988,1140,895,1438,1288,949,1111,1426,798,879,904,1472,1652,758,1045,955,1104,1226,1442,1256,1094,1025,1447,1297,1381,1242,1118,1114,1114,1220,1343,889,1109,951,1101,945,1238,1378,1229,1122,1444
739,679,649,717,971,636,744,622,727,741,623,749,989,833,677,691,974,784,690,642,739,680,676,851,982,844,685,707,995,779,638,987,734,803,735,856,695,668,772,654,767,763,623,746,981,710,799,732,674,947,821,640,958,806,734,720,952,844,703,791,711,718,663,590,721,941,695,690,856,610,939,768,723,617,736,895,729,722,656,615,946,697,658,689,922,788,668,851,664,879,736,964,666,785,671,673,940,604,825,597,863,659,866,722,839
mean spirited chants and songs are also endemic in british soccer.
1214,902,710,1223,1057,834,1454,1318,981,1320,1070,913,944,1074,989,1206,732,1212,1092,866,1090,731,1227,975,1096,858,1413,1223,1104,867,1090,750,1048,926,1090,754,1425,867,1400,1084,942,1234,965,944,1328,1366,1019,1121,1376,1257,1079,1161,998,1364,1085,1310,848,1216,1051,862,1404,990,997,926,1015,1414
800,622,726,868,938,675,678,680,642,683,671,593,733,939,806,785,717,875,679,682,954,715,858,707,963,675,716,865,746,673,951,718,675,603,948,723,764,677,694,952,603,862,708,627,867,676,828,986,694,868,955,833,647,688,662,696,669,805,946,688,691,785,807,640,658,858
her jocund laugh and merry voice, indeed, first attracted my attention.
1235,915,995,1077,1231,1421,992,1243,1227,959,1090,1423,725,1255,1090,1228,1074,728,1214,974,1094,1294,930,1001,997,1162,1056,1071,1407,1324,996,920,1308,1064,1262,1148,927,899,898,919,1282,1037,1011,1252,973,823,1058,1074,699,1100,1077,990,698,977,1089,897,937,1070,1225,1135,1049,677,1070,1061,904,1020,1181,1069,1294,1370,1181
802,640,654,920,750,655,794,664,884,719,952,721,715,656,737,769,930,714,855,711,947,848,601,617,636,666,920,820,630,639,825,635,808,924,679,863,719,635,635,726,856,948,742,686,673,692,667,951,722,681,684,655,720,788,692,596,728,961,856,738,950,715,680,700,588,661,901,675,717,707,913
when is your birthday.
820,1182,918,1211,1056,1309,828,1055,1130,1381,1203,966,1070,1128,1317,974,1087,1176,953,730,1165,1406
636,776,610,860,948,707,641,912,710,640,686,629,914,775,643,645,652,749,676,692,670,832
nobody wants to read that.
1201,1399,1094,1407,919,1165,1065,822,728,1212,1073,839,1086,1070,1416,1091,979,895,735,954,1100,1091,1205,727,1088,1402
847,674,826,669,690,712,957,614,746,886,681,663,952,655,688,939,647,588,716,681,946,661,809,728,646,860
i'm waiting for you.
1316,1586,1276,1069,848,768,1357,1088,1361,1238,1112,1125,1051,1413,1017,1095,1172,1423,1253,1420
632,703,853,930,602,736,663,626,652,847,718,946,735,680,647,912,685,655,671,862
she dozed at last, her face serene and beatific.
856,1210,945,1100,974,1422,834,970,982,1114,738,1125,1114,1438,751,887,1123,1358,1103,1222,924,1016,1101,1059,733,1008,956,1078,875,944,1021,937,1244,1030,944,1111,744,1250,978,1182,964,752,1087,1251,1046,1310,986,1412
703,743,617,935,709,656,816,615,737,954,701,655,937,711,717,690,653,805,932,762,582,631,921,712,698,778,647,928,696,604,625,580,857,812,617,950,703,876,692,827,608,712,641,714,735,692,796,894
is eating  home made yema.
in other words it never reaches the zenith, a point directly overhead.
1348,860,1071,924,731,1056,1343,1224,1079,1096,1061,1166,1377,1249,907,1086,1262,715,955,912,1065,1176,911,1290,700,1443,1642,1340,1227,1078,1435,1072,1221,930,1025,1095,831,1418,1028,967,861,1075,1359,1090,1112,1246,915,1083,942,1048,1109,1023,939,743,1008,1225,935,858,1082,1113,1231,926,1091,820,935,1242,1359,1090,1204,1330,1096,739,1108,1460,1394,1318,1213,1102,1123,980,1344,1019,920,973,1096,1416,1190,1054,1385,1077,920,1016,1207,902,735,961,1433
708,730,972,635,752,662,685,865,750,962,957,779,661,861,632,970,864,727,696,620,946,717,602,897,726,845,742,683,882,940,691,670,798,620,643,929,603,700,664,678,663,951,689,668,937,885,597,861,599,673,962,657,616,710,788,794,633,679,963,674,801,621,961,799,605,875,708,661,795,865,938,707,954,697,688,716,877,661,932,712,697,659,588,757,673,795,733,929,713,823,626,657,811,610,734,714,844
booz allen hamilton.
i'll come back later.
1120,1417,1416,814,1094,752,1407,1404,921,1208,1068,1185,743,1303,1327,1409,1075,1398,1205,1429,1576,1317,1627,1406,1400,1069,1012,1427,1283,1093,1152,1145,730,1016,1361,1075,1422,731,1096,904,1015,1415
826,676,693,802,977,739,753,759,633,848,953,810,743,882,710,782,686,694,910,870,730,683,740,755,772,951,783,642,859,969,826,818,723,838,737,966,736,732,680,614,653,868
bill simmons in conversation with malcolm gladwell.
1134,1341,1425,1416,1081,858,1333,1265,1286,1431,1210,864,1092,1342,1220,1060,1008,1405,1229,1090,930,1023,867,776,1113,1340,1414,1230,1076,842,1337,1097,1203,1077,1267,725,1406,1011,1428,1424,1284,1078,1146,1417,758,982,855,947,1427,1420,1438
835,673,762,771,973,694,666,879,886,702,903,722,952,670,896,939,795,683,878,852,633,670,713,754,694,693,676,891,967,627,694,671,813,951,905,723,786,807,698,810,908,965,768,792,749,714,639,622,774,790,890
the americans are seen as naive malleable tools in the hands of the brits.
1103,1275,964,1111,768,1324,971,1046,1385,1033,754,1243,877,1082,733,1057,949,1113,878,951,955,1237,1104,760,901,1116,1261,765,1379,1109,972,1111,1321,761,1470,1471,971,787,1210,1472,961,1126,1136,1446,1442,1450,927,1129,1382,1254,1118,1156,1242,981,1115,1233,778,1262,1004,917,1107,1441,1077,1138,1145,1256,989,1139,1209,1050,1357,1129,938,1472
700,785,668,964,733,867,643,659,636,852,736,922,701,953,718,672,619,959,710,635,641,915,960,730,695,976,904,738,700,865,652,978,887,748,792,805,650,752,872,796,653,990,720,726,730,813,728,1000,730,943,993,723,850,664,997,862,751,925,753,748,992,747,746,997,692,845,658,993,857,678,733,704,724,884
i guess it's only for the summer.
next time, i'll call myself nike.
1351,1094,1143,1295,982,907,924,1117,1376,1116,1646,916,1119,1453,1249,1441,1188,1098,1093,1423,1026,1131,1220,950,1112,893,900,1260,1270,1278,947,1053,1432,1608,1208,936,900,1129,1126,1107,1368,1274,925,1344,1078,1333,1586,1439,1411,1068,1007,730,1407,1404,1080,1283,1175,868,921,1369,1024,1092,1270,1364,1342,915,1449
657,971,769,680,660,726,751,987,680,693,756,713,982,680,910,780,736,972,747,691,701,697,801,636,978,703,709,695,916,913,660,693,853,685,827,635,823,684,962,676,664,876,617,848,954,664,760,713,743,954,765,733,756,770,968,860,723,729,633,783,737,984,855,664,767,643,825
are you american.
729,1000,920,1074,1192,1421,1235,1072,731,1308,922,1006,1363,1014,746,1245,1444
745,669,622,947,684,634,676,933,720,827,627,654,671,812,748,862,821
i speak two languages.
1394,1084,907,1507,973,791,1345,1114,1134,888,1417,1112,1431,778,1243,1145,1258,825,1155,976,922,1454
669,955,725,673,654,733,752,957,696,615,691,951,744,726,873,780,708,761,774,638,710,858
if only certain puzzles could be solved by dint of sheer hard thinking.
did not realize there is a gym above safeway.
1378,1069,1111,1461,1272,1447,1246,1088,1056,976,1054,1152,813,1394,1272,1127,1512,1287,858,876,1479,988,922,1125,1069,1466,1288,1485,1018,1127,1222,990,1147,929,1433,1453,1124,977,1016,1142,1212,1234,1129,1016,1378,1257,1154,1148,1425,1090,1128,902,1253,958,980,1057,1132,1264,791,1076,1006,1114,1136,1245,1366,1260,1375,1380,1258,1150,1468,1611,1001,1383,1005,1115,1260,1441,1142,1159,1052,977,813,1438,1358,879,993,1130,1150,1191,980,1090,991,1147,1362,921,1132,771,1153,1161,1220,1325,1128,788,1196,1444,1149,987,1125,926,795,1093,975,882,822,1215,1446
676,757,987,668,844,735,718,974,791,656,679,705,710,658,833,952,653,679,796,798,734,644,695,988,800,655,703,735,723,995,855,639,1000,710,618,750,853,649,755,996,838,723,995,705,670,892,693,973,735,763,988,721,820,629,657,675,969,821,738,674,728,967,695,823,698,883,777,702,871,765,846,740,732,707,730,977,901,741,704,985,683,635,734,787,717,824,646,990,704,842,623,681,618,958,707,684,978,719,988,762,747,914,970,735,852,678,869,658,987,698,742,764,636,640,750,735,876
therefore he made up his mind to accede to his uncle's desire.
1145,1268,987,1090,978,1094,1465,1056,976,1130,1250,988,1145,1341,798,1032,990,1131,1307,1519,1119,1234,1380,912,1118,1315,1402,1269,1028,1144,1170,1469,1151,798,1052,1058,984,1033,998,1147,1159,1463,1132,1227,1403,904,1104,1321,1260,1053,1490,979,1672,921,1114,1026,980,911,1420,1067,978,1495
698,800,637,691,619,751,681,664,616,948,795,624,956,875,726,723,632,962,695,679,967,818,694,692,980,887,687,922,727,983,704,704,977,743,822,831,656,773,665,964,685,717,968,847,693,685,967,709,927,814,765,641,777,718,983,744,631,719,674,674,612,884
can you translate this for me.
1060,797,1291,1111,1210,1472,1309,1108,1168,1037,759,1293,893,1474,762,1133,972,1135,1129,1256,1394,908,1123,1095,1471,1033,1133,1346,962,1509
838,747,915,959,712,661,687,958,708,665,727,896,719,786,738,688,639,980,679,790,669,684,989,770,673,655,978,891,618,870
how do i become an astronaut.
1270,1477,909,1147,1041,1479,1140,1421,1130,1220,974,1047,1502,1359,986,1136,797,1327,1141,810,935,1179,1058,1502,1299,789,1361,1136,1512
800,698,651,984,736,699,979,661,970,867,639,843,654,906,650,988,743,905,992,751,712,709,657,698,918,741,716,697,903
high doses can have adverse effects and even cause death.
1156,1345,1144,1251,1111,995,1438,892,984,904,1118,1042,776,1302,1124,1262,770,1129,958,1146,789,1019,1141,982,1096,907,999,1151,979,1072,1076,957,1034,1183,900,1122,749,1303,999,1145,968,1116,960,1289,1118,1069,772,1320,924,1016,1154,1025,979,831,1150,1250,1499
733,657,770,789,982,732,685,723,653,751,984,902,747,886,990,795,745,865,638,1000,756,712,853,646,715,725,626,989,626,749,771,631,818,702,695,1002,726,860,686,995,633,904,644,886,990,820,672,665,724,650,966,740,618,741,694,802,866
the book is on the table.
1152,1285,983,1148,1214,1471,1479,1386,1118,1396,924,1494,1498,1316,1128,1152,1273,977,1148,1154,802,1210,1476,980,1509
726,790,644,998,862,694,709,746,1004,687,713,702,666,839,979,710,808,635,989,689,733,867,772,652,883
who wins.
harvard versus stanford
905,1247,1474,1132,920,1369,1237,936,1510,1606,1284,808,1087,1114,764,1075,1005,1127,1152,985,1106,930,1329,923,1164,937,1207,843,1308,1128,1480,1100,1042
650,795,691,997,644,756,947,703,870,646,796,759,692,887,757,697,703,989,871,653,711,714,713,693,993,697,722,729,884,792,713,691,715
i just checked my google for my business
1394,1151,1328,1325,938,1175,1156,1106,1303,1025,1098,1427,1005,1061,1162,1364,1278,1146,1213,1492,1493,1196,1476,1036,1184,1154,1491,1121,1202,1380,1298,1140,1260,1357,957,1437,1293,1081,969,998
683,985,757,659,713,699,980,790,775,650,844,740,637,769,1001,880,684,990,789,657,666,795,801,658,1014,803,712,711,1013,865,714,980,872,678,708,678,906,676,715,744
how does it taste.
1317,1498,946,1170,1106,1511,1036,976,1180,1468,1207,1212,1226,864,1004,1223,1034,1532
746,687,671,1009,754,694,649,722,996,690,714,997,728,747,744,719,633,891
for a time, indeed, he had fancied that things were changed.
1166,1514,1119,1212,848,1218,1224,1442,1358,1040,1412,1164,1439,1283,1059,1037,1040,1060,1394,1154,1300,1023,1171,1306,836,1074,1179,1145,844,1319,1097,1430,1033,1078,1188,1243,1313,864,1216,1197,1211,1322,1452,1305,1220,972,1172,948,1041,1152,1033,1210,1122,1347,854,1324,1043,1021,1079,1511
793,691,715,1002,742,998,728,676,900,655,862,993,693,910,786,671,695,790,900,996,817,636,992,829,738,750,994,786,758,924,846,722,669,780,994,720,828,729,724,1001,754,843,728,887,796,727,1008,657,639,694,627,1009,854,823,744,915,653,636,750,858
are you working tomorrow.
875,1159,1043,1175,1303,1507,1327,1152,936,1527,1115,1452,1464,1343,1213,1180,1208,1515,1396,1550,1111,1114,1531,937,1539
770,713,657,983,733,698,731,986,635,709,680,797,696,883,771,990,699,745,889,726,685,697,723,633,888
i was going to the library.
1460,1151,947,851,1020,1187,1227,1513,1437,1310,1183,1190,1211,1482,1192,1230,1298,1030,1186,1513,1438,1243,1130,871,1139,1262,1518
689,950,628,735,729,970,762,723,690,866,753,963,677,732,957,689,816,623,949,767,694,848,684,731,680,740,853
naive bayes using em for text classification.
1276,794,1433,1148,1016,1149,1227,830,1269,968,1052,1154,1355,956,1443,1309,1185,1191,1040,1379,1173,1138,1506,1102,1174,1195,1026,999,1198,1196,1095,1512,855,977,974,1449,1129,1459,1118,870,1207,1439,1516,1325,1529
844,720,659,846,635,983,812,723,693,704,635,967,678,683,661,818,756,980,632,825,958,738,687,657,964,691,621,760,693,975,770,735,723,683,682,677,718,672,807,731,693,690,685,891,899
who are you looking for.
cannot wait for thursday night lakers.
964,1305,1498,1190,876,1152,1052,1187,1313,1501,1338,1160,1535,1532,1513,1438,1438,1336,1208,1216,1117,1493,1099,1496,1669,1095,838,1334,1351,1510,1194,1207,957,863,1438,1179,1203,1129,1496,1094,1190,1205,1313,1355,1103,983,1085,870,1293,1171,1308,1435,1206,1301,1187,1190,1502,849,1428,1035,1134,979,1551
649,790,694,963,735,681,633,965,715,684,709,960,762,679,707,756,676,883,774,979,761,690,674,875,728,828,753,865,869,728,717,994,632,737,712,704,970,758,730,680,981,701,780,713,692,698,733,729,748,974,877,694,757,794,677,967,742,739,762,639,684,714,839
it's a good day.
1400,1183,1676,999,1174,839,1193,1210,1517,1515,1044,1151,1047,815,1259,1483
704,698,766,692,961,709,754,747,659,671,693,961,690,707,707,816
i have a question i want to ask you.
1406,1123,1285,799,1150,989,1135,787,1142,777,1357,1014,963,1191,1439,1534,1336,1162,1461,1171,944,841,1323,1188,1193,1180,1509,1198,860,990,1437,1170,1308,1519,1356,1539
637,937,746,708,816,620,954,703,952,652,656,596,705,697,655,668,812,954,655,957,616,716,832,688,684,688,693,958,700,676,733,966,690,652,687,832
he sought nominal damages of one dollar from each defendant.
1303,1052,1173,992,1513,1361,1193,1315,1208,1210,1337,1529,1391,1443,1340,860,1510,1176,1082,862,1387,868,1223,1052,992,1175,1460,1122,1169,1469,1289,1054,1170,1070,1470,1457,1460,840,1118,1192,1130,1107,1454,1327,1167,1038,845,1097,1281,1145,1056,1019,1128,1012,1290,1058,845,1196,1181,1464
797,616,948,711,659,696,747,775,691,970,873,676,852,677,876,721,742,985,710,735,852,737,774,635,693,958,704,741,970,702,861,649,971,695,684,748,747,729,689,980,748,675,669,864,966,632,734,800,808,990,735,644,753,643,875,733,741,694,704,846
do you want to come with me.
1069,1440,1114,1275,1498,1326,1143,1278,837,1310,1193,1190,1185,1517,1188,1122,1485,1390,1070,1202,956,1423,1201,1302,1190,1381,1062,1536
726,659,954,660,639,672,935,838,697,863,641,921,641,671,931,739,680,860,618,956,596,675,636,775,919,833,597,838
he has a nice car.
he volunteered a modicum of advice, limited in quantity, but valuable.
1292,1039,1161,1290,813,938,1164,805,1143,1312,1419,1098,1032,1178,1091,843,1131,1512,1647,1261,1012,1155,1152,1472,1489,1325,1292,1201,1031,1004,1128,1026,1046,1177,815,1173,1341,1483,1036,1412,1085,1323,1334,1167,1477,1112,1172,828,1046,1169,1428,1093,1013,1397,1138,1493,1397,1332,1402,1189,1039,1060,1157,1437,1312,1168,812,1338,872,1325,1199,1423,1197,1288,1451,1181,1247,1377,1515,1190,1205,1190,854,1531,1371,1230,1526,1026,1556
775,594,942,790,686,643,939,695,928,859,670,721,591,955,745,699,632,815,699,779,592,938,795,635,745,662,859,667,596,550,627,574,679,934,675,938,853,655,635,632,742,641,878,946,641,700,951,687,648,803,635,809,615,829,928,732,659,847,667,654,561,678,928,676,864,932,600,699,693,851,631,652,615,674,821,928,783,642,564,630,929,808,672,695,653,767,702,571,819
i really liked learning jquery book.
1436,1156,1082,1009,832,1450,1463,1285,1179,1488,1420,1407,1033,1052,1180,1511,1032,863,1160,1303,1472,1322,1218,1220,1345,841,1361,1039,1136,1294,1164,1234,1516,1516,1420,1538
642,932,642,598,691,673,710,675,924,693,617,770,577,729,937,735,592,695,627,845,634,848,713,926,761,615,674,572,598,679,888,783,617,623,722,856
open the window.
1455,1553,1024,1291,1157,1209,1292,1032,1177,955,1415,1303,1080,1480,939,1492
667,645,585,812,912,642,774,579,933,574,661,866,651,692,564,857
harvard versus stanford
i firmly believe that obama and pelosi have zero desire to be civil.
1313,859,1127,1153,819,1106,1043,1166,1174,1012,1123,962,1341,956,1175,947,1198,837,1318,1124,1476,1100,1041,1586,1382,1117,1097,1405,1096,1346,1495,1247,1125,1237,993,1476,1395,1002,1177,1014,1172,1206,1210,1301,1192,1183,1476,1235,854,1375,847,1163,829,1319,1049,1165,1548,1012,1495,1475,960,1419,1160,1288,816,1155,1019,1164,902,1036,1107,1481,1167,1048,1000,943,1434,1098,1005,1171,1197,1492,1169,1252,1017,1187,1112,1422,1192,1412,1498,1556
760,699,629,807,702,627,659,949,817,591,658,664,705,649,949,650,648,666,853,736,712,655,676,732,644,938,714,632,647,825,719,711,918,803,579,733,673,596,829,598,962,943,673,775,661,952,679,790,695,811,689,950,685,839,641,948,662,576,744,698,657,676,945,753,691,762,598,937,764,610,633,690,921,668,581,660,664,633,583,922,640,695,931,787,583,938,746,674,810,690,729,800
i'd like to speak to mr. smith please.
the arab league has already suspended syria and imposed economic sanctions.
1402,1659,1038,1168,1493,1423,1404,1018,1169,1189,1480,1165,969,1548,1020,855,1397,1182,1205,1477,1169,1383,1087,1480,1155,939,1357,1421,1154,1286,1166,1550,1479,1003,821,954,1016,1548,1673,1167,1287,1022,1166,860,1134,845,1251,1206,1480,1023,855,1196,1352,1021,1170,1275,824,965,1158,838,1479,1112,1024,859,1059,1280,1160,958,1349,955,1548,988,1265,1035,999,1039,1160,942,1286,1094,1421,830,1179,836,1311,1067,1179,1434,1355,1534,1476,958,1019,1065,1183,1030,1097,1478,1317,1495,1389,1421,1116,1189,973,866,1318,1112,1205,1427,1506,1327,957,1554
669,751,662,943,718,657,722,598,932,654,689,936,672,665,579,695,716,919,643,681,918,817,627,803,933,652,846,683,640,756,925,656,751,578,691,667,598,794,751,653,776,592,947,702,627,695,775,952,717,580,700,728,672,581,937,785,690,674,943,696,737,653,585,701,676,716,936,672,698,665,664,570,863,671,588,692,933,649,664,626,624,672,921,680,829,666,951,659,832,675,687,656,579,687,952,596,813,673,883,687,876,698,788,974,690,706,856,798,678,676,684,887,651,885
he's a very good student.
1302,985,1675,904,1131,758,1137,1150,969,1070,1270,1130,1155,1477,1474,1003,1150,925,1144,1342,1051,1005,1313,1186,1599
723,582,715,656,937,683,947,813,597,635,695,930,712,652,659,626,958,658,679,706,681,604,885,659,862
i am furious with time warner and their phone promotions.
can you translate this for me.
1365,1122,763,1371,1128,1095,1359,1052,1429,1498,1321,921,1135,881,1415,1151,1283,1143,1175,1288,1406,1358,994,1166,925,849,1142,1329,998,1119,1175,823,1322,1187,1217,1323,1011,1449,1116,1173,1532,1246,1474,1280,1016,1169,1515,1111,1466,1345,1475,1166,1405,1482,1309,937,1530,1615,1073,826,1351,1148,1303,1516,1339,1147,1185,1069,830,1327,959,1528,844,1189,995,1179,1203,1312,1433,952,1168,1128,1501,1074,1151,1385,1553,1498
650,940,695,823,940,723,680,653,658,656,703,652,942,593,657,648,781,938,675,806,683,875,584,936,582,697,640,875,576,637,931,678,860,951,677,810,577,697,634,939,601,791,674,876,598,931,694,639,705,866,709,665,716,716,884,666,830,712,758,711,872,948,728,684,727,943,658,630,678,873,667,763,712,668,583,956,665,819,711,669,971,740,696,653,975,878,869,962
do you want to go with me.
are they gonna survive the turmoil or are they gonna be the next aig.
1024,1497,1138,1289,1495,1350,1150,907,1307,792,1162,1172,1207,1172,1496,1155,1209,1512,901,1415,1154,1280,1153,1354,1013,1479,1649,791,1092,993,1151,1161,1252,982,1201,1111,1155,1475,1288,1287,798,1155,938,1324,1097,1142,1409,1146,991,1140,1171,1274,1016,1170,1200,1327,1345,1355,1511,1400,1493,1129,1504,1073,1144,821,1101,1001,1152,1172,1293,967,1243,1122,1190,1489,1293,1312,788,1140,1227,994,1154,1196,1297,969,1148,1302,984,969,1199,1185,806,1457,1200,1509
705,657,959,702,655,715,964,604,815,706,652,963,943,661,698,958,735,679,574,700,651,791,933,857,606,875,738,705,645,578,944,661,791,579,585,932,725,627,855,890,676,946,658,691,632,802,635,803,586,937,651,788,579,931,662,673,890,850,635,618,751,916,632,614,933,670,633,554,929,637,776,537,676,907,729,658,868,887,659,935,805,561,939,641,785,542,960,904,539,773,650,969,673,654,723,876
the knaves lowered their weapons and shrank back cowering before him.
house correspondents dinner was last nigh
1125,1263,979,1132,1414,1291,801,1153,1014,947,1166,1511,1499,926,1014,1125,1001,1039,1176,1186,1311,1004,1438,1110,1168,926,1027,858,1564,1517,1324,976,1182,837,1312,1050,1181,966,1295,1123,847,1289,1423,1178,1251,838,1098,1418,1160,1104,1473,959,1053,1140,1420,1304,1220,1205,1254,1034,1152,1475,1090,1012,1290,1147,1397,1395,1522,1630,1309,1495,1340,944,1030,1158,1103,1512,1107,1110,1001,925,1560,1491,1306,1060,1016,1321,1192,961,1161,1074,1442,1293,1303,1028,1137,1192,944,854,984,1174,1503,806,956,1208,1147,1295,1417,1189,1285
615,737,549,937,670,834,690,765,581,640,955,728,676,602,578,633,555,652,930,646,779,543,655,609,919,561,563,665,659,657,839,635,938,674,841,624,940,633,758,617,671,831,712,922,814,676,750,712,955,766,628,635,601,650,670,861,720,949,817,612,733,695,657,590,785,937,674,907,860,740,732,638,666,681,595,935,751,600,650,649,574,628,618,617,823,653,577,838,634,635,948,679,622,834,851,578,635,964,579,679,672,948,737,690,657,653,924,834,621,693,758
he's very famous.
1246,1003,1641,936,1139,1175,996,1092,1269,1119,1115,783,1361,1477,1309,937,1496
761,579,730,635,933,776,577,627,680,918,729,690,857,651,663,673,828
we're late.
923,1019,1649,1077,995,1150,1476,1172,1141,979,1464
607,576,743,616,574,932,709,625,636,543,878
humanity, when surfeited with emotion, becomes calm, almost phlegmatic.
1241,1305,1269,785,1317,1416,1132,1259,1396,1136,896,1259,987,1275,1135,917,1321,1074,1115,985,1403,1167,992,1036,1163,886,1415,1155,1274,1149,1034,1370,1517,1182,1423,1508,1305,1421,1150,1228,1003,1069,1505,1340,1016,959,1159,1104,808,1530,1359,1448,819,1533,1511,1368,1499,932,1185,1204,1551,1288,1009,1506,1183,1394,843,1190,1436,1092,1529
769,660,857,684,818,652,628,679,791,927,550,730,556,849,921,626,647,622,722,563,635,646,560,684,954,564,642,634,741,917,692,843,661,661,635,658,810,809,935,803,593,770,629,845,589,666,947,768,673,711,830,828,680,728,738,851,709,665,645,920,670,772,576,736,721,814,672,637,676,750,843
who would you like to speak to.
926,1290,1506,1156,909,1505,1346,1508,1057,1172,1281,1491,1332,1153,1493,1431,1421,1016,1168,1198,1501,1192,934,1553,1038,858,1173,1187,1476,1187,1486
578,768,664,915,563,640,661,721,654,929,696,637,690,925,741,651,736,567,914,628,667,937,559,655,570,673,915,636,682,639,672
do you have a swimming pool.
995,1476,1118,1288,1497,1323,1136,1191,784,1141,981,1131,792,1147,888,899,1408,1348,1354,1418,1288,1167,1160,1515,1474,1457,1482,1514
656,660,926,670,633,677,946,794,681,794,596,942,682,956,590,576,647,839,867,680,862,736,954,676,662,679,773,908
therefore he made up his mind to accede to his uncle's desire.
1141,1286,990,1095,962,1109,1482,1082,984,1151,1309,985,1153,1378,813,1032,1010,1152,1364,1553,1154,1310,1441,947,1166,1357,1439,1307,1052,1174,1196,1508,1179,824,1070,1087,1014,1056,1020,1171,1167,1519,1188,1311,1439,946,1168,1367,1338,1091,1527,1030,1703,966,1172,1077,1039,980,1450,1136,1037,1532
677,797,605,663,578,711,711,651,582,935,799,581,949,834,699,664,614,951,735,694,962,792,693,660,980,839,677,842,678,986,697,699,993,715,737,771,640,723,649,980,677,710,985,794,688,657,990,728,844,768,728,644,772,677,980,729,639,693,690,686,613,838
if only certain puzzles could be solved by dint of sheer hard thinking.
1435,1142,1175,1523,1317,1510,1288,1172,1114,1058,1139,1215,861,1438,1315,1188,1558,1353,921,934,1513,1038,977,1191,1125,1515,1344,1553,1061,1186,1271,1061,1199,990,1513,1528,1189,1050,1077,1169,1230,1304,1160,1076,1438,1295,1180,1187,1528,1117,1182,947,1309,1029,1036,1117,1309,834,858,1130,1058,1189,1186,1320,1440,1309,1423,1452,1314,1192,1528
675,742,987,684,824,725,728,978,755,644,689,685,690,672,828,961,668,707,773,786,724,617,676,975,762,639,693,687,671,990,836,638,996,706,659,714,817,623,710,969,812,655,952,688,630,821,657,935,660,697,956,647,746,603,608,645,755,690,693,644,676,961,662,755,639,820,718,652,839,718,823
please take me to the airport.
1542,1514,1031,846,959,1041,1203,1194,883,1440,1057,1209,1340,1217,1192,1227,1515,1207,1221,1321,1069,1216,900,1445,1152,1596,1503,1129,1226,1514
656,704,597,697,659,605,946,675,698,714,597,952,830,671,943,664,693,944,665,784,593,949,689,679,642,672,694,637,652,846
aria pleaded not guilty, but he acknowledged that he had violated some laws.
customer innovation award winner.
777,1035,1350,765,1098,1493,1456,922,739,977,924,969,1069,1246,1435,1059,1101,1097,1295,1376,1452,1067,1240,1377,1070,1150,1300,1088,1094,1232,927,1101,745,998,1379,1254,1365,827,1405,937,966,1126,940,983,1135,1140,1232,768,1137,1131,1245,970,1119,1245,756,985,1115,1113,1369,1446,1434,789,1130,969,999,1135,908,1446,1295,1128,1110,1451,758,847,897,1474,1655,1019,1296,875,1101,1449,1316,924,1026,1110,1383,1253,1260,1446,1097,779,1093,1361,1440,1254,1101,761,866,779,1056,982,1129,878,1371,1235,1254,959,1050,1423
695,636,668,706,948,657,715,588,700,660,601,651,944,851,701,643,928,732,696,656,741,640,680,807,934,790,716,657,939,772,580,943,690,778,721,835,760,598,800,603,683,743,607,694,948,666,832,697,657,951,818,598,957,810,697,645,949,790,709,781,813,707,694,595,688,966,693,720,884,951,948,766,711,601,685,850,736,741,666,658,685,640,846,595,647,932,687,856,848,694,768,695,655,698,693,831,937,692,590,692,636,632,931,598,690,872,880,592,640,827
have to brush well in the morning.
he found his unionized warehouse job after a stint working for his father, an accountant.
1275,770,1135,992,1114,1131,1457,1139,1183,1041,1311,909,1263,1100,882,961,1452,1464,1108,1391,1257,1099,1128,1254,976,1115,1323,1468,1041,1255,1404,1529,1270,1473,1609,1253,989,1091,1078,1469,1318,1285,982,1111,1277,1409,907,1117,1324,1272,1388,1462,1266,1398,848,987,1001,1129,884,804,1067,974,1300,1477,1325,923,992,1129,1338,1506,1198,1150,783,1092,1137,957,1078,1151,800,1136,1138,1439,1441,1316,1144,1168,922,1480,1059,1397,1400,1299,1134,1155,1061,1438,1034,1122,1266,1379,922,1124,1090,791,1126,1279,979,1057,1383,1127,775,1284,1129,782,1020,1018,1439,1280,1274,1130,795,1249,1116,1416
752,682,769,612,943,656,688,949,772,636,712,654,772,942,603,582,745,766,933,671,864,927,662,786,582,940,852,686,638,847,661,661,834,815,687,778,603,933,710,631,646,834,655,932,750,644,636,931,674,886,660,654,846,665,769,628,714,946,606,704,643,582,775,678,686,660,602,933,755,668,775,939,689,675,651,573,620,919,680,910,640,653,661,825,641,932,581,623,632,769,681,866,707,920,689,706,626,911,799,690,636,912,699,674,624,760,560,601,791,890,656,828,897,665,725,720,647,692,863,654,664,856,629,813
i'm itchy and miserable.
1333,1658,1304,1062,1367,1054,983,1226,1209,1079,710,1267,949,1091,1318,845,851,907,734,1016,726,1133,1458,901
678,719,801,924,671,643,752,755,699,940,698,828,676,941,845,666,675,606,709,637,701,810,719,593
i'm not married.
be careful driving.
1373,1633,1307,1044,1242,1416,1069,1053,1290,659,966,963,1342,862,899,1424,1611,1087,868,1059,961,684,976,868,999,1287,1449,1034,930,975,1378,1040,1372,1236,1072,1444
560,655,763,884,753,621,885,881,753,634,580,590,607,520,625,748,655,743,540,904,693,669,584,526,675,663,692,885,652,590,617,759,612,812,673,807
i have a google addiction.
1362,1029,1218,678,1048,881,1039,680,1033,1059,1430,1431,1062,1412,855,1023,670,896,891,1320,958,1050,1310,1400,1193,1434
626,906,713,672,738,564,910,659,906,689,652,656,699,708,549,901,659,616,628,631,735,627,645,621,821,781
nvidia names stanford's bill dally chief scientist.
1227,1065,1372,942,1364,747,1086,1233,738,1332,925,850,1076,864,1112,757,1294,1070,1465,1051,986,1645,904,1102,1170,1428,1507,1498,1097,994,768,1490,1485,1256,1093,1047,970,1416,948,989,1092,884,1037,1423,962,1298,1129,1400,924,1143,1513
765,760,571,622,580,656,908,749,637,744,540,565,878,592,607,621,783,653,621,582,601,693,580,865,732,567,653,659,874,582,617,636,656,601,882,717,550,554,518,632,874,594,723,575,544,784,605,609,599,587,738
now i can see why dave winer screams about lack of twitter api.
1288,1512,898,1115,1423,1113,1062,782,1299,1098,923,984,992,1125,880,1276,1258,1113,1023,806,1159,975,1121,881,1454,1305,972,1074,1132,913,1039,1059,979,811,1385,929,1129,812,1193,1529,1366,1137,1153,1531,787,1043,1453,1121,1514,1107,1141,1141,906,1453,1147,1151,979,1096,1151,794,1588,1434,1595
758,617,543,890,601,879,704,640,767,890,628,540,551,877,530,649,609,890,608,628,735,525,887,525,592,793,532,572,884,599,719,586,531,627,753,605,880,636,742,617,631,603,892,668,636,704,666,899,617,652,899,599,536,596,598,608,510,577,873,603,597,613,763
tell me.
contracts with utilities will be signed starting next month, he said.
1152,988,1487,1480,1129,1358,981,1524,1653,1038,1485,1291,1138,1031,769,1034,1146,914,1121,885,1438,1152,1292,1129,1368,1142,1435,1522,1436,1140,1440,980,926,1135,905,1434,1514,1513,1121,1216,980,1136,918,1441,1160,1331,1012,1045,1163,948,1173,819,1056,1145,1392,1270,1146,1139,1286,983,962,1146,1153,1360,1457,1274,1131,1266,1391,1126,1275,980,1125,904,800,1412,1010,1519
600,535,685,699,894,779,542,788,642,725,625,794,626,591,647,734,628,621,923,555,625,621,735,907,639,629,618,688,623,610,606,540,624,905,547,617,684,695,886,753,544,903,602,613,670,798,542,678,927,642,632,678,601,629,652,828,684,909,842,564,719,635,906,856,677,846,626,772,781,900,764,555,908,614,668,643,626,812
what's the date.
887,1252,805,1150,1655,937,1135,1138,1295,996,1154,1039,809,1154,969,1519
579,787,675,636,742,635,916,639,767,583,922,666,677,642,563,787
the commercials alone on espn are going to drive me nuts.
1133,1285,979,1140,1080,1341,1352,982,1063,1067,1430,804,1500,922,1121,783,1511,1497,1310,977,1122,1114,1497,1303,1113,975,907,1564,1312,798,787,1059,965,1118,1141,1503,1432,1310,1128,1137,1136,1488,1116,1015,1071,1431,1147,993,1124,1344,964,1114,1296,1350,1131,1523,913
636,764,568,922,751,805,813,574,615,740,654,668,713,636,923,665,711,667,806,569,920,919,658,811,913,576,644,642,808,678,674,619,569,919,694,657,645,811,698,935,626,674,925,651,618,661,798,588,951,829,576,940,868,712,649,806,631
lebron is a beast, but i'm still cheering for the a.
i finally got around to using jquery to make my bio collapse.
1531,995,1191,1072,1493,1315,1121,1424,928,1148,789,1131,1198,980,796,927,1152,1416,1145,1211,1400,1135,1156,1456,1716,1376,1133,927,1156,1440,1520,1525,1122,1095,1335,998,967,1076,1450,1313,1136,1166,1099,1506,1065,1145,1155,1322,1010,1156,845,1547,1669,1453,1125,1109,1451,1315,785,1498,1510,1310,1112,1192,1515,1151,1152,825,1083,1531,1371,1343,1046,1159,1162,1515,1154,1383,933,1458,1329,1186,1146,1396,809,1396,1010,1094,1329,1144,1152,1529,1141,1405,814,1469,990,1150,1398,1319,1135,1256,1452,1541,1136,1137,1543,1536,1557,814,955,975,1039,1545
690,602,771,640,677,795,929,661,643,940,675,931,770,578,684,659,648,806,927,773,703,651,955,645,742,789,940,635,633,650,709,706,925,738,762,588,555,610,655,796,685,938,698,668,640,943,653,766,594,960,684,781,676,655,938,712,650,816,678,741,716,717,928,734,670,632,925,675,623,656,693,798,674,933,633,676,931,692,639,643,779,717,927,721,615,678,584,615,695,918,639,660,935,828,678,726,570,934,793,691,932,825,639,658,950,783,651,729,722,684,675,692,606,804
cannot wait for thursday night lakers.
1111,858,1353,1363,1513,1169,1168,955,846,1442,1164,1167,1113,1071,1147,1161,1305,1309,1378,1090,945,1054,826,1318,1146,1325,1444,1194,1319,1177,1173,1535,824,1471,1024,1112,947,1551
757,690,833,847,681,662,943,585,680,670,654,922,705,636,932,654,775,785,716,635,678,664,673,751,933,844,661,718,766,654,938,712,675,718,592,635,649,800
he bestowed public buildings and river improvements in return for votes.
1318,1023,1140,1234,1021,973,1190,1520,945,1034,1065,1180,1574,1373,1225,1484,1551,1115,1171,1245,1396,1482,1558,1063,1477,1366,1205,964,1159,842,1345,1060,1168,1111,1474,1181,1037,1118,1165,1481,1389,1568,1101,1534,1184,1030,1370,1424,1038,1383,1190,965,1169,1490,1376,1164,1109,1020,1168,1414,1099,1378,1150,1144,1536,1096,1168,1186,1556,1193,1038,968
770,596,942,772,589,664,647,669,594,574,662,937,645,694,789,630,690,762,949,818,693,642,702,646,643,794,715,616,959,671,816,620,952,634,657,780,595,642,938,650,815,669,638,673,779,594,808,817,600,862,661,623,937,655,810,938,637,561,644,713,618,835,926,693,685,628,931,773,659,652,556,640
here it is.
1340,1043,1130,1035,1171,1497,1200,1478,1495,968,1572
754,578,635,564,921,650,924,650,645,622,780
here is your salad.
aria pleaded not guilty, but he acknowledged that he had violated some laws.
1315,1043,1125,1020,1159,1465,963,1166,1341,1557,1385,1107,1173,980,849,1550,859,1071,1557,1690,821,1143,1471,829,1165,1560,1527,1012,815,1054,1016,1040,1157,1318,1497,1164,1205,1223,1367,1457,1538,1167,1321,1481,1185,1237,1397,1156,1204,1330,1014,1184,844,1096,1459,1361,1517,924,1533,1019,1052,1191,1018,1062,1189,1208,863,859,1203,1229,1342,1049,1196,1338,852,1067,1203,1192,1475,1547,1546,867,1191,1039,1074,1208,974,1542,1389,1046,1186,1537,851,874,953,1009
757,577,626,556,926,654,618,933,693,650,693,617,944,635,667,699,676,671,810,719,672,604,649,636,896,612,691,553,645,635,560,633,897,804,676,614,899,699,671,623,705,597,674,742,895,732,678,615,900,763,555,907,660,681,707,808,671,581,722,578,659,699,574,655,920,633,650,649,623,905,767,562,910,765,672,633,927,750,655,719,681,688,647,558,661,923,632,685,827,583,923,719,669,660,559,657
we're late.
966,1052,1657,1105,1019,1169,1183,828,1206,1013,1523
650,619,734,650,603,952,670,699,679,588,828
when are you leaving.
921,1328,1022,1338,1166,835,1127,1019,1332,1153,1347,1540,1368,1549,1017,831,1175,1463,1353,1186,1556
617,784,607,854,944,709,651,598,767,944,769,702,744,743,598,697,760,699,844,710,864
guess i'll be retiring my g and start using my developer g
i still love my kindle.
1189,1398,1018,962,964,1175,1472,1716,1553,1554,1165,1242,1017,1180,1117,1017,1180,1099,1488,1476,1362,1185,1181,1410,1341,1176,1212,1189,824,1075,1067,1187,961,1206,1111,853,1210,1203,1423,975,1485,1354,1212,1409,1340,1363,1183,1095,1059,1225,1032,1533,1551,1594,1021,1117,1186,1238,1681,1470,1159,992,1198,1469,1548,1542,1184,1547,1553,1232,1079,1204,1406,1325,1175,1478,1465,1362,1094,1532,1054,1537
720,717,597,662,671,945,690,786,738,746,935,777,594,948,654,597,661,618,697,692,825,691,951,861,759,934,722,947,690,662,656,947,664,668,639,692,670,945,748,658,692,842,959,870,754,772,957,687,613,826,596,771,713,713,587,620,932,727,777,695,942,698,674,684,731,740,967,747,692,838,651,980,842,733,976,752,678,836,714,736,637,838
thanks for your help.
going to the dentist later.
1144,1312,803,1325,1424,923,1173,1113,1495,1084,1168,1305,1492,1357,1119,1199,1326,998,1512,1588,1571,1686,1172,1482,1418,1311,1154,1171,1162,1498,1164,1166,1312,998,1151,1065,996,1327,1173,1440,929,1162,1179,1500,781,1172,982,1088,1514
674,752,695,855,742,655,948,736,694,642,928,713,665,710,626,920,773,567,755,653,893,749,730,678,665,868,726,944,643,690,934,643,769,591,930,710,596,851,665,677,670,654,938,752,673,639,557,603,868
i want to show you something.
china doesn't even like you anymore.
1385,1164,925,842,1310,1170,1199,1187,1462,1184,967,1281,1463,931,1158,1274,1501,1335,1162,952,1505,1377,999,1175,1317,1420,1311,1175,1506,1667,1084,1310,1424,1319,820,1144,1051,1493,998,951,1298,1664,1171,1149,1000,1174,995,1311,1150,1518,1451,1433,1003,1152,1348,1544,1375,1137,795,1313,1299,1414,1516,1092,986,1511
711,938,594,694,871,655,939,658,727,937,682,803,709,607,950,730,680,720,940,650,677,850,598,650,779,683,865,703,869,762,797,794,688,866,704,935,682,698,598,676,837,773,643,924,578,779,587,845,933,733,663,733,584,929,711,660,692,929,693,867,718,857,689,649,564,859
