how long will you be staying.
943,1077,512,925,1080,1040,899,715,915,505,971,1063,1059,903,730,1021,873,843,749,573,878,507,724,448,826,940,829,753,1064
646,509,515,769,623,521,727,600,789,504,516,617,618,789,525,508,546,775,697,517,795,601,536,596,506,542,733,634,767
my father has been there.
1050,704,923,656,424,714,827,553,632,888,827,421,508,879,770,568,557,866,864,687,799,561,642,563,1036
621,527,771,610,597,532,615,505,525,785,620,607,603,794,695,512,512,747,812,544,654,509,533,502,720
do you think you'll be back by 11 30.
578,1021,880,710,1007,854,826,681,784,926,829,940,861,695,999,853,1070,993,994,866,700,567,866,688,437,630,959,865,738,799,873,405,393,866,519,1038,1084
600,503,788,542,500,560,789,541,667,540,751,632,806,486,483,502,578,635,634,790,675,532,791,708,590,678,615,796,722,523,801,448,444,808,442,447,694
what time does the movie start.
479,832,420,666,855,664,917,882,536,853,562,983,543,482,869,663,806,539,856,896,973,672,896,569,854,499,678,419,674,730,1134
519,610,585,527,729,520,467,672,483,770,584,491,486,563,768,532,620,491,771,719,513,701,503,513,788,572,531,584,525,518,717
he thinks we don't want to go.
854,560,895,675,834,958,853,976,500,896,485,544,896,578,1017,845,1145,697,919,488,424,843,676,885,674,1012,854,672,1050,1092
646,510,784,545,647,515,730,623,568,791,512,503,795,593,534,712,617,527,792,520,585,704,537,761,544,507,805,615,505,688
follow me.
i thought he said something else.
637,1013,1054,1048,1029,479,928,978,553,1107,1319,995,912,663,835,860,707,816,696,867,822,559,875,487,422,943,576,867,877,504,1037,935,1128,677,831,979,846,691,911,548,639,1066,494,559
619,516,620,626,513,516,721,712,511,699,615,545,803,545,677,569,620,659,564,810,655,539,813,598,623,539,617,826,814,591,509,683,589,555,653,509,719,616,769,522,571,614,616,529
am i pronouncing it correctly.
428,963,912,988,888,1109,625,1038,880,1054,858,862,601,939,828,686,878,958,649,876,603,1005,588,587,528,561,648,1024,725,1102
602,748,802,540,827,557,558,555,769,551,525,731,728,543,755,656,827,534,589,827,727,570,578,579,561,730,581,673,583,737
i have a cold.
what school did you go to.
919,848,759,381,647,513,847,371,831,587,967,995,538,1047,1298,444,798,398,639,849,474,575,777,969,951,1012,873,554,993,557,909,673,1050,894,832,674,1021,847,648,1016,1073
573,841,680,643,734,549,865,657,871,730,563,687,664,784,640,588,685,657,611,865,658,785,720,601,625,710,883,628,485,626,763,573,503,533,805,663,501,802,578,497,701
the book is behind the table.
i think so.
639,826,511,845,628,1013,1006,946,871,914,468,833,707,523,766,887,790,557,835,654,751,522,815,650,386,729,982,527,1022,1277,925,850,632,785,953,825,952,872,474,993,1062
573,647,526,815,736,545,544,676,838,560,623,844,752,543,684,563,792,657,865,600,698,561,851,603,642,757,646,560,759,652,595,855,592,686,522,787,637,829,647,527,744
when is the next bus to philidalphia.
497,883,549,879,875,973,501,875,677,811,560,861,836,556,530,723,882,760,844,520,722,670,1047,917,1176,844,984,1058,956,580,410,1108,1168,829,981,414,1159
473,504,443,654,751,432,536,756,475,580,440,756,687,453,644,476,779,682,514,572,507,529,434,769,439,618,449,580,441,571,592,610,391,645,460,587,730
that's not right.
what time did you wake up.
674,840,419,685,1166,488,910,903,1068,640,925,557,991,623,828,638,1092,1256,424,851,375,623,901,625,951,930,499,895,531,945,533,890,691,1027,874,839,456,392,976,520,880,938,1147,1132
540,623,597,526,591,608,796,665,453,523,777,515,466,528,633,519,691,599,533,627,602,542,785,543,476,675,512,783,615,512,604,782,549,505,546,787,541,611,637,521,828,516,471,747
a round trip ticket.
he likes juice but he doesn't like milk
401,864,589,1009,853,848,542,877,666,595,890,1041,874,636,934,589,945,517,676,1047,1331,807,519,864,1013,894,914,512,445,861,942,947,1028,559,505,914,723,890,684,936,902,515,925,538,1063,521,461,891,1217,919,1066,942,971,518,894,909,946,954,1041,941
606,779,541,494,533,718,623,805,550,534,533,515,820,550,522,696,617,532,542,728,564,641,547,796,650,579,658,532,600,688,564,470,461,705,521,769,698,510,546,710,546,511,745,606,429,521,609,672,554,767,604,530,623,519,803,822,753,503,647,616
why are you laughing.
438,821,694,862,388,605,514,861,723,973,820,790,1006,413,825,682,764,678,882,765,689
544,616,540,779,616,540,517,809,547,512,573,813,626,636,553,649,643,579,502,710,672
they're very busy.
pick up your clothes.
643,806,503,699,1131,574,482,836,641,497,598,730,851,675,811,464,693,1112,1423,1123,936,568,858,854,1057,812,671,971,813,572,831,541,542,1054,1044,616,787,506,441,1078
558,607,514,543,593,544,509,779,736,531,559,536,792,727,544,599,528,716,563,561,511,696,809,561,511,838,574,540,559,558,843,736,733,585,457,566,645,525,618,734
do you think you'll be back by 11 30.
541,1008,841,656,978,812,768,600,833,1004,848,965,869,648,1006,840,1132,1026,1019,856,695,501,850,664,394,587,945,856,745,726,853,329,312,853,485,1036,1085
619,472,784,555,455,520,815,561,634,441,711,569,788,550,475,524,580,657,650,810,729,533,824,744,618,679,597,833,732,532,842,469,464,828,483,441,722
is there any mail for me.
986,453,900,619,822,492,575,491,864,362,810,730,856,910,881,384,1019,861,587,980,577,859,898,504,1189
469,590,758,542,607,503,526,494,786,624,736,532,808,748,502,613,675,838,646,510,564,822,759,525,716
i'm a beginner.
934,1179,977,902,375,882,708,496,664,918,829,839,509,581,1050
483,599,786,836,613,826,743,511,615,503,734,735,516,543,734
one like that.
june 3rd.
1045,811,500,866,977,882,899,497,862,625,741,372,640,1074,1336,869,815,814,485,853,433,539,497,1295
500,762,522,801,663,558,685,522,844,542,659,605,541,707,605,665,554,773,519,851,453,561,636,779
i still have a lot to do.
i don't like it.
932,872,438,602,949,1008,997,854,760,366,613,490,838,372,828,944,935,603,812,607,931,791,513,930,1093,1349,925,845,499,1010,797,1194,614,866,999,887,917,475,851,910,593,1038
423,770,602,537,442,591,601,797,618,635,702,532,809,626,819,650,506,560,817,564,502,838,642,496,716,529,505,809,622,517,732,588,535,811,659,528,664,520,844,516,545,750
there has been a car accident.
592,784,446,531,452,852,811,339,423,875,684,479,475,853,858,357,870,559,358,549,875,367,541,545,919,528,815,475,612,1034
567,645,522,542,520,792,647,625,609,806,725,526,529,740,811,632,819,734,625,563,808,644,722,732,497,680,781,520,567,737
would you like coffee or tea.
381,1026,836,1049,500,852,632,978,813,778,971,867,466,903,818,511,1028,538,535,459,466,842,985,530,828,578,452,335,1000
539,503,526,627,628,842,555,508,568,839,685,572,546,698,866,741,423,654,666,528,550,779,486,556,798,568,510,630,739
when do you arrive in the u.s..
385,767,459,815,831,494,978,804,630,962,795,759,322,541,530,848,451,783,813,873,738,791,594,715,462,775,778,982,403,974,973
542,625,531,752,823,627,490,820,568,490,547,835,624,554,554,512,526,825,843,497,771,832,573,664,522,828,555,721,607,734,754
my watch has been stolen.
911,666,850,393,329,608,520,720,772,706,330,416,700,471,466,781,768,835,417,610,967,976,470,760,1040
791,529,870,547,617,540,741,644,838,661,649,646,750,532,537,792,875,856,628,559,511,648,545,771,730
have you finished studying.
758,337,620,463,847,618,960,806,766,560,941,807,911,423,753,460,496,812,423,781,500,638,762,862,765,655,1085
636,646,748,553,844,574,508,576,832,662,506,759,536,654,656,554,651,847,648,568,663,606,580,580,834,671,771
is your house like this one.
1018,427,904,627,1065,891,559,883,815,1047,882,428,490,869,1021,921,941,493,876,609,782,923,436,855,983,804,495,1239
582,634,841,581,550,584,577,847,688,561,573,651,588,860,675,623,716,587,870,604,738,595,655,880,586,772,587,811
please fill out this form.
1104,1077,489,359,442,502,892,581,942,1033,1037,875,1002,828,612,822,616,771,921,444,837,591,970,567,888,1125
544,657,583,673,666,599,848,675,559,660,662,846,553,594,602,872,655,731,585,668,873,698,578,614,795,774
i have two sisters.
934,846,784,373,640,500,863,604,395,1020,857,435,431,601,482,569,554,422,1019
557,849,690,668,760,586,851,609,580,538,806,664,660,595,586,588,601,653,732
no, i'm american.
i'm coming to pick you up.
808,964,929,843,886,1066,898,847,352,880,469,548,877,539,350,817,1033,846,921,1139,917,881,551,1007,905,911,819,617,859,585,977,832,1060,886,523,910,832,648,949,771,755,613,784,986
773,570,790,855,584,707,817,878,678,825,591,610,625,760,678,794,758,871,545,640,804,859,735,577,761,577,779,677,849,611,569,858,600,583,790,698,881,631,582,639,902,631,631,554
i'd like to go home.
that's wrong.
887,1069,515,831,983,872,901,492,824,604,941,776,627,1056,884,814,996,1073,903,1051,1341,610,783,357,608,1184,437,856,424,550,1014,821,648,1079
518,645,679,833,660,592,684,596,848,615,551,870,676,481,793,649,511,492,723,725,590,621,660,663,615,603,666,810,581,593,525,744,668,732
what's your last name.
407,755,343,600,1102,432,835,622,927,781,545,750,947,347,418,620,777,723,353,849,483,1003
584,644,653,597,618,660,833,605,529,578,589,843,655,685,692,607,860,822,673,828,579,774
what do you recommend.
437,855,376,621,845,527,988,912,623,1038,891,842,565,486,569,1095,970,972,514,873,539,1210
502,609,573,509,791,564,483,722,514,432,470,756,505,478,678,419,641,641,516,717,591,783
i was in the library.
i've seen it.
956,887,443,382,455,875,912,847,855,625,783,509,826,984,860,727,568,367,578,727,995,1226,929,1180,664,543,884,477,536,546,849,899,946,642,1069
485,770,519,587,587,776,543,701,790,532,630,512,796,620,531,707,515,578,524,521,733,598,531,550,703,538,770,606,531,541,724,777,505,548,691
do you have any money.
555,978,831,679,958,808,911,874,423,665,532,906,424,865,758,895,925,1013,564,560,706,1065
591,493,800,543,493,544,774,572,608,704,519,782,624,714,565,780,734,507,617,530,544,737
are you working today.
362,557,489,836,669,941,795,772,473,952,591,892,859,771,677,828,655,933,538,396,761,1028
622,535,535,833,549,510,573,808,563,530,543,643,542,764,652,840,555,552,622,632,525,722
which is the best.
not recently.
446,797,952,570,787,838,916,454,835,619,758,496,813,708,490,432,638,1007,1323,808,993,838,863,535,460,528,469,842,571,997,723,1098
536,631,503,707,612,795,507,621,811,555,641,535,801,731,524,624,541,770,588,776,566,855,853,569,533,724,553,768,558,630,545,704
do you want to go to the movies.
537,993,815,677,961,804,751,453,389,778,661,789,645,911,762,663,932,747,639,906,741,636,690,503,745,801,918,654,829,506,458,994
598,442,804,536,472,519,848,540,618,789,537,853,554,533,889,645,519,890,561,524,885,567,713,539,900,799,545,757,558,534,626,745
can you speak louder please.
do you want to come with me.
562,363,824,840,688,980,802,792,475,1086,505,374,943,848,1040,1076,912,555,519,606,876,1111,1024,533,404,489,560,1013,1300,561,1002,828,690,989,817,763,460,387,817,653,864,656,986,827,611,975,885,540,856,476,925,663,814,867,900,530,1125
737,637,787,876,565,519,579,891,634,525,540,639,638,872,580,447,478,627,531,558,829,530,652,556,640,654,570,759,599,642,549,869,573,539,592,906,577,635,800,589,876,588,575,896,735,601,797,555,889,574,588,581,879,914,811,558,784
the tv is broken.
656,785,527,826,646,617,853,890,490,834,696,596,979,906,524,798,1021
574,673,555,857,569,751,862,564,639,865,770,584,550,673,558,808,745
this room is a mess.
653,746,873,462,803,572,941,954,875,845,873,467,802,371,788,867,506,448,456,1115
531,636,502,599,797,546,496,493,721,801,525,611,819,617,832,762,529,590,604,702
one like that.
1028,802,504,857,994,890,911,512,853,631,767,376,655,752
474,709,526,787,642,516,647,534,837,566,658,609,558,675
do you know where there's a store that sells towels.
where is the bathroom.
521,1049,875,645,1029,876,869,1026,884,1091,429,899,460,903,523,602,526,909,655,835,532,617,537,1191,474,905,407,900,477,663,1026,581,511,900,649,810,402,661,859,479,527,1129,1125,475,943,632,1077,428,504,1083,465,1122,1392,431,829,492,583,490,877,935,457,861,625,790,503,836,707,681,657,562,564,989,999,874,1125
640,511,811,603,513,552,827,604,740,502,578,828,593,635,571,579,563,863,596,703,571,590,589,668,649,875,692,880,654,605,601,590,582,888,605,751,679,604,903,679,588,626,626,667,825,597,552,591,576,664,674,781,626,617,694,587,602,579,879,599,681,888,612,732,599,881,788,633,649,790,630,597,594,807,779
over here.
where is main street.
874,540,387,469,740,658,403,469,392,876,1163,330,704,395,467,395,728,803,367,722,779,276,791,673,732,368,567,489,412,442,591,1223
543,765,550,575,871,703,548,580,545,780,644,577,698,568,584,554,880,594,639,896,804,649,606,798,888,655,589,572,550,558,583,827
outside the hotel.
are you coming this evening.
1032,852,567,393,926,473,452,832,582,716,463,772,718,903,590,465,944,996,1228,330,530,444,803,647,932,768,745,521,942,835,854,757,628,829,615,730,850,413,783,482,625,478,768,815,730,655,962
583,602,625,664,598,725,619,900,646,741,615,948,818,655,666,621,744,868,703,722,653,630,921,656,603,659,928,825,674,856,653,889,768,934,685,793,660,737,940,660,825,632,908,667,898,760,858
is there an english speaking guide.
942,427,844,603,778,479,560,469,829,346,803,813,490,886,615,1055,942,423,811,866,419,1076,479,346,938,921,809,617,848,613,806,878,498,481,977
627,713,889,653,711,617,642,621,891,725,846,920,642,773,719,713,615,709,747,897,702,625,639,728,735,645,862,738,924,736,657,608,732,642,819
where did you put it.
i'm 6'2.
384,778,448,534,452,806,478,876,796,482,648,946,775,759,989,747,609,777,855,616,998,1219,867,1138,966,907,567,1275,449,1280
654,726,631,645,627,905,718,619,916,705,656,604,648,927,620,666,668,928,611,676,823,692,583,675,834,880,438,652,642,784
i remember.
963,865,563,490,920,494,923,710,499,579,1036
519,866,582,557,801,565,819,769,556,579,790
can you swim.
i'm waiting for you.
565,388,963,983,670,1098,935,892,483,467,991,987,1161,1366,1026,1240,1025,933,464,405,951,675,939,828,1256,710,882,606,1035,586,905,720,1046,875
751,647,772,836,597,547,597,854,639,574,566,768,705,588,513,628,797,852,587,643,580,590,577,842,1066,710,919,695,565,618,882,611,527,566
he'll be back in 20 minutes.
919,513,1152,1280,1265,947,720,537,729,706,374,564,1021,895,1014,880,881,402,1128,921,979,973,872,870,633,508,449,1104
551,482,591,647,651,803,719,520,741,736,606,724,542,808,449,752,802,495,357,759,709,460,730,506,569,533,611,760
his family is coming tomorrow.
823,935,428,885,576,346,979,951,1033,700,903,943,452,863,565,1033,911,941,837,662,882,622,1026,932,1061,561,557,1050,428,1258
653,498,660,818,691,672,765,532,661,598,848,535,678,849,742,543,739,525,780,694,844,607,526,796,512,601,599,536,627,743
it's too late.
expiration date.
907,652,1073,426,847,609,1015,999,843,1036,369,636,489,1024,1305,461,480,1092,867,527,365,636,873,788,778,826,509,365,642,364,494
505,590,638,679,853,587,482,492,818,675,695,606,594,752,632,588,781,537,558,598,701,594,583,789,828,876,678,691,602,675,598
i bought a shirt yesterday.
i don't have enough money.
866,788,636,931,767,601,701,595,760,300,765,370,677,802,506,592,1000,639,482,438,641,494,568,547,407,779,1078,1325,897,836,542,1012,817,1142,670,878,867,421,695,535,918,554,848,1015,858,723,817,876,926,1020,587,579,730,1047
523,881,797,532,574,677,694,627,836,708,849,679,694,543,603,582,782,579,548,653,587,570,575,702,713,579,737,563,460,793,596,469,704,598,546,810,620,618,722,551,775,556,733,490,530,665,646,799,738,505,665,541,571,723
how much is it to go to miami.
you're smarter than him.
835,1026,406,880,925,825,556,772,835,900,429,816,882,598,810,612,961,803,616,992,808,610,984,804,915,892,326,932,902,1032,1350,732,1016,853,1182,451,837,645,453,978,391,580,672,522,608,905,669,820,418,853,875,808,939,908,1061
674,512,579,826,767,564,782,678,829,522,656,840,519,597,840,604,520,858,702,509,856,631,507,853,777,546,694,805,540,767,647,601,533,586,654,550,878,846,639,739,675,596,582,548,560,817,587,663,661,810,876,695,578,791,798
from time to time.
611,1045,597,941,910,666,956,934,524,906,660,1065,864,662,962,925,1077,1200
704,588,638,834,882,639,599,775,612,877,645,581,885,642,608,779,812,806
how long will you be staying.
please take off your shoes.
882,1034,558,917,1085,1038,904,776,916,556,1038,1094,1095,896,798,1071,909,860,823,631,898,562,753,517,853,969,851,820,1074,1307,1141,1056,584,445,536,605,898,719,457,995,580,908,1053,673,674,899,786,1039,882,659,872,521,503,1063,502,568,1128
455,319,372,613,435,356,529,485,620,377,339,428,428,642,416,353,391,652,596,385,655,482,426,474,412,380,581,525,605,465,404,522,420,523,494,420,732,454,501,532,423,732,439,532,534,742,453,428,477,446,747,509,502,423,469,422,656
i'm looking for the post office.
944,1114,1239,712,1177,1149,1148,1098,1083,951,699,981,621,1109,607,978,670,908,541,936,1156,1084,491,687,930,1101,645,641,597,560,550,1127
485,590,973,729,474,352,355,483,389,598,546,687,549,385,464,679,463,506,419,679,411,393,486,448,691,371,540,545,611,447,430,615
do you know how much it costs.
should i wait.
542,1064,867,700,1059,886,828,965,823,1026,444,857,786,961,451,820,882,785,585,747,781,888,655,807,580,961,470,658,484,1016,495,898,1082,916,901,1073,570,886,955,857,472,404,930,660,1031
549,423,776,471,416,468,754,590,684,463,455,784,621,486,457,777,710,513,664,625,789,471,500,779,665,482,550,492,533,683,546,548,408,455,467,553,565,750,449,753,491,558,472,495,596
can i take a message.
i've already seen it.
580,392,836,832,898,831,630,394,921,520,845,388,843,882,530,472,469,417,691,556,970,1183,900,1108,690,557,858,414,609,536,404,563,761,724,842,475,545,544,798,816,875,653,977
688,557,680,769,472,764,527,571,587,483,763,576,764,697,503,565,568,580,599,503,674,538,508,592,686,503,763,578,529,501,603,591,519,548,775,565,512,514,730,794,514,535,654
let me check.
960,525,650,825,870,538,828,763,545,599,598,885,1040
581,492,526,775,711,498,789,618,512,677,707,599,666
that's her book.
652,773,403,670,1063,501,833,783,550,629,821,748,966,973,909,558
535,624,570,526,607,581,784,635,510,533,785,710,488,499,598,512
what do you do for work.
482,822,409,647,854,578,1106,938,688,1092,936,872,583,1075,870,659,1057,636,892,482,611,975,1074,1050
529,633,574,535,795,573,409,698,513,416,466,724,573,422,727,606,433,525,718,508,516,580,620,681
thank you.
i'll pay.
661,973,407,931,1043,931,685,1083,917,1092,1276,975,1287,1063,1072,904,1149,452,712,1310
524,513,563,671,550,780,537,479,527,642,569,507,578,630,642,798,485,590,544,613
did you take your medicine.
572,969,570,884,700,1033,881,832,688,410,957,555,870,700,1004,859,620,832,903,553,571,581,599,922,809,536,1076
583,482,583,754,533,456,507,773,542,587,592,503,777,548,488,527,529,784,697,526,618,694,723,496,734,510,654
i'll tell him you called.
901,1016,964,958,841,593,472,949,952,821,750,879,828,802,646,922,781,746,546,367,940,941,480,507,953
465,544,651,638,753,532,487,586,582,772,628,500,711,788,531,486,531,784,705,593,577,570,505,606,687
is there a nightclub in town.
nobody is helping us.
888,419,831,594,729,481,559,477,774,349,774,746,858,638,715,624,597,931,754,712,766,811,722,741,618,896,399,723,913,1172,751,919,688,915,513,709,762,828,455,765,696,912,998,822,723,644,650,768,735,453,955
524,573,791,524,629,498,512,485,803,592,806,727,515,636,643,550,717,621,527,731,812,527,769,832,558,505,512,742,687,552,749,515,729,523,617,542,829,517,613,818,646,628,504,524,722,631,642,829,558,597,709
i was in the library.
896,807,402,347,421,808,860,757,775,696,714,481,777,919,821,683,556,367,577,737,918
506,805,532,627,603,801,505,718,809,639,633,496,815,607,503,722,535,603,554,538,733
there are some apples in the refrigerator.
602,731,475,547,474,796,354,552,474,792,427,906,832,498,818,357,1014,1007,944,487,444,801,845,766,778,617,690,495,760,554,477,610,540,824,675,491,550,376,625,896,544,951
523,656,499,519,498,818,599,531,511,822,575,518,748,528,817,608,500,505,618,524,597,824,548,767,831,559,691,524,829,539,511,626,532,517,656,528,552,618,556,503,526,697
just a moment.
818,783,427,789,800,359,784,843,941,822,498,766,618,965
626,546,590,821,814,616,828,735,526,742,529,748,549,713
is there an english speaking guide.
how long does it take by car.
902,408,802,586,736,469,554,469,787,331,746,780,479,763,627,981,872,426,735,804,432,1008,472,349,881,866,767,632,785,627,758,830,504,958,1044,1370,829,1013,394,843,1018,1000,806,629,835,517,952,484,423,830,870,604,815,608,348,884,488,822,718,667,815,538,353,553,1005
487,609,792,533,620,513,530,503,806,611,739,817,529,778,619,635,525,614,660,835,627,523,521,645,647,537,758,637,847,638,562,522,620,733,747,575,675,526,549,809,637,524,767,648,858,637,520,545,646,842,545,570,833,568,641,657,551,844,747,544,851,773,668,578,778
how old are you.
757,955,395,801,957,979,512,826,342,548,471,824,666,940,783,999
649,483,538,827,484,610,637,826,632,561,556,846,574,491,557,695
do you go to florida often.
530,940,807,674,1002,847,815,671,996,834,648,1000,818,610,1014,1012,587,927,556,376,828,991,608,663,524,783,990
578,474,774,474,390,429,697,532,407,716,494,391,727,572,399,397,491,419,571,580,733,412,601,502,492,660,604
good idea.
fill it up, please.
601,911,929,535,815,850,553,529,383,988,1223,607,853,944,940,805,617,845,797,770,977,979,835,1033,981,448,509,465,528,1230
597,441,436,578,768,474,608,524,617,639,518,627,480,579,582,792,555,508,808,564,493,747,804,475,599,630,532,621,554,759
my cell phone doesn't work.
949,711,897,621,526,1029,1026,888,1120,793,1000,815,543,869,563,964,547,480,808,1153,670,868,471,1002,607,923,1056
722,521,818,725,521,600,602,811,505,675,503,766,541,824,631,524,538,623,759,607,561,832,564,522,558,646,732
it's here.
i've seen it.
963,652,1194,464,900,817,525,598,530,1067,1309,943,1186,707,542,891,479,532,527,826,883,934,659,1069
502,547,600,614,815,657,536,560,528,739,561,536,619,770,564,842,643,569,564,789,850,546,592,732
i'm lost
where did you learn it.
921,1149,920,897,1006,986,488,684,1431,815,515,524,607,529,853,556,917,557,848,728,988,827,793,982,525,398,598,789,860,904,666,1047
555,609,781,858,702,562,640,557,611,683,560,546,561,542,860,644,555,640,853,573,525,595,848,665,552,628,551,809,862,551,586,736
i'd like a table near the window.
the plane departs at 5 30pm.
898,1111,539,851,1001,909,915,506,847,375,838,625,403,744,1052,498,915,854,504,382,583,872,645,745,493,798,378,930,1255,804,509,1014,378,1024,590,790,461,833,1069,981,354,859,478,856,385,355,958,250,443,516,303,720,260,516,703,463,711,376,948,734,992,785
511,628,635,828,674,539,663,560,840,639,862,559,639,746,577,549,809,759,556,636,558,866,571,684,548,830,533,476,893,700,635,491,534,708,565,640,521,804,484,623,631,708,539,804,461,406,353,549,461,444,525,686,554,463,709,385,722,407,332,767,403,690
sorry, i don't have a pencil.
607,1119,718,719,862,1068,1034,658,1004,674,1153,932,806,1260,995,926,552,793,625,977,502,963,1189,623,917,688,1008,1109,1149
566,439,495,500,481,657,463,547,719,578,411,670,487,533,766,600,597,652,496,778,603,789,455,503,732,698,481,624,713
some books.
599,1113,1016,656,975,846,1133,1140,1051,608,1182
582,464,675,492,779,693,453,447,577,588,681
who's calling.
569,900,1056,1221,591,973,715,506,1117,1119,1022,907,801,1175
513,618,462,583,606,785,666,593,595,579,502,738,608,695
is it close.
1005,565,843,962,689,859,697,1077,1041,512,590,1071
255,415,604,310,384,635,609,380,304,362,335,531
that's her book.
739,831,440,735,1170,529,877,858,591,672,875,847,1042,1048,960,1116
416,519,462,412,385,408,696,483,341,395,709,553,340,332,472,535
start the car.
598,767,473,769,831,920,791,636,893,899,705,465,706,1256
466,429,474,417,416,683,430,376,712,712,630,489,396,670
what's the matter.
it's 8 45.
512,929,435,683,1210,536,894,685,902,567,918,967,442,443,713,565,657,1082,1296,979,687,1193,523,930,904,836,479,565,1116
489,587,539,488,551,538,718,488,519,449,712,637,536,528,489,460,477,628,486,465,498,544,529,733,361,735,418,402,678
it's 17 dollars.
919,639,1065,448,864,316,723,790,517,1000,1034,1021,367,557,428,1040
458,483,553,555,786,441,426,794,588,466,611,610,599,528,609,703
these books are ours.
688,881,565,510,571,895,765,1048,1055,959,526,894,445,632,555,886,1018,869,659,504,1061
492,572,444,520,448,751,684,440,444,578,548,757,570,506,472,764,477,522,501,551,650
it will arrive shortly.
call the police.
1054,721,969,519,1040,1118,1127,948,479,663,661,1009,738,597,938,569,979,1151,685,765,1154,834,1193,1428,661,456,1141,1142,971,730,887,601,926,1167,1061,1100,989,660,596,1105
483,561,779,524,503,579,575,805,610,521,518,509,693,512,811,582,513,399,504,501,544,492,685,584,714,620,602,605,805,542,653,501,811,530,506,649,537,723,526,741
the book is in front of the table.
721,878,580,918,745,1089,1084,1017,954,1027,573,941,1014,923,932,704,693,1087,895,754,962,1094,716,960,748,964,610,982,737,484,859,1124,614,1188
529,623,501,778,715,482,485,604,772,482,616,781,487,745,810,638,561,508,753,537,821,510,631,732,537,588,521,785,522,587,721,582,506,683
i only have 5 dollars.
1099,995,1300,1024,1259,803,1049,964,541,794,664,1016,746,1006,707,1164,1184,1175,552,751,623,1280
433,796,411,698,589,524,773,624,625,723,543,802,444,807,639,489,628,621,633,564,633,749
what color is that car.
where is she from.
587,944,513,777,986,703,1124,1132,1112,714,977,1032,596,958,749,871,520,775,941,682,495,696,1104,1374,559,614,700,694,612,931,997,568,936,570,863,618,914,714,690,1067,969,1130
547,617,601,540,809,701,489,645,491,544,796,512,616,829,535,652,625,544,838,743,633,556,742,593,563,532,549,554,533,847,549,619,855,619,671,537,867,644,562,540,758,723
i'm good, and you.
1059,1261,1054,956,737,1095,1096,642,980,498,920,653,949,779,1064,911,1114,1107
445,586,750,827,634,507,502,624,845,641,780,639,854,580,536,579,732,770
are you okay.
489,690,619,984,763,1147,986,944,1146,1082,497,439,1190
581,500,470,733,501,454,491,760,472,577,572,898,704
your daughter.
788,1111,962,659,936,624,478,943,784,895,757,612,689,1158
503,431,470,479,733,560,577,482,581,585,513,487,506,665
what does he do for work.
550,882,495,754,912,651,1070,624,574,928,869,624,922,658,1047,886,728,1047,689,900,546,1050,685,981,1077
487,629,589,515,799,594,482,501,571,791,641,504,805,599,500,830,612,498,533,815,510,510,521,615,684
would you like to have dinner with me.
542,1096,934,1111,627,966,841,1105,932,895,1095,976,608,994,931,734,1067,901,879,493,769,631,930,641,984,884,893,610,692,913,550,966,732,831,883,926,1091,1338
523,496,524,588,581,794,526,468,531,803,610,539,514,647,836,548,528,848,663,594,692,540,836,625,537,750,749,522,546,851,540,556,559,695,870,759,720,789
i can't hear you.
975,872,577,379,831,1152,640,885,803,519,368,556,852,648,989,828,1042
502,835,737,635,773,626,594,840,690,552,627,562,870,574,534,579,729
it hurts here.
953,624,864,806,816,542,610,449,906,843,477,549,469,1073
563,561,860,723,558,571,599,656,877,703,543,564,533,825
what's the exchange rate.
421,826,378,620,1121,460,891,620,771,499,820,502,503,542,760,359,786,645,510,832,553,382,634,507,1036
597,673,653,567,657,644,866,576,702,567,851,578,762,775,704,683,848,676,606,888,610,690,600,589,803
across from the post office.
381,590,566,995,461,459,884,594,1046,961,512,949,640,806,513,1090,1002,481,674,876,1036,616,609,925,567,524,1087,1250
565,649,507,443,552,555,768,597,461,708,484,759,513,623,489,501,499,549,519,809,475,606,625,496,678,500,696,727
did your wife like california.
where's the pharmacy.
542,918,550,858,711,970,813,587,901,460,962,616,524,876,1018,911,941,532,871,610,408,1008,896,632,1004,605,819,918,400,1043,1370,462,810,528,597,533,1153,466,883,632,787,528,843,1133,761,372,929,936,591,801,1105,1278
616,502,617,813,542,496,544,516,831,548,520,613,524,825,646,547,642,538,853,739,619,600,531,635,520,548,770,547,617,769,562,549,673,527,564,538,627,585,847,564,689,544,850,559,702,617,795,794,722,552,730,741
would you like something to drink.
what are your hobbies.
433,1024,853,1044,512,875,666,1005,844,801,984,863,490,915,880,469,1014,903,518,633,777,915,782,674,835,628,955,829,535,577,882,793,903,995,1270,443,766,355,586,848,382,585,518,854,682,966,815,569,819,759,935,755,735,899,521,460,1065
548,483,483,601,591,824,562,515,566,804,655,562,521,663,858,618,539,750,541,563,686,542,776,653,856,584,551,850,637,569,559,802,653,770,620,564,707,622,556,868,627,570,554,867,589,567,620,553,880,740,583,765,752,575,544,607,746
it's north of here.
932,637,1077,459,865,798,981,626,738,782,978,599,799,748,503,584,513,1049,1173
559,596,658,632,858,809,580,565,711,892,553,663,888,722,544,569,539,716,781
nothing else.
807,948,635,702,836,904,726,642,506,957,480,530,1043
777,560,592,705,569,567,827,649,541,639,627,559,616
what time is it.
456,397,648,646,850,641,897,889,512,864,898,475,824,889,634,982
599,644,599,617,860,600,557,783,578,870,583,640,873,587,607,763
your children are very well behaved.
i'm from america.
702,975,804,563,814,602,848,1007,1041,545,576,828,835,388,593,517,859,713,531,614,797,870,504,574,1005,1001,852,793,746,580,759,462,711,586,605,1066,1303,887,919,913,918,656,625,1040,950,920,453,965,579,654,953,627,444,1059
613,544,572,590,866,784,652,504,620,673,609,813,891,683,607,596,884,803,576,618,596,887,568,567,660,667,905,809,788,579,724,691,789,562,680,787,615,593,775,885,921,703,599,617,810,909,694,822,592,608,635,781,672,831
that's too much.
i'm not married.
665,824,423,682,1180,530,891,694,1006,866,892,900,822,613,791,1051,1323,898,1148,944,877,860,1017,685,860,914,421,625,614,898,548,484,1075
632,732,670,620,683,686,909,636,606,917,907,837,633,803,749,790,645,636,712,891,925,865,638,639,909,856,695,619,620,629,596,644,827
please tell her john called.
1065,1059,562,433,537,707,860,698,568,1019,1009,838,795,553,628,837,817,974,768,801,815,609,413,987,981,542,577,1483
562,686,637,722,719,652,944,665,631,725,726,923,732,625,633,931,764,614,775,871,949,802,713,716,723,607,697,776
what's wrong.
594,919,556,788,1184,630,969,619,1091,751,939,834,1144
575,698,645,598,671,641,866,594,598,596,818,688,763
that's too many.
816,938,595,836,1192,688,992,839,1090,1115,957,1014,607,938,920,1167
647,781,684,649,719,692,907,656,630,598,909,817,687,848,649,784
it's far from here.
i don't have any money.
962,779,1164,615,937,751,532,939,949,762,738,1053,978,956,865,676,747,682,1097,1242,962,920,706,1054,899,1154,815,956,886,554,797,671,959,555,908,870,946,957,1060,718,855,1130,1380
627,616,703,668,878,698,666,883,893,732,627,626,809,890,752,599,621,592,756,664,624,897,672,591,799,696,625,893,730,693,761,593,893,690,822,644,906,838,620,695,661,806,798
please tell her john called.
1091,1040,608,556,575,412,755,542,432,917,921,774,695,433,502,738,729,914,649,700,715,537,302,882,875,429,457,971
543,648,563,660,666,535,788,579,541,592,595,788,658,561,571,807,677,491,656,763,846,743,628,635,641,545,628,731
that's too much.
628,806,384,675,1192,470,906,643,1032,1057,855,936,832,572,780,1084
545,591,618,535,564,592,783,545,491,473,823,744,553,707,682,756
where is there a doctor who speaks english.
426,820,481,555,489,851,892,455,626,749,757,497,577,566,841,836,870,552,1058,565,720,1040,557,891,415,781,1007,832,470,1103,498,372,951,471,873,510,807,674,999,899,468,735,1069
538,641,506,516,500,839,542,594,547,665,676,509,529,528,851,849,802,601,455,722,544,486,525,805,519,649,506,820,608,493,521,632,650,635,836,525,762,625,645,545,598,679,724
how many people.
806,1008,427,842,904,817,744,862,887,1101,521,1016,1129,1025,520,1169
668,508,532,829,727,754,555,830,821,499,524,511,501,647,515,740
all day.
i'm sorry.
385,1000,1009,878,629,482,1131,1168,1365,1016,1245,1055,963,574,694,701,778,900,1155
463,423,416,663,476,507,579,560,435,399,485,626,734,520,432,441,419,429,633
take this medicine.
which one is the best.
750,485,1009,622,948,767,840,994,573,934,994,616,676,976,720,998,913,643,1114,1371,531,829,980,699,843,923,1058,874,620,973,970,577,952,751,828,609,933,926,594,617,804,1084
470,545,512,414,725,466,568,435,508,718,656,428,537,404,615,377,646,409,588,434,455,547,397,601,552,708,393,656,421,720,409,511,737,449,568,417,728,680,404,505,491,597
is it raining.
have a good trip.
982,580,954,999,769,957,664,487,987,885,996,863,817,1084,1447,881,489,803,580,968,470,947,778,1072,663,676,956,790,654,955,1160,1142
446,529,730,445,465,720,451,540,451,652,436,666,551,619,469,578,555,628,395,754,550,755,547,423,506,528,755,474,425,426,395,622
the book is under the table.
she's older than me.
743,813,580,897,852,1034,1026,970,918,932,548,917,839,869,668,631,643,912,722,562,904,898,696,419,843,1034,513,1065,1339,493,809,523,1210,489,915,1009,1062,607,520,606,909,672,802,434,849,876,946,530,1084
453,590,430,753,658,410,397,556,754,444,500,742,466,717,546,403,430,744,443,426,734,755,481,584,655,497,438,637,416,569,599,472,482,549,769,418,531,572,462,475,758,493,599,583,721,783,694,464,626
i ate already.
798,755,303,542,412,772,318,393,453,367,251,454,643,921
404,791,583,489,473,771,589,470,463,435,567,539,485,638
what do you do for work.
i trust you.
357,678,307,548,751,467,855,727,582,867,697,700,476,900,730,534,467,463,769,334,911,462,835,986,1191,825,797,550,442,713,376,551,764,611,888,694,1003
492,600,580,488,758,553,437,790,494,422,496,791,571,406,796,587,472,494,758,496,410,465,551,606,435,449,748,484,480,496,562,498,763,519,445,507,590
how long have you lived here.
1077,1294,772,1116,1280,1296,1064,1044,1127,1030,768,1047,881,1110,1068,1273,1087,1037,1245,1169,1034,855,865,1113,1030,851,927,865,1256
572,422,490,771,578,415,694,622,775,579,587,717,484,792,548,446,503,781,582,497,734,473,605,795,608,492,506,487,656
what time is it.
673,939,612,881,979,855,1009,984,740,985,1041,683,977,1016,852,1152
543,611,606,550,794,550,515,692,501,791,498,567,806,506,530,675
i don't think so.
1045,986,760,1136,957,1267,860,999,861,923,1083,947,1072,993,675,1134,1183
518,780,599,478,695,549,561,796,556,639,488,719,572,812,559,481,685
i'll take you to the bus stop.
in 30 minutes.
1027,1221,1137,1135,995,865,589,1052,728,989,883,1116,947,915,864,1129,958,854,913,717,972,905,928,649,960,690,849,1084,1166,1133,1312,1023,944,979,684,1127,968,1032,1025,954,912,848,719,672,1078
526,566,606,614,780,543,591,588,498,793,547,486,541,808,543,471,822,544,626,498,805,726,531,569,799,587,528,491,475,706,565,528,744,814,431,431,803,717,505,750,559,539,499,569,678
where can i find a hospital.
667,929,731,804,726,961,791,604,927,939,1027,953,799,1005,1200,901,748,953,581,884,1047,674,1076,992,805,559,1072,1097
539,618,522,536,498,779,710,599,722,793,484,799,642,514,564,733,620,799,608,657,501,602,465,449,503,589,590,665
where did you go.
625,888,692,767,693,917,721,956,723,915,861,860,874,866,834,1053,1074
521,622,512,522,500,775,587,507,600,776,536,795,547,822,614,481,707
where is she from.
420,767,486,544,477,783,840,454,781,451,413,492,794,593,547,911,832,995
540,633,529,513,508,818,517,595,826,599,536,520,822,634,534,520,725,692
