is there a movie theater nearby.
1212,670,862,812,1105,728,779,706,878,553,868,1143,1267,834,1193,754,885,875,1091,763,592,874,756,807,898,1068,758,591,795,909,1100,1356
578,623,861,600,662,566,594,545,873,658,863,767,605,770,587,571,869,630,683,557,665,623,577,602,900,764,573,667,595,708,639,721
that's her book.
860,1036,612,868,1328,706,895,1039,773,824,898,924,1207,1199,1127,1293
632,697,675,626,630,620,886,707,585,617,882,768,611,616,666,770
that's too expensive.
862,1053,628,881,1369,721,905,864,1227,1228,916,771,762,1310,788,1060,732,1165,898,767,1277
616,746,676,617,680,642,895,622,652,652,900,564,733,629,588,815,653,634,748,570,775
where can i exchange u.s. dollars.
725,1024,798,840,775,915,825,659,1022,911,1133,896,773,768,844,1029,657,1025,932,795,925,1079,1283,748,1288,909,809,1234,1235,1243,645,843,738,1277
602,710,597,617,564,892,751,693,782,897,598,900,575,757,781,708,694,798,704,585,903,645,759,657,755,895,680,583,661,651,687,621,650,743
my car isn't working.
1067,916,922,822,652,859,924,1148,734,1041,1303,884,925,742,1218,855,1144,1137,1040,942,1274
761,647,903,723,685,625,897,601,637,770,666,627,900,599,589,622,686,597,757,702,761
what's your last name.
749,1050,651,911,1345,747,920,936,1217,1083,849,929,1304,636,727,894,932,1093,633,903,787,1318
611,710,684,639,621,650,915,654,595,604,622,903,658,687,661,635,910,766,686,736,579,733
what do you do for work.
how long is the flight.
749,1067,657,904,931,806,1249,932,938,1239,1099,934,809,1242,929,901,1305,843,932,744,1323,870,1243,1375,1510,1121,1319,730,926,1335,1309,1133,929,911,1259,757,910,914,1131,807,922,898,1334,1247,945,1129,923,1360
614,693,688,640,918,651,588,905,652,599,625,911,638,596,901,694,642,615,901,604,626,624,668,779,639,717,606,598,905,709,618,796,694,905,605,642,896,645,702,581,886,693,678,605,705,705,649,761
my throat is sore.
1154,954,942,900,1112,858,1305,656,921,935,1245,761,934,771,1301,879,814,1352
747,651,921,637,683,625,593,684,643,910,579,656,912,657,604,643,586,753
no problem.
1063,1250,930,1347,851,1280,949,1300,819,1181,1350
748,603,910,574,625,571,786,671,587,758,771
how was the trip.
1116,1295,762,932,760,657,748,935,899,1108,809,937,922,846,1212,1369,1349
687,610,609,907,615,683,654,910,635,688,578,906,639,608,597,604,761
i'm looking for the post office.
1203,1455,1214,940,1294,1296,1298,1231,1220,1103,941,932,900,1279,876,938,881,1104,803,937,1384,1309,760,928,940,1291,908,904,1223,840,809,1298
604,636,779,908,694,608,609,687,591,779,694,911,682,623,627,900,625,712,572,892,623,608,643,649,900,626,695,692,603,817,592,772
what time is it.
762,1111,671,943,956,937,1245,1199,831,956,1247,772,942,1248,928,1356
621,710,691,656,923,657,589,754,591,907,610,658,917,608,653,759
how do i get to the american embassy.
1110,1290,778,950,846,1293,941,1223,950,964,844,958,973,946,1307,983,943,1111,847,978,678,1179,848,909,1231,874,716,1097,961,848,1171,1021,711,801,800,1007,1355
711,617,616,921,700,628,901,605,904,717,598,660,921,653,615,941,652,701,582,920,685,767,632,642,609,787,711,787,916,602,789,823,709,668,672,683,764
do you accept u.s. dollars.
860,1290,970,978,1272,1145,964,721,900,894,866,1467,970,984,1283,1429,816,1438,975,880,1379,1380,1375,723,918,806,1421
694,618,907,659,606,624,903,698,789,779,615,616,667,938,552,703,675,731,929,665,609,705,689,708,646,668,748
what did you do last night.
take me to the marriott hotel.
811,1119,706,981,994,867,1245,871,981,1006,1305,1173,992,882,1299,982,1311,719,829,959,999,1122,1226,1017,1122,976,1415,1567,986,723,1280,878,1012,1212,906,999,989,1343,994,981,1169,885,992,1206,712,940,930,1257,1338,989,979,1003,1133,1316,992,878,1339,1343
629,720,704,664,934,669,620,670,919,685,636,644,933,674,632,924,706,703,692,669,939,759,611,728,708,656,765,600,669,693,671,621,963,797,609,938,662,620,924,663,728,599,911,838,706,651,639,630,636,657,656,919,746,631,653,583,725,755
are you married.
709,925,860,1001,1005,1273,1129,1002,1145,720,939,929,1203,868,869,1301
695,628,574,911,649,609,607,918,773,694,632,633,591,572,634,759
i was going to the library.
it's here.
1198,982,813,709,812,984,996,1273,1192,1095,1004,986,979,1256,991,990,1092,882,989,1255,1182,1051,937,715,933,1023,1327,1554,1221,977,1416,820,994,1112,895,941,878,1341
600,901,604,690,664,903,708,609,587,748,705,920,651,612,904,666,702,602,900,675,598,784,643,691,642,668,753,621,607,652,646,655,925,718,606,656,593,745
from time to time.
937,926,1325,1220,993,978,1249,1201,872,993,978,1307,1000,979,1235,1190,877,1353
671,637,584,760,902,650,583,747,596,900,650,596,905,654,575,731,579,729
can you do me a favor.
886,732,1129,984,1017,1287,1160,979,869,1286,987,1191,877,996,726,991,981,737,965,1300,942,1340
742,699,754,899,662,598,617,887,652,606,908,752,594,899,691,896,708,697,778,589,651,756
have you ever had potato soup.
how many languages do you speak.
1147,709,936,865,994,1016,1300,1180,998,867,959,851,931,1000,1123,702,859,982,1355,1290,965,693,971,1299,1007,811,1290,1158,1375,1362,1574,1137,1329,805,999,1157,718,1124,1018,1003,1279,725,1117,998,1152,730,1015,865,811,997,875,1304,993,1018,1302,1164,1003,814,1381,878,719,1244,1377
697,702,773,612,909,665,605,608,909,598,752,597,641,914,665,702,658,896,607,604,657,688,655,609,903,645,614,644,597,763,639,694,589,615,918,768,691,794,668,914,694,693,780,705,646,694,712,584,649,902,665,619,900,665,594,633,910,641,601,594,689,657,782
take a chance.
979,726,1324,871,997,711,998,925,1213,758,1192,893,890,1418
648,686,646,598,915,695,905,753,706,704,756,758,606,725
i'd like to go to the store.
1250,1460,893,1001,1335,1260,1262,888,1000,993,1329,1012,1031,1325,1011,999,1322,1013,1003,1147,891,1003,847,1014,1368,948,887,1371
593,634,655,914,689,585,671,601,903,658,612,906,705,617,911,657,618,912,660,708,587,909,655,668,601,642,595,745
what's the exchange rate for dollars.
which one do you want.
842,1163,748,1005,1471,843,998,999,1159,902,1003,904,882,942,1151,784,1149,1056,914,1017,961,730,997,893,1010,1002,1320,957,1012,901,1318,1341,1349,748,957,836,1362,1597,845,1151,1307,930,1173,1012,1348,1173,903,1001,911,1341,1007,1039,1319,1194,1016,863,754,1134,1020,1349
625,706,703,657,662,655,899,656,703,605,903,600,781,804,711,713,796,738,608,909,648,693,664,587,903,722,637,650,904,678,625,701,690,700,646,658,769,575,627,695,587,806,696,918,600,765,613,909,708,621,914,674,617,645,918,635,698,778,665,745
i'm sorry, we're sold out.
1204,1407,1223,1009,855,1303,962,947,1048,1387,1018,863,923,1474,962,900,1016,870,1318,1325,902,1003,1312,1185,980,1347
598,665,775,911,671,611,651,640,673,726,923,630,613,667,640,582,902,686,587,680,685,900,603,623,652,767
when are you coming back.
842,1128,906,1126,1022,755,965,896,1022,1056,1274,1144,1020,943,1273,1198,1200,1123,1057,1025,1091,810,963,1242,1365
634,703,612,794,914,697,632,616,912,678,613,627,905,791,600,782,596,775,733,933,833,712,805,673,748
at what time.
766,1034,1036,863,1162,773,1016,1038,1018,1264,1210,921,1360
709,662,927,632,702,697,658,923,664,584,750,604,738
when do you start work.
i'm tired.
861,1158,926,1152,1027,935,1304,1030,1058,1299,1182,1033,887,1065,803,975,1065,1043,896,1311,1231,1310,1402,1588,1278,1500,1261,1033,1022,1289,963,926,933,1395
630,713,621,793,924,700,644,925,683,657,675,925,694,692,712,657,688,935,638,620,689,695,811,662,621,697,814,927,666,625,637,597,725,791
where is main street.
878,1145,944,997,936,1023,1279,887,1006,1225,784,1262,1152,1022,890,1056,972,923,922,1039,1360
636,715,634,660,601,918,604,669,916,770,709,602,737,920,676,688,655,619,615,673,768
do you sell medicine.
935,1029,1045,1070,1315,1048,1049,892,939,1312,1310,1040,1204,935,961,1228,970,1240,1189,931,1384
701,904,919,683,621,927,934,682,615,673,654,931,781,619,690,602,793,599,811,626,803
what would you like to drink.
will you take me home.
883,1194,784,1060,1057,888,1367,1242,1381,946,1041,1071,1355,1235,1051,1348,1277,1278,945,1051,1048,1047,1052,968,1270,993,1168,1271,1384,1603,887,1293,1380,1376,1053,1082,1363,1245,1045,1062,796,1311,941,1043,1265,941,1045,1181,1356,1265,942,1395
637,712,709,684,943,637,615,614,685,682,934,684,631,632,939,715,625,712,628,930,676,929,927,685,641,663,807,727,817,697,636,642,731,716,942,688,663,684,935,685,700,685,644,928,813,631,922,738,643,802,625,815
i'm not going.
1242,1432,1227,1035,1152,1313,1040,1052,1067,1316,1244,1148,1062,1368
617,673,808,921,802,628,671,925,723,632,611,784,714,768
how do you pronounce that.
he likes juice but he doesn't like milk
1053,1225,734,910,821,1222,941,927,1216,1095,931,1312,871,1231,1069,1240,1090,1036,839,824,930,930,1045,672,943,1240,1512,1063,837,933,1271,1187,1192,828,765,932,1127,1167,1236,873,824,932,994,1144,941,956,1092,856,947,868,1257,861,800,1061,1402,955,968,1280,1200,1206,857,964,1167,1205,1292,855
715,609,589,881,662,633,643,647,627,650,897,618,620,616,784,616,644,815,796,597,892,638,738,679,655,769,621,721,594,889,693,600,680,589,652,889,708,616,587,771,593,889,804,638,659,899,715,606,891,692,624,611,677,787,674,651,902,690,608,692,596,903,762,615,708,605
which one do you want.
801,1088,1192,878,1095,968,1277,1083,869,961,873,1282,998,979,1254,1137,979,825,732,1073,878,1314
633,732,601,792,722,906,620,781,616,903,705,632,669,668,624,655,916,634,699,777,601,779
when do you get off work.
798,1076,866,1071,978,863,1232,981,1001,1225,1112,975,1014,878,978,981,1242,977,817,980,840,1362,930,1264,1390
620,715,606,801,917,698,633,906,669,640,674,904,728,596,657,912,630,711,653,710,636,594,656,699,790
how much are these earrings.
do you want to go with me.
1123,1296,672,885,1172,1151,789,1096,881,639,810,758,884,882,1085,783,701,761,885,753,611,813,813,1211,1100,900,721,1309,1542,778,1293,888,915,1289,1170,908,734,646,1107,901,916,887,1290,917,937,1293,909,741,1212,917,1108,924,1164,801,1346
697,617,615,884,765,633,789,709,893,702,628,601,878,649,747,614,671,599,877,594,693,627,627,631,804,719,684,769,594,675,623,884,664,620,638,906,630,702,767,663,915,659,629,920,740,632,914,631,601,673,695,933,754,608,750
that car is similar to my car.
899,1099,647,913,927,824,662,843,933,1242,751,914,749,1245,1187,1242,1304,666,875,939,904,1296,928,1171,982,939,872,705,890,1303
668,721,709,675,940,797,718,655,939,623,680,928,668,618,769,624,685,715,659,943,659,647,931,786,696,943,779,725,678,767
when does the plane arrive.
how is she.
694,1065,781,1053,886,804,1216,791,722,888,866,1068,784,892,1311,1271,621,1067,774,892,628,822,830,1165,871,767,1272,1509,1096,1265,709,886,1205,722,885,724,1066,783,1312
622,727,615,791,917,676,638,616,677,916,657,717,606,921,621,688,691,780,603,906,697,645,648,625,766,620,757,607,711,623,627,918,614,685,916,676,718,617,743
what's your religion.
727,1080,630,907,1437,736,896,930,1296,1157,847,907,845,793,1311,1239,955,1240,1302,1101,1358
648,745,712,679,658,693,938,702,631,640,668,938,664,625,688,602,762,599,619,754,743
that's enough.
there's a book under the table.
892,1115,663,902,1495,747,915,804,1120,1306,1166,955,1097,1359,1534,899,1152,835,875,823,1481,770,913,656,912,972,1340,1348,1275,1200,1245,1154,853,832,875,932,898,1159,824,923,894,650,1344,821,1347,1402
691,728,721,698,658,705,953,628,793,643,617,758,717,761,659,698,694,659,688,648,674,697,944,725,940,857,641,632,700,654,651,792,739,645,689,960,691,708,629,953,673,724,692,638,727,783
i like her.
1153,809,1224,1137,1147,696,818,1034,703,748,1241
597,916,691,605,689,601,901,718,582,616,758
she's going with me tomorrow.
he doesn't look like a nurse.
650,1006,720,1385,644,828,843,1194,1126,1008,859,829,679,1132,833,1004,846,1081,747,854,840,1193,1093,1187,768,770,1187,670,1233,1469,1032,734,835,751,1229,747,686,1021,1353,833,849,1249,1217,1226,1151,855,1268,1169,1169,766,850,608,854,1046,1080,788,681,750,1270
666,717,602,655,659,916,707,603,576,753,714,933,629,590,674,689,938,787,607,925,670,615,805,625,644,643,626,633,783,640,710,613,930,716,616,613,712,774,662,669,932,686,620,617,675,924,686,603,679,633,924,706,940,793,651,660,734,639,778
every week.
740,855,747,791,893,880,689,770,768,1160,1270
629,814,633,654,700,956,633,631,628,671,786
can i access the internet here.
783,660,1043,867,1178,880,610,806,799,785,708,706,872,858,1065,791,885,1136,1022,870,781,817,1013,778,882,911,1023,801,837,786,1224
829,736,794,941,620,951,708,800,796,639,713,717,945,675,711,636,938,615,783,684,617,647,799,609,669,940,714,606,650,605,773
i'll give you a call.
1164,1426,1348,1356,910,919,1225,907,810,921,951,1285,1129,934,648,916,864,687,1276,1279,1303
579,619,673,664,921,711,613,789,616,929,684,640,629,940,699,929,789,713,656,651,776
thanks for everything.
866,1028,630,997,1122,733,931,867,1196,825,908,791,882,799,838,956,891,1062,1185,1051,951,1305
607,649,672,741,632,644,899,666,580,607,867,581,708,587,606,644,598,665,567,754,700,714
at 3 o'clock.
594,849,888,743,888,1206,1360,770,1227,1141,777,1141,1272
671,612,891,570,885,588,652,769,673,582,712,665,739
do you want me to come and pick you up.
785,1195,932,935,1186,1059,924,748,644,1016,918,928,1075,806,922,914,1183,920,873,1233,1117,828,915,665,1077,823,907,1317,1190,857,1206,918,964,1257,1115,933,1114,1332,1338
660,626,920,651,616,621,910,610,675,760,649,918,752,590,906,652,604,934,766,597,766,614,912,683,793,693,910,615,592,769,625,906,665,565,555,905,575,527,685
it's here.
your daughter.
1204,938,1524,768,938,1110,846,887,827,1444,1599,999,1295,1141,919,957,864,707,1155,992,1083,980,856,904,1401
599,636,627,669,912,683,598,636,576,770,640,691,597,595,651,921,700,694,596,732,675,676,587,636,707
what's this.
782,1113,691,964,1577,788,952,947,1129,1264,811,1419
613,666,689,658,632,674,916,663,673,564,664,761
it's august 25th.
1194,956,1498,800,963,709,1146,988,1164,797,955,978,809,996,922,1122,1361
590,653,638,660,906,695,610,721,600,693,656,915,563,546,647,676,748
i think you have too many clothes.
1171,908,883,1030,1158,1040,1175,927,939,1242,1099,922,1055,648,886,804,912,914,1269,1272,929,1121,629,1060,950,934,828,1250,1230,931,1058,828,760,1269
612,900,643,712,602,786,685,923,664,636,648,916,699,692,769,606,909,649,591,596,923,770,694,791,666,929,780,696,620,673,689,607,673,752
are you working today.
658,868,802,963,958,1235,1120,951,772,1246,878,1230,1243,1127,959,929,926,1303,858,693,991,1342
694,637,599,953,674,637,638,938,643,609,654,690,618,772,749,934,671,627,686,712,690,759
when would you like to meet.
802,1100,864,1109,958,774,1273,1145,1292,862,948,986,1274,1146,962,1293,1208,1216,853,962,950,1275,966,1187,859,853,969,1337
647,716,626,804,950,634,617,623,688,705,959,689,637,644,952,709,594,689,625,953,687,630,948,785,615,618,671,766
i believe you.
1218,971,1032,896,1312,1237,888,978,873,977,1017,1312,1175,1345
613,943,821,632,687,606,651,786,636,957,695,606,622,751
what do you recommend.
807,1122,724,1008,999,885,1300,983,1016,1293,1173,998,918,853,905,1301,1204,1198,879,1131,886,1361
642,723,721,695,953,723,635,947,701,639,658,962,665,601,816,616,797,789,653,797,709,765
i'm allergic to seafood.
1230,1527,1232,983,720,1343,1344,866,904,1005,1270,889,987,963,985,994,831,881,723,956,1319,1327,886,1360
611,665,789,951,729,693,687,623,664,736,607,753,951,678,936,952,698,629,720,753,626,617,713,753
i'd like a room.
the cars are american.
1171,1414,675,779,1255,1176,1179,672,791,533,791,717,1235,1238,1141,1314,1522,771,1064,685,811,730,565,737,632,803,573,758,710,832,565,1103,736,776,1130,760,590,1009,1246
518,582,655,828,602,498,599,574,830,662,843,588,518,514,698,691,526,604,591,561,855,721,670,597,627,855,675,606,571,865,669,721,599,600,557,748,682,732,698
i'm very busy. i don't have time now.
should i wait.
1123,1372,1097,845,827,738,768,891,857,914,1074,703,903,1269,885,1154,883,796,1230,1038,1371,867,898,1037,625,878,781,885,875,1171,1125,780,883,1072,1233,714,1340,1571,739,1053,1259,1108,1275,819,904,1197,907,749,656,1192,902,1333
563,617,769,901,766,600,612,647,883,772,580,668,652,726,900,555,899,667,548,748,625,636,915,662,683,775,603,888,642,545,740,611,887,721,559,604,733,630,686,689,577,585,631,678,912,560,904,631,693,558,649,686
when did this happen.
747,1083,824,1058,924,836,1189,836,922,925,1092,1209,772,934,1101,682,1372,1377,832,1091,1339
626,675,612,775,911,674,594,671,906,674,713,587,683,925,698,718,599,593,632,777,737
okay.
where can i exchange u.s. dollars.
1318,1245,682,988,1375,1591,778,1097,873,918,862,971,919,746,1116,979,1224,978,877,850,933,1105,749,1093,1015,902,984,1159,1405,834,1386,983,910,1288,1311,1313,747,934,845,1351
585,651,719,683,745,619,644,684,644,672,630,940,789,745,774,953,596,949,635,798,825,712,750,799,771,652,953,632,738,712,735,952,726,590,689,674,736,678,703,747
what would you like to eat.
820,1121,726,1002,1015,828,1302,1171,1311,902,999,1024,1302,1163,1010,1313,1236,1235,905,1001,991,1301,1009,904,739,976,1360
650,713,728,702,960,656,615,602,683,722,960,703,618,620,961,689,581,662,652,954,691,614,954,633,717,679,754
do you have a boyfriend.
a little.
908,1332,994,1038,1317,1202,1025,1141,770,979,923,1005,750,1009,1081,1310,1080,1004,975,1256,914,1145,927,1362,1565,761,1020,1379,1295,1009,1014,916,1355,1413
697,616,927,713,621,627,945,714,737,832,674,940,743,937,821,625,724,766,687,587,633,767,692,737,664,737,944,663,592,695,700,631,660,759
i want to buy something.
where are you.
1147,902,711,618,1042,869,903,870,1208,900,963,1079,950,922,767,1202,1122,813,905,1024,1142,1037,949,1275,1495,760,1058,832,867,818,917,676,855,804,923,939,1212,1071,1276
610,959,671,744,804,689,948,679,641,945,825,649,724,953,708,619,791,651,692,727,615,794,746,772,647,666,719,657,688,636,946,744,681,629,933,696,617,599,772
it's very cold today.
1181,864,1475,728,898,873,780,823,925,933,839,1263,1273,821,910,903,1255,817,652,926,1347
484,543,559,573,809,679,520,535,560,819,690,497,567,597,808,560,493,550,603,562,647
who are you looking for.
745,1145,1324,931,673,862,814,937,971,1322,1188,926,1331,1233,1242,1258,1242,1142,964,941,932,1300,880,1329
542,593,487,825,628,552,518,825,573,510,520,820,569,481,478,575,486,639,638,848,633,519,574,616
it's august 25th.
can i have the bill please.
1239,941,1524,791,950,693,1205,967,1210,805,935,970,776,887,978,1107,1402,1639,886,734,1134,965,1266,971,1137,709,963,859,971,969,1142,852,964,1036,1250,1348,979,994,1408,1373,891,730,816,882,1391
498,596,575,598,842,637,524,653,527,626,592,853,495,555,595,631,643,593,734,666,712,867,517,873,624,658,741,568,872,613,617,551,847,757,512,582,881,891,520,577,589,665,663,595,660
expiration date.
872,839,1468,1317,915,708,977,1311,1390,1179,992,896,743,991,888,1395
582,727,540,508,613,664,626,506,517,665,894,664,671,626,583,657
do you like to watch tv.
where are you going to go.
889,1368,983,1000,1352,1234,994,1378,1297,1291,881,996,984,1352,997,828,740,994,907,1170,996,990,997,1408,1652,839,1178,918,958,906,1008,759,960,888,1014,1039,1359,1225,1025,1053,1357,1295,1177,1053,1026,1031,1032,1035,1056,1351,1379
634,537,876,620,540,568,882,617,512,623,575,882,631,559,888,598,673,638,766,629,892,644,755,674,602,616,645,612,630,581,886,684,627,587,888,649,558,577,898,708,545,524,685,707,915,660,907,912,709,557,676
here it is.
1085,894,935,885,1018,1216,971,1020,1218,853,1345
657,575,607,563,887,558,609,879,556,655,703
they'll be right back.
985,1101,907,1073,1532,1339,1347,1012,1040,935,1029,973,1264,1052,1141,1021,1040,1110,808,984,1252,1402
625,681,569,647,664,661,656,882,767,596,894,615,553,688,657,634,901,810,681,801,638,702
okay.
what's the charge per night.
1352,1269,768,1066,1400,1533,871,1155,793,1058,1509,872,1036,1016,1129,941,1052,976,1172,803,988,1098,942,1053,1410,946,998,1054,1153,1269,1071,1153,1054,1415
588,651,673,635,742,633,608,675,678,640,637,663,893,625,718,586,899,731,661,697,626,737,595,901,606,616,630,901,768,578,724,691,647,726
that's too many.
where did you learn english.
1049,1138,802,1058,1535,869,1066,1032,1355,1359,1080,1226,805,1170,1129,1440,1582,904,1192,994,1034,982,1080,988,1310,992,1073,1092,1377,1239,1084,1388,986,827,1025,1202,1088,977,1192,1108,1350,1290,914,1158,1400
662,735,701,663,646,675,920,654,604,596,924,787,707,798,693,785,677,636,691,643,671,614,923,704,585,678,926,672,618,635,928,682,633,710,647,755,930,606,777,728,676,591,680,696,734
when does the bank open.
i think it's very good.
904,1175,983,1186,1083,993,1370,980,913,1073,1057,1174,950,1077,1131,809,1147,1310,1078,1360,1461,954,1163,1426,1565,1307,1084,1069,1170,1318,1178,1318,1091,1320,1072,1512,924,1077,1069,984,1008,1118,1112,1111,1355,1357,1002,1416
633,696,616,761,938,685,604,625,692,923,655,674,594,915,794,710,761,617,924,601,585,608,762,733,650,588,927,671,697,584,763,669,938,582,664,675,679,923,823,639,647,683,942,719,617,612,681,774
they'll be right back.
where do you work.
1038,1154,947,1096,1580,1372,1370,1066,1107,984,1078,1024,1305,1115,1176,1091,1094,1151,852,1039,1290,1430,1572,922,1190,1000,1038,992,1093,1003,1379,1084,1125,1368,1250,1095,925,1373,1029,1291,1408
646,712,615,666,680,717,704,899,790,614,920,644,596,727,697,668,928,827,705,808,663,762,663,637,702,629,655,607,926,713,630,929,686,629,651,936,636,623,657,677,750
were you at the library last night.
849,1205,976,939,1055,1076,1370,1251,1061,791,1069,1074,1071,1212,972,1067,1389,1310,1116,1016,796,1004,1106,1085,1390,817,899,1069,1075,1175,1288,1093,1187,1074,1393
618,681,629,581,903,666,620,637,921,696,671,937,674,674,598,920,669,585,809,661,696,648,680,940,657,702,691,679,925,761,597,752,687,692,751
i agree.
one way or round trip.
1310,1061,812,1080,988,937,930,1410,1573,1382,1192,930,1061,880,793,1088,1077,1347,1006,1075,996,1337,1223,1170,958,1068,1054,976,1268,1402,1381
587,913,705,728,634,601,603,771,640,607,776,607,904,624,697,674,938,617,653,918,644,619,628,768,656,920,664,635,602,619,759
what size.
you're smarter than him.
886,1179,798,1055,1077,898,1283,832,941,1368,1600,1105,1360,1221,1436,990,926,1071,881,1251,803,996,1069,958,1009,1079,1076,1186,798,1171,1075,1168,1270,1243,1398
629,692,711,664,916,675,596,763,619,739,621,674,622,625,673,644,593,898,663,752,712,642,655,623,643,901,668,690,700,772,909,705,592,769,753
i'm fine, and you.
1268,1485,1267,1079,1045,1304,1190,963,1307,1078,804,1210,966,1078,1104,1363,1240,1397
591,639,795,908,687,589,750,616,756,907,710,771,667,916,670,633,649,751
he likes juice but he doesn't like milk
1183,970,1090,1370,1285,1290,969,903,1082,1213,1228,1279,995,969,1077,1124,1220,1047,1088,1175,970,1074,1004,1358,984,920,1162,1479,1074,1096,1374,1295,1279,981,1092,1258,1359,1448,1360
679,619,919,645,568,658,616,675,915,693,611,568,760,617,906,770,614,654,911,679,606,904,695,584,625,689,751,641,660,917,664,572,661,620,911,747,615,724,700
hello.
i'd like to exchange this for dollars.
1171,978,1358,1356,1330,1376,1560,1295,1473,971,1092,1382,1297,1292,975,1088,1081,1361,1090,983,943,1016,1162,851,1152,1121,1011,1090,1101,1181,1288,953,1093,1079,1331,1069,1096,1010,1339,1357,1355,852,1047,944,1384
728,626,703,692,625,794,642,618,664,675,921,708,601,679,633,916,672,642,918,616,765,819,732,731,805,745,634,921,678,727,618,692,923,759,642,681,924,710,638,703,685,730,665,690,770
it rained very hard today.
1267,1083,1114,1046,832,1262,1166,983,994,1095,1067,995,1017,1129,1106,1170,846,1034,994,1091,1095,1338,1009,854,1145,1385
613,668,928,660,712,610,773,619,691,923,797,639,652,683,925,716,718,649,697,924,678,637,693,716,696,772
do you have any vacancies.
997,1358,1089,1122,1348,1237,1095,1167,853,1107,1003,1098,848,1159,1125,1121,1073,874,1026,874,1203,1031,1303,1015,953,1396
690,627,920,683,634,650,920,732,745,805,637,935,718,771,672,952,824,743,837,755,787,808,630,652,721,767
how does it taste.
1241,1399,955,1117,1028,1398,1008,941,1095,1338,1079,1107,1079,846,931,1089,994,1424
716,606,650,943,709,615,620,708,924,600,678,929,672,715,728,681,630,738
i lost my watch.
1309,1100,1390,1304,925,1102,1116,1250,1148,1123,946,863,1120,1029,1168,1389
614,924,684,593,715,683,925,788,702,933,656,716,686,803,714,794
he always does that for me.
1223,1002,1100,866,1395,956,864,1149,950,1111,1010,1395,1010,945,1115,1107,1255,854,1122,1130,1081,1414,1072,1103,1302,998,1423
715,635,920,721,700,671,724,699,696,925,712,638,634,705,922,692,717,723,690,945,753,637,686,930,804,629,767
i'm an american.
1303,1573,1293,1112,855,1235,1110,857,1280,1016,1051,1313,1032,878,1194,1411
594,661,792,928,728,783,930,722,788,650,671,606,789,733,786,763
see you later.
887,956,956,1058,1099,1363,1242,1084,1375,818,1093,972,1018,1384
686,630,631,907,672,635,651,928,692,709,688,651,655,754
what's the exchange rate.
898,1192,812,1071,1529,897,1086,1059,1237,965,1087,961,942,1020,1211,852,1197,1108,995,1088,1026,826,1093,953,1385
640,714,711,666,652,688,932,668,760,611,914,607,774,798,712,726,777,755,648,938,652,711,676,637,765
we have two boys and one girl.
912,979,1081,1208,816,1033,993,1078,1087,898,1387,1086,1141,1392,1145,935,1080,838,1202,994,1079,1378,1205,987,1086,1111,1309,1035,1386,1410
657,636,921,716,714,823,648,931,686,641,614,939,839,613,710,712,932,720,771,697,924,626,766,651,930,743,606,670,678,771
do you want to go to the movies.
979,1365,1086,1114,1357,1240,1091,928,834,1181,1105,1094,1098,1361,1094,1122,1353,1098,1091,1352,1097,1099,1189,997,1097,1250,1358,1090,1285,1003,933,1376
692,630,919,685,627,649,929,652,709,780,682,928,677,632,925,738,649,939,680,640,929,684,704,611,924,796,637,767,610,638,685,737
see you later.
920,979,985,1086,1121,1341,1215,1092,1338,836,1111,985,1039,1368
700,626,638,920,683,632,651,921,690,714,685,635,658,771
