it's far from here.
1195,646,1386,464,778,710,361,625,771,668,632,1269,1177,787,1033,557,626,561,1280
344,360,370,436,703,467,439,374,714,502,376,340,599,716,503,329,368,322,664
it's going to be hot today.
1224,668,1465,470,778,761,1312,1203,1036,762,789,728,1275,789,848,623,795,1012,1304,691,800,673,1275,581,335,784,1261
336,392,363,416,701,493,325,348,566,448,726,411,336,724,665,345,755,537,327,370,755,378,286,437,437,411,613
i have a cold.
1190,821,1004,376,799,581,800,367,820,690,1237,1256,610,1384
300,761,498,420,561,329,738,434,745,618,312,405,469,660
i want to contact our embassy.
1230,806,487,388,1046,687,805,699,1262,795,701,1282,1159,708,369,694,692,811,1389,1241,674,805,592,1207,849,386,523,520,866,1380
313,748,345,447,526,376,732,383,329,726,577,316,348,364,417,573,365,725,282,320,362,718,312,582,616,406,408,420,331,606
did you get my email.
609,1257,610,793,730,1301,1169,810,738,593,725,813,1191,785,808,582,1192,384,1242,1385,1479
408,332,397,710,364,314,361,729,459,310,373,718,577,397,738,312,620,411,351,439,550
i like italian food.
i'm an american.
1242,799,1343,1246,1252,589,807,1224,735,376,1312,1225,387,1073,828,734,1269,1275,642,1339,1651,1296,1546,1214,792,381,1093,799,395,1208,555,622,1253,708,392,1123,1405
329,724,425,347,427,320,709,341,371,393,423,345,411,594,733,467,327,327,466,611,492,313,348,558,692,404,585,690,413,588,309,344,362,575,426,598,615
which one is better.
497,1124,1289,675,1135,794,1356,1143,594,801,1274,534,804,852,656,747,758,624,674,1470
342,473,336,550,470,718,332,522,328,713,356,430,708,643,345,406,414,333,369,617
do you have anything cheaper.
here is your salad.
642,1371,824,743,1395,1214,836,1125,422,802,616,808,456,1114,788,754,1088,1209,1072,812,808,745,1097,618,409,1436,617,679,1353,1671,1094,609,671,607,816,1240,549,805,771,1370,1195,670,820,541,404,1378,394,625,1428
454,325,761,384,315,376,762,472,422,579,343,719,444,601,395,390,525,386,577,466,754,599,497,325,419,335,308,350,607,503,498,300,354,298,736,348,462,735,387,332,385,354,741,434,412,436,424,424,544
i need a doctor.
1288,821,1096,607,605,635,808,408,806,659,1355,730,757,1353,671,1577
342,731,581,320,324,423,707,413,716,440,334,561,386,342,366,572
they haven't met her yet.
730,1068,599,794,830,1053,409,838,610,1039,1512,737,821,1180,612,747,848,1065,632,679,820,787,615,747,1429
403,516,325,415,748,535,455,613,328,642,437,430,759,619,327,390,753,554,329,370,735,406,318,384,550
do you like it here.
673,1340,846,774,1365,1183,841,1336,1264,1251,620,833,1227,744,855,1057,625,693,618,1344
521,347,754,403,336,389,746,453,367,480,328,748,371,392,758,526,323,373,315,599
thanks.
more than 200 miles.
742,1085,392,1092,1223,541,1355,1543,1185,1334,674,606,825,744,1106,414,1098,840,469,1428,1434,833,1190,1250,1359,601,542,1460
386,498,427,585,461,433,628,448,595,351,378,329,724,398,511,432,606,746,311,277,285,747,635,397,452,312,451,617
can i use your phone.
is there a movie theater nearby.
740,441,1144,814,1296,816,1193,548,605,817,783,1367,1218,709,842,1455,1091,1373,1107,619,1399,1645,1339,553,818,747,1115,621,673,615,828,413,823,1202,1356,818,1286,625,839,763,1111,638,417,785,623,677,845,1134,630,437,704,904,808,1305
536,425,591,721,365,724,411,419,314,718,400,340,382,363,741,353,521,331,621,315,630,462,320,433,721,388,483,319,357,312,728,437,740,582,335,608,347,329,746,388,494,311,441,392,312,347,746,618,324,449,374,721,405,693
i'd like a single room.
would you like a glass of water.
1277,1561,690,844,1360,1263,1274,643,834,456,842,582,1238,1097,821,1311,628,843,722,1338,1342,1224,1401,1513,521,1316,1171,1335,672,835,772,1313,1165,848,1330,1261,1240,595,827,415,832,832,1348,401,557,558,836,1350,750,845,531,437,706,605,660,1359
359,443,450,740,452,388,476,343,725,464,731,450,385,602,472,458,332,772,393,362,368,646,675,429,346,339,382,412,469,722,386,335,388,728,463,361,474,316,719,430,722,505,432,435,408,411,737,331,451,748,341,447,357,302,342,692
how long are you going to stay.
that's enough.
1112,1363,489,820,1362,1289,1100,793,842,401,701,599,843,776,1317,1161,838,833,1323,1211,1063,836,849,789,1303,839,563,815,426,863,1423,1651,806,1099,433,806,1468,557,881,629,1085,1357,1174,1154,1167,1394
480,339,338,700,414,369,581,440,726,446,374,314,724,369,306,350,721,475,308,327,577,444,737,392,314,719,436,396,417,386,723,519,369,468,427,367,406,402,709,298,612,332,378,454,485,671
how do you know.
1089,1371,546,854,700,1372,861,808,1375,1206,871,1261,1087,1343,560,1354
485,308,319,702,435,310,690,363,310,346,704,460,595,297,314,613
are they coming this evening.
462,766,636,866,791,1109,659,715,882,766,1375,1212,1237,1109,834,862,785,1106,1234,598,866,652,882,639,1062,1242,1058,828,1423
435,364,289,699,373,464,286,334,746,565,303,587,348,539,426,694,361,467,335,397,700,297,597,282,592,338,609,406,641
good luck.
i'll take you to the bus stop.
816,1327,1328,720,859,1333,1153,763,1193,1365,1624,1272,1540,1366,1364,861,805,454,1241,644,881,842,1334,1169,886,806,1320,893,821,1065,675,887,900,1144,604,873,607,817,1280,1392,1365
431,292,292,478,719,410,341,606,410,687,452,318,431,414,416,703,369,405,401,304,709,374,308,347,720,357,308,713,367,451,280,718,594,357,372,704,417,355,328,323,588
my car was hit by another car.
1204,843,878,821,499,748,884,565,485,604,885,1127,1273,813,894,933,866,929,476,1133,1331,845,1110,693,747,899,791,527,779,1255
607,370,734,551,401,349,706,316,414,404,708,477,335,378,712,572,372,743,411,548,335,354,463,285,330,719,557,421,348,678
we have two boys and one girl.
what does this word mean.
584,679,902,1129,500,863,692,902,838,601,1378,901,944,1372,922,623,915,507,1130,746,917,1395,1144,721,912,884,1283,781,1371,1407,1668,616,1114,482,843,929,736,1342,700,617,908,827,1101,700,615,904,582,1358,770,714,906,1215,692,436,1128,1383
310,293,693,481,414,563,306,695,367,300,330,741,627,333,399,390,715,419,579,386,715,320,561,305,704,464,326,342,445,640,455,324,465,399,353,726,477,295,326,415,685,354,446,293,402,668,309,295,338,448,674,587,295,437,525,657
really.
have you ever had potato soup.
753,674,459,1391,1393,865,1476,1682,1077,434,887,685,905,860,1374,1205,919,680,873,670,730,920,1113,460,714,906,1428,1363,850,467,843,1384,933,643,1384,1223,1467,1559
340,288,433,382,394,354,602,446,449,435,631,311,701,369,294,333,709,297,555,281,322,696,448,397,397,687,314,302,367,407,353,294,710,428,303,319,311,509
are you american.
469,753,660,911,830,1358,1188,920,459,1147,674,742,1227,813,491,1123,1448
417,347,292,700,345,292,327,693,421,586,284,329,329,544,413,617,573
can i help you.
834,509,1107,917,1292,917,1080,667,1418,1561,942,909,846,1351,1197
564,420,590,726,293,713,473,299,404,373,778,778,373,293,323
please count this for me.
1367,1341,672,458,600,668,896,779,1324,1175,1081,801,906,810,1060,1273,608,884,815,1358,750,894,1210,685,1403
310,385,293,426,401,295,683,539,299,321,548,342,685,351,450,308,369,663,462,286,340,679,582,302,681
everything is ready.
how do you pronounce that.
686,883,683,738,884,922,1091,1228,1078,903,907,1233,655,915,822,710,504,732,889,1399,1666,1138,1384,602,919,759,1387,917,842,1390,1224,917,1470,769,1402,1149,1385,1226,1143,805,693,916,844,1120,491,842,1401
315,507,293,334,376,388,465,330,584,448,707,330,408,688,333,286,406,400,362,594,440,444,291,290,683,422,289,690,337,289,327,697,299,325,282,522,286,327,526,515,296,687,352,424,389,338,601
he's very hard working.
1118,742,1505,642,916,917,725,783,918,926,1122,513,803,750,921,632,1419,774,1324,1281,1145,887,1392
451,312,329,384,688,599,297,346,392,713,449,389,344,423,689,322,292,343,415,327,525,440,607
let's share.
1419,716,821,1614,661,911,666,1127,529,798,719,1505
395,298,347,414,423,684,419,434,407,338,292,570
i'd like to make a phone call.
how much is that.
1301,1452,756,904,1410,1326,1295,715,903,848,1370,923,1246,512,1284,715,917,513,915,1447,1144,1368,1164,711,911,815,523,1418,1421,1450,1650,1131,1393,607,916,1206,1166,828,1111,918,1270,663,912,846,1096,494,843,1383
331,413,420,680,406,326,428,321,680,354,316,689,588,409,429,307,677,407,678,331,431,306,556,308,682,548,407,372,379,559,451,451,263,315,688,570,345,560,481,692,299,421,702,362,444,391,343,600
have you seen this movie.
1100,518,910,727,921,886,1387,1210,925,674,731,724,1114,920,862,1095,1320,662,918,1252,1399,929,1296,729,1435
438,392,520,297,707,379,298,338,711,434,308,311,587,695,363,469,290,382,684,593,297,555,307,290,591
do you study english.
760,1416,923,859,1420,1252,940,663,873,1222,777,915,946,731,1159,925,1371,1275,691,1136,1418
415,294,707,367,283,321,697,410,356,336,442,377,729,304,577,456,431,330,409,455,603
isn't it.
where is there a doctor who speaks english.
801,641,1132,1622,862,940,1325,871,1520,1656,616,1147,726,786,712,920,1290,625,919,853,1097,724,786,710,929,508,930,738,1360,826,851,1362,775,934,611,1096,1364,934,649,1444,717,522,1290,648,922,711,1118,913,1350,1281,655,1105,1501
355,381,585,446,346,702,284,362,559,440,306,441,284,328,277,702,260,360,665,341,421,274,313,277,689,403,687,435,254,561,348,264,330,698,296,448,265,697,397,279,276,405,418,391,680,284,589,433,382,284,364,431,533
this is very difficult.
i'm just kidding.
839,1115,1340,624,918,1348,624,924,888,720,776,911,940,744,1315,865,863,1322,834,1219,1406,825,1495,1616,1320,1597,1242,924,1164,1188,661,863,927,1281,1287,759,760,1244,1100,888,1373
338,426,284,355,665,274,354,692,484,289,335,371,694,402,273,449,435,273,563,318,365,334,532,376,249,386,558,682,409,315,385,340,681,401,273,407,404,285,545,429,573
it costs 20 dollars per hour.
1302,845,931,817,1376,675,864,644,932,574,1399,937,746,1342,1379,1380,506,806,628,928,1457,717,773,923,1078,1402,1231,792,1379
270,349,683,552,257,404,353,366,697,248,119,701,386,282,372,376,398,327,383,681,301,282,322,678,447,288,317,329,578
where is the bathroom.
610,1139,715,783,716,934,1307,648,923,856,1104,715,930,918,523,868,1107,802,1376,1382,1269,1381
296,420,276,327,276,674,298,378,671,342,426,271,678,577,383,354,425,334,289,293,582,628
turn left.
that way.
860,1184,781,1108,945,1379,719,866,885,1380,1630,850,1129,510,858,949,632,522,916,1556
343,362,325,609,707,386,284,428,357,620,453,348,431,376,338,709,301,385,360,572
i forget.
i'd like a room with two beds please.
1291,950,858,1354,783,922,715,899,1462,1643,1322,1478,753,952,1386,1294,1298,729,939,527,955,806,1386,1390,1257,949,624,1311,867,1138,941,870,628,1416,963,974,742,755,637,955,1481,1442,719,521,659,725,1423
296,719,474,292,330,443,276,352,540,494,314,382,403,689,398,336,423,304,697,415,690,346,320,325,587,701,305,265,337,389,701,340,287,276,696,610,275,393,366,690,297,395,290,397,387,285,589
where does your wife work.
628,1141,723,792,715,945,762,1404,719,652,926,898,1398,1257,791,926,617,1355,902,703,935,621,1398,778,1329,1513
301,422,265,319,264,685,407,268,283,396,679,349,276,299,321,678,294,267,464,261,682,296,271,319,440,572
is that ok.
can you recommend a good restaurant.
1342,646,956,869,1121,517,880,959,1434,1339,1432,1663,852,558,1190,946,872,1431,1272,950,804,719,822,1423,1271,1270,726,1186,769,943,541,937,895,1394,1400,777,937,798,727,660,863,518,1242,799,503,1173,887,1405
287,402,690,335,433,370,338,693,275,464,584,482,545,388,530,704,335,281,315,705,326,284,558,286,556,564,301,590,433,690,404,698,460,282,279,408,698,326,278,393,335,373,338,324,397,559,349,590
how was the trip.
1004,1278,530,865,521,426,557,863,764,1035,626,868,780,688,1160,1381,1494
483,296,311,701,301,423,379,681,333,450,283,684,336,308,332,320,517
he needs some new clothes.
1047,623,872,1027,631,628,676,578,865,585,1283,1174,642,864,1075,648,539,861,766,1345,1320,797,1050,649,603,1408
459,275,697,574,286,285,422,399,672,393,310,541,303,663,600,303,293,676,552,397,309,340,450,268,418,567
would you like to have dinner with me.
536,1338,1158,1333,692,861,807,1330,1168,866,1313,1305,1301,631,860,787,1351,865,1063,441,842,650,877,709,1249,1060,1066,655,717,865,548,1254,807,1062,893,1184,646,1371
291,295,349,395,410,676,342,305,340,673,420,292,393,281,675,338,284,679,445,404,563,285,696,427,295,554,564,284,318,686,294,294,345,416,677,570,267,576
have you eaten yet.
1062,438,873,649,874,844,1342,1184,882,674,443,805,666,1090,902,843,1351,671,1371
443,390,544,279,683,352,286,311,694,276,400,324,264,562,687,349,288,265,593
is john there please.
1270,595,882,1093,1298,1023,1033,901,802,1053,664,729,644,902,1447,1388,639,440,590,649,1365
284,381,695,428,286,467,663,729,329,428,249,304,250,691,295,391,254,410,370,274,540
as soon as possible.
434,590,881,595,1387,1397,1051,908,443,1066,883,1420,1341,606,604,1242,908,1363,672,1363
406,377,682,390,280,277,578,685,403,576,694,299,273,382,387,296,563,398,285,574
that's fine.
835,1078,468,833,1527,600,900,822,1242,1087,669,1416
352,431,398,339,370,383,684,440,289,521,286,532
what is that.
587,1107,458,832,907,1263,603,903,828,1108,464,834,1401
317,434,393,338,703,280,351,686,343,424,385,340,559
i ate already.
1275,918,462,846,693,900,480,1357,760,686,467,697,872,1375
303,709,373,340,260,703,388,349,310,257,396,388,341,560
have you arrived.
1107,465,915,666,904,873,1345,1194,917,475,781,782,1269,880,701,723,1612
423,387,522,260,677,359,288,310,693,401,319,320,299,574,276,420,560
i only have 5 dollars.
1296,914,1385,1141,1398,864,926,1077,475,906,717,924,904,923,724,1356,1366,1364,469,764,622,1415
265,716,255,474,346,334,714,472,390,545,271,701,179,685,409,275,396,419,404,322,428,622
i like italian food.
1299,919,1351,1277,1264,685,917,1282,868,471,1349,1257,459,1114,927,835,1351,1357,717,1454
295,681,408,314,416,285,700,298,359,391,366,307,396,509,705,452,290,289,410,537
where is he from.
611,1134,704,768,705,911,1303,624,941,1115,714,938,827,754,1361,1244,1381
315,444,293,330,281,676,295,372,727,446,299,711,457,332,275,553,626
how many hours a week do you work.
we can eat italian or chinese food.
1133,1400,589,935,1206,486,1131,901,932,1091,1361,1202,786,624,936,499,937,613,710,702,1325,922,778,1386,941,882,1389,1207,931,621,1386,767,1299,1338,1660,622,709,919,828,533,1147,930,713,510,843,941,1314,879,476,1355,1272,477,1094,934,1373,805,930,864,1109,1323,1194,712,642,718,938,892,1383,1387,760,1363
448,310,294,710,592,410,607,373,753,464,306,346,340,383,708,405,719,309,285,289,387,719,476,288,725,364,300,330,717,301,295,323,395,582,483,307,283,700,537,384,492,704,301,383,335,705,299,356,392,393,322,390,569,719,296,345,697,584,436,277,575,297,408,292,711,464,272,273,416,577
i still haven't decided.
1293,925,646,862,1288,1405,1404,945,1113,501,938,735,1107,1467,904,931,772,760,827,1274,791,760,776,1523
292,698,399,345,298,403,403,736,438,389,593,295,602,366,379,714,448,303,571,315,437,310,473,534
how much do i owe you.
1114,1364,600,931,1197,1174,828,1102,932,776,1360,939,1241,929,1368,624,729,923,899,1407,1236,1403
453,295,308,699,611,351,584,456,714,433,293,718,314,698,290,306,293,702,362,276,308,557
what are you thinking about.
i'll have a cup of tea please.
616,1107,499,873,955,502,807,715,941,871,1379,1210,939,878,1074,1237,1077,1240,1263,1071,921,923,498,962,1346,1201,867,1399,1659,1262,1607,1477,1488,933,1097,497,932,719,938,495,939,836,1174,1455,934,1349,907,934,886,737,487,932,1462,1414,727,513,663,724,1453
300,433,401,354,711,412,342,286,711,355,281,315,693,358,446,308,578,386,299,567,452,719,402,613,283,307,349,543,458,301,450,431,429,716,444,394,572,286,694,396,704,553,322,295,693,292,489,703,358,294,409,685,296,397,285,417,408,292,508
that's too bad.
867,1098,491,879,1510,631,939,865,1386,1397,938,956,518,769,1562
357,413,398,351,428,373,693,345,290,291,685,598,379,390,507
here is your salad.
1094,733,801,732,934,1305,652,943,916,1388,1210,809,939,663,510,1403,484,780,1549
440,287,333,281,698,289,364,706,366,281,309,319,697,411,405,424,405,421,525
i know.
i'd like to use the internet
1305,945,1332,1129,1391,621,1453,1617,1286,1556,759,930,1374,1286,1302,720,927,877,1360,942,1190,671,738,943,888,1100,734,936,1224,1091,909,748,787,1077,745,910
267,720,397,543,276,307,572,387,296,383,452,689,388,297,386,296,681,358,289,709,331,405,289,701,366,425,281,700,313,537,385,279,317,565,274,366
where do you live.
638,1113,750,818,739,947,812,1342,958,923,1338,1205,951,1311,1232,969,710,1389
309,431,286,337,281,733,445,275,726,366,295,322,715,426,313,649,272,608
when does it arrive.
635,1118,753,1097,940,784,1353,753,679,932,1248,876,944,514,818,824,1270,895,748,1420
298,444,280,559,705,429,291,303,408,678,316,347,691,393,327,320,314,609,289,563
please take off your shoes.
1411,1384,729,530,672,731,941,882,540,1283,751,938,1393,898,896,942,932,1387,1230,820,950,694,1084,1363,752,689,1389
309,415,291,405,400,287,684,365,400,417,292,702,276,443,441,711,372,281,305,329,695,427,463,288,308,417,553
it'll be cold this evening.
859,1267,1532,1519,1517,941,962,735,932,880,1381,1392,764,935,865,1112,1313,672,925,722,886,715,1141,1293,1115,923,1554
354,323,418,454,456,690,541,290,682,586,264,405,406,703,354,440,291,383,678,292,589,281,575,311,550,445,540
here you are.
1122,735,802,734,933,912,1416,1250,957,522,807,719,1433
447,294,331,281,704,375,274,312,708,412,331,276,552
i have two sisters.
1306,951,1120,502,918,712,947,865,619,1359,955,669,1227,667,885,730,782,665,1380
296,722,427,393,598,282,702,345,290,248,706,414,283,406,352,273,316,438,546
which one.
there has been a car accident.
610,1109,1255,869,1118,947,1412,1133,721,1407,1649,870,1125,726,805,726,938,1139,528,759,945,990,760,757,1132,949,525,947,848,550,800,936,529,816,817,1333,768,722,1120,888,1437
300,423,299,591,435,724,279,492,294,582,444,353,421,280,340,292,715,425,390,515,761,671,302,303,619,763,406,753,586,410,346,718,412,547,558,302,439,293,578,363,625
who taught you.
let's meet in front of the hotel.
523,999,1375,918,815,430,1131,884,1013,884,918,871,1356,1168,1298,1621,1402,653,809,1515,591,906,1169,657,658,798,908,1274,1050,906,826,768,1309,1054,843,918,1338,828,905,840,1073,696,917,1027,1326,842,688,1363,1499
294,509,304,727,339,403,343,476,505,376,694,364,318,339,613,497,416,287,329,384,380,669,561,282,279,330,678,312,622,680,447,323,314,593,335,682,323,445,683,354,448,273,680,483,309,332,257,473,608
everyday i get up at 6am.
663,855,656,759,881,725,482,918,981,1283,972,921,695,883,953,1167,1473,945,493,858,962,946,464,1248,1594
249,594,246,296,332,370,388,316,675,289,691,460,232,310,662,324,279,677,381,304,663,168,377,603,640
do you study english.
734,1345,955,888,1383,1220,964,633,879,1200,764,971,1016,717,1130,969,1395,1305,708,1117,1394
491,329,789,427,330,364,773,476,384,349,486,408,762,334,635,522,460,347,446,477,674
this is mrs. smith.
900,1125,1299,699,1005,1300,704,1000,1210,866,688,1406,1009,703,1271,1320,928,1142,1407
383,469,347,440,741,336,421,735,629,369,420,634,757,434,613,347,391,481,623
where is there an atm.
676,1153,785,852,779,994,1306,704,996,919,1164,788,851,785,1003,550,1146,993,556,926,1263,1418
339,468,312,356,308,717,335,409,711,377,447,316,361,319,723,441,549,716,436,375,623,619
i'd like to buy a bottle of water, please.
i was in the library.
1334,1515,786,1000,1387,1312,1307,775,1000,928,1409,1014,984,1205,992,1018,550,1025,982,1424,938,943,1409,791,1024,1441,914,1013,680,562,944,791,860,1346,1029,1492,1477,787,572,730,781,1478,1630,1347,1023,696,546,714,1020,1325,1140,1017,941,1121,796,1019,1431,1349,1010,871,571,884,1000,1551
330,399,446,725,423,334,424,324,724,390,315,751,689,351,402,743,438,749,680,302,373,372,417,310,743,290,443,734,315,423,372,302,348,646,751,323,434,305,426,422,299,644,444,297,743,332,424,398,719,315,582,713,366,464,305,707,423,319,602,351,426,351,392,638
here's your order.
1101,752,826,752,1611,674,995,964,1439,1252,865,991,1423,861,779,786,856,1518
464,322,361,313,438,399,725,407,304,335,368,716,293,366,436,312,355,625
let's go have a look.
1545,757,889,1592,672,995,961,1435,994,1095,542,937,777,999,564,1004,1430,1413,1420,1335,1411
438,308,363,444,420,707,500,295,719,477,431,636,327,739,435,742,406,322,326,444,594
which is better, the spaghetti or chicken salad.
692,1137,1317,870,1122,995,1311,725,996,1010,810,975,975,806,863,1359,1015,963,1104,806,1012,721,1559,587,983,1090,798,943,948,1296,1004,1423,840,1001,903,1123,1299,888,1257,787,1127,1000,742,608,1497,596,845,1469
347,451,321,594,462,730,320,465,733,714,328,414,414,324,364,617,755,404,485,310,732,423,347,428,506,499,313,385,387,328,764,266,349,733,621,459,306,622,414,320,589,753,456,442,425,430,451,561
that's a good school.
when is the next bus to philidalphia.
922,1127,533,925,1483,689,1003,538,1005,973,1414,1416,815,1010,723,920,1111,1397,1413,1405,1423,1608,679,1120,794,1115,1013,1296,696,991,954,1103,796,1012,1068,778,767,954,1017,1019,1145,715,1006,956,1377,1016,1478,1094,1269,1378,1294,814,553,1382,1506,1093,1314,549,1557
383,453,426,377,372,378,728,428,742,506,303,301,421,745,433,630,471,312,308,404,559,478,332,456,306,597,746,303,379,719,387,476,304,722,658,312,591,382,736,710,366,408,718,392,292,725,300,458,321,401,313,408,426,424,320,448,298,434,639
my house is close to the bank.
1186,982,1017,1082,1408,1222,732,786,1025,1301,745,1018,936,1406,1371,754,808,1034,957,1403,1035,962,1134,812,1032,1054,588,1122,1310,1408
615,411,725,521,312,359,408,310,764,329,435,731,668,423,326,476,338,787,383,277,747,383,436,303,742,717,409,607,408,589
how far is it to chicago.
1123,1393,725,1029,958,604,889,1026,1321,731,1025,1339,967,1032,973,1414,1036,940,1107,1267,911,627,1016,1423,1535
451,293,332,729,475,424,371,741,301,380,738,283,388,736,385,294,730,599,473,326,592,423,502,302,557
i live in california.
1306,1026,1379,1303,974,778,1024,1293,1093,1020,953,624,1393,1296,944,1410,850,1089,1268,560,1448
307,753,383,308,644,312,755,312,564,740,618,434,415,329,501,309,359,606,323,444,591
it's half past 11.
i don't have time right now.
1269,931,1614,688,1016,1113,576,1361,911,1009,1481,584,720,951,1021,526,539,1608,1683,1296,1008,811,1397,1110,1565,926,1017,1099,574,942,784,1009,941,1245,1226,778,1021,883,1266,977,1142,933,1026,1107,1370,699,1420
311,385,447,373,712,462,424,438,441,707,327,426,406,377,717,177,182,657,449,314,672,428,291,562,441,352,692,461,409,587,306,701,348,324,554,287,708,340,320,430,441,289,736,578,299,282,595
your things are all here.
961,1389,1234,876,1014,939,1159,1330,1150,1004,722,1019,572,895,790,1023,584,1444,1441,1023,1175,841,907,828,1419
357,299,335,325,667,340,423,298,552,444,366,706,392,325,276,699,402,385,387,708,438,286,334,276,620
who's that man over there.
are you married.
679,1131,1408,1632,694,1009,954,1129,565,958,1040,1205,576,1111,1040,1409,1003,802,881,1048,965,1152,815,883,809,1431,1679,588,895,790,1034,993,1423,1257,1037,1263,573,892,893,1311,806,822,1409
300,465,302,443,394,698,344,448,407,353,736,626,412,672,757,280,565,279,323,748,374,458,286,337,283,588,430,409,348,291,706,377,292,325,720,609,401,342,344,310,287,399,607
has your brother been to california.
1168,584,748,1014,994,1429,1253,899,1032,1016,937,1441,980,1149,830,896,1050,1053,848,852,1162,1042,985,1410,1039,963,678,1434,1357,971,1456,921,1153,1343,633,1436
441,415,410,718,386,291,330,350,711,690,396,289,383,437,299,349,767,671,308,309,627,751,388,314,775,615,423,401,317,455,294,370,640,312,429,593
how much does this cost.
1152,1416,746,1039,1218,1214,917,1134,1027,878,1387,836,770,1019,973,1148,1318,763,1032,960,1442,768,985,1454
460,300,321,725,701,352,581,483,716,468,305,353,433,700,380,447,314,394,713,602,273,390,371,579
would you like some wine.
can you carry this for me.
644,1382,1243,1398,797,974,923,1378,1225,975,1375,1332,1349,758,974,725,1400,1257,781,970,688,1315,1145,785,1428,1690,893,614,1183,986,952,1406,1262,997,910,624,888,887,977,1026,969,1153,1307,748,999,956,1395,875,1003,1234,799,1421
297,307,341,406,414,687,352,309,337,698,395,313,408,289,687,387,308,568,310,701,309,312,575,295,599,430,590,406,546,743,376,319,336,729,576,407,351,349,377,735,377,451,327,390,712,475,310,346,702,600,298,608
how do i get to daniel street.
i'd like to eat at 5th street restaurant.
1147,1396,708,1001,838,1364,998,1306,1012,991,792,949,1009,952,1393,1018,851,597,1119,1274,817,1379,1017,750,965,868,803,802,959,1414,1676,1338,1501,825,1003,1422,1327,1322,802,1004,956,1409,1018,812,590,938,1020,590,941,1021,920,938,1109,1027,717,944,877,806,804,940,1027,896,807,724,946,585,1220,898,588,1124,948,1415
450,297,306,712,401,279,693,287,713,447,265,356,716,366,284,725,416,392,549,305,302,406,748,394,362,334,282,285,362,569,453,298,375,412,700,389,313,415,298,700,364,291,718,301,409,344,720,398,349,723,171,334,443,740,357,341,322,281,287,342,697,333,276,369,344,397,330,325,386,584,347,588
how are you.
1111,1431,706,1021,611,912,810,1025,969,1425,1261,1434
452,284,291,689,398,337,285,688,357,295,320,526
these books are ours.
959,1132,816,742,826,1035,1051,1420,1429,1363,780,1037,638,940,839,1043,1467,1288,919,750,1507
358,445,274,374,268,709,645,294,294,411,406,711,400,351,292,711,294,311,345,369,526
they haven't met her yet.
you're beautiful.
977,1147,828,1030,1050,1145,608,1016,861,1131,1556,1003,1057,1266,845,1012,1055,1157,857,933,1054,1033,862,1000,1439,1666,1018,1433,1272,1647,928,843,1059,1064,842,629,1242,979,1305,1010,1205,1434,1455
353,425,271,381,702,450,381,579,284,568,426,372,717,583,276,363,710,472,289,339,713,384,275,352,522,461,372,302,331,384,329,270,707,639,276,388,334,342,321,537,358,442,591
at 3 o'clock in the afternoon.
611,977,1070,798,1052,1395,1590,931,1418,1389,904,1331,1046,1280,1129,1035,967,1114,843,1054,632,957,980,843,904,1173,1415,1409,1148,1441
385,342,705,152,704,303,465,547,411,315,539,386,715,303,521,677,344,426,271,690,399,406,338,254,305,540,286,288,537,620
he's an american.
1164,853,1642,754,1061,622,1149,1068,625,1266,860,941,1288,965,638,1182,1485
442,288,431,378,730,390,627,730,408,596,287,341,332,559,404,645,600
sorry, i think i have the wrong number.
787,1465,962,956,1043,1296,1078,1303,1077,1017,1148,1321,1137,1333,1069,1261,1067,1126,634,1048,873,1066,1032,1157,897,1071,802,965,1430,1145,1062,1063,1131,1201,1262,1070,857,937,1393
388,312,349,349,352,646,745,312,753,369,444,315,619,428,751,333,737,473,388,601,292,723,378,422,290,730,296,346,299,598,459,722,625,367,577,584,284,328,630
i'd like a single room.
what does your father do for work.
1318,1498,883,1054,1433,1341,1355,866,1062,636,1063,798,1366,1172,1049,1438,857,1064,962,1473,1477,1315,1472,1699,756,1232,619,985,1062,883,1427,862,782,1056,1033,1428,1267,955,1069,1001,644,1014,1183,880,931,1077,906,1446,1066,997,1439,949,1063,768,1438,944,1418,1607
314,417,388,699,399,314,409,294,707,397,716,410,279,522,461,385,291,716,351,273,273,533,561,404,306,394,376,357,703,422,280,284,365,686,368,290,320,337,690,467,380,367,404,277,327,712,396,268,692,435,271,341,685,289,276,324,373,511
did your wife like california.
889,1353,896,1063,1033,1466,1296,944,1077,766,1365,1048,877,1071,1433,1355,1350,874,1075,1012,695,1452,1370,1044,1450,935,1146,1302,659,1439
404,286,389,702,367,273,294,330,707,284,277,458,267,714,354,290,379,282,701,568,387,368,284,464,281,335,536,308,381,550
do you hear that.
921,1446,1076,1027,1435,1280,1077,1161,881,642,952,1077,1009,1175,652,1014,1422
398,274,711,357,277,305,699,441,271,388,326,690,349,429,381,347,590
excellent.
do you have an appointment.
869,854,982,890,1445,1442,885,1189,1019,1462,1652,930,1468,1089,1035,1476,1302,1105,1203,660,1073,893,1087,680,1198,1091,668,1537,1536,1398,1279,1173,1054,1256,898,1186,1038,1453
268,509,564,279,386,392,284,521,357,549,417,446,273,750,364,258,290,728,383,376,560,288,717,380,533,730,383,275,279,265,303,547,363,557,282,591,358,570
it's delicious.
1342,1028,1622,809,1096,929,919,1403,1311,969,1385,1505,1254,821,1522
287,355,424,375,740,411,312,419,350,562,268,256,299,405,509
he doesn't look like a nurse.
1126,725,994,794,1378,761,704,1152,1625,914,999,1404,1378,1384,1316,986,1429,1327,1312,748,994,535,998,1126,1171,838,686,754,1454
547,393,788,542,407,397,525,583,544,441,793,502,409,407,540,781,517,417,538,385,785,514,807,714,468,433,473,376,693
will you call me a taxi please.
650,1315,1404,1400,994,907,1369,1186,999,890,588,1363,1360,989,1197,733,998,553,1001,894,541,744,1288,994,1473,1418,760,550,693,769,1495
400,386,474,474,781,436,376,425,778,653,512,463,471,797,664,381,808,504,820,447,523,661,398,795,388,489,386,500,454,376,633
what are your hobbies.
650,1168,551,925,992,568,871,771,1002,935,1394,1252,863,1002,1114,1415,1012,1006,1308,806,729,1433
381,500,495,447,788,490,430,371,782,453,384,414,426,785,556,370,706,676,388,386,466,664
i think it's very good.
1338,1001,929,1135,1288,1135,1315,1010,1277,910,1495,692,1000,966,784,860,963,1014,971,1415,1417,811,1400
372,782,451,515,394,673,464,787,400,446,462,454,780,622,373,429,417,806,564,373,370,465,685
what's the address.
655,1131,553,900,1525,678,1003,918,1137,763,1007,554,782,786,842,764,695,689,1470
382,531,482,429,481,445,763,437,525,370,758,511,473,490,416,383,474,484,641
i love you.
what day are they coming over.
1340,1010,1400,1370,949,783,1016,944,1380,1226,1396,1647,682,1173,565,925,1019,829,579,986,1051,572,890,773,1039,925,1210,788,974,1037,926,1468,1289,1316,1173,973,1016,1461,976,784,857,1436
365,777,477,371,678,377,786,454,387,423,688,478,402,491,483,438,776,495,504,453,804,505,416,364,805,432,479,359,441,780,661,337,636,371,597,503,764,333,630,350,402,648
i don't want it.
you're very smart.
1349,1012,842,1431,1140,1580,934,1007,698,565,1171,945,1028,1340,954,1418,1675,959,1409,1258,1546,858,766,1026,948,801,867,990,1049,735,1325,595,874,958,1459
345,773,502,336,628,449,431,771,392,484,657,428,781,368,441,656,484,432,367,394,377,399,338,773,645,356,399,448,776,468,593,483,402,419,663
which one do you want.
where are you going.
690,1206,1352,951,1158,1035,1456,1156,788,1034,852,1440,1033,979,1441,1260,1031,710,592,1177,975,1403,1641,709,1173,825,897,826,1048,599,901,815,1035,976,1449,1271,1049,1012,1437,1327,1157,1014,1412
360,480,353,592,492,787,333,599,350,767,448,335,767,437,348,381,773,373,468,570,425,648,454,372,506,349,400,349,762,472,400,350,762,431,348,381,764,544,337,346,610,500,645
be quiet.
i went to the supermarket, and then to the computer store.
1040,813,1051,595,1218,1322,834,998,1436,1661,1324,1062,739,848,1144,981,1053,982,1393,1053,986,1134,847,1050,762,1192,1446,843,901,1235,611,902,1279,827,973,1332,1054,615,1151,866,1050,963,1138,831,1127,1052,992,1364,1038,978,835,1050,1039,953,1422,1274,1517,1285,941,808,858,1035,728,943,1495,843,771,1478
652,348,786,428,406,353,337,429,614,460,349,817,354,343,611,428,768,431,344,770,433,482,341,763,462,389,354,338,393,619,463,391,471,342,421,661,775,461,644,475,770,428,506,348,643,768,439,351,759,428,345,748,792,591,321,588,335,353,412,327,372,759,416,407,293,371,329,606
when does it arrive.
696,1196,803,1198,1035,850,1446,824,745,1033,1329,948,1040,583,905,903,1340,995,813,1454
355,460,332,622,739,469,303,350,441,726,315,405,736,463,390,395,329,659,340,628
don't worry.
he's in the kitchen.
862,1433,1184,1522,967,1043,699,1432,894,895,999,1436,1686,1185,798,1566,730,1039,1321,1155,1037,958,1146,810,1054,1313,1310,958,936,1118,805,1145,1416
478,313,583,426,415,741,352,316,385,386,416,639,450,509,339,374,443,728,336,591,735,407,483,335,745,428,351,406,612,506,347,630,628
do you know what this means.
838,1406,1049,982,1400,1231,1055,1325,1179,1393,715,1051,732,1175,572,967,1042,954,1162,1318,753,1039,1256,794,595,1155,759,1452
467,329,746,419,337,380,748,485,634,321,352,742,359,441,446,401,739,405,483,334,434,729,596,342,467,657,455,581
how do you pronounce that.
1162,1404,709,1036,866,1422,1034,961,1420,1224,1042,1512,883,1409,1152,1385,1215,1145,917,797,1044,956,1132,598,951,1397
519,346,348,735,485,329,722,406,334,380,729,337,377,328,663,322,368,588,549,331,734,397,486,444,387,591
where are you going to go.
i live in california.
701,1131,816,885,797,1043,589,894,803,1048,958,1415,1224,1055,999,1401,1316,1149,1001,1053,976,1414,1057,1012,1472,1478,1677,1291,1057,1374,1280,959,796,1041,1301,1079,1050,982,605,1384,1297,974,1398,853,1114,1242,595,1380
347,485,322,373,318,717,467,374,326,710,395,338,374,717,561,330,331,602,479,756,407,321,739,498,305,530,466,338,767,435,358,655,335,755,332,612,743,656,452,447,344,542,327,376,615,353,460,597
it's over there.
1301,925,1592,715,1044,1413,970,802,881,1055,940,1195,834,910,818,1409
327,383,396,415,723,315,633,333,378,742,399,409,338,388,328,610
are you sure.
609,906,798,1048,998,1451,1258,1053,768,1226,924,816,1400
456,387,328,714,422,330,362,741,437,371,396,319,625
do you know what this means.
868,1423,1045,984,1410,1224,1061,1331,1145,1415,726,1058,726,1184,610,992,1077,1002,1142,1314,786,1071,1259,841,625,1182,783,1438
468,315,724,410,327,360,747,460,713,314,350,738,353,460,435,394,758,406,488,363,434,731,650,337,468,659,440,631
my watch has been stolen.
1283,1038,1075,732,615,984,949,1137,1060,1121,640,794,1066,1059,851,867,1184,1076,810,1033,1447,1441,840,1139,1510
636,423,745,331,456,394,605,515,740,514,457,441,728,655,328,345,625,748,424,404,340,483,323,659,596
it's 11 30 pm.
1329,981,1550,754,1063,628,628,1077,765,1460,1074,1496,1250,1399
322,382,423,421,721,230,232,742,224,279,727,333,656,670
the plane departs at 5 30pm.
999,1222,834,1074,1528,1453,609,1196,826,1072,899,868,1513,629,940,1030,787,1076,657,1020,1091,888,1074,751,1468,1478,1217,1438
378,475,324,731,340,428,430,611,320,728,461,321,347,450,352,382,419,735,452,386,756,178,728,234,214,367,684,681
i can't hear you clearly.
1309,1072,940,622,1184,1556,994,1075,1149,837,605,935,1073,1015,1465,1275,1078,990,1437,850,629,921,1458,1077,1427
347,744,573,418,627,410,365,723,489,281,429,334,713,367,333,376,726,615,456,301,414,330,448,389,646
what happened.
719,1227,616,1006,1092,1226,631,1534,1536,831,1191,848,908,1461
297,452,403,359,728,458,398,329,324,282,621,273,424,621
he's very famous.
1190,858,1641,768,1064,1069,844,934,1069,1089,1065,686,1307,1442,1288,810,1462
497,301,348,377,699,637,284,338,379,718,509,397,582,327,367,396,610
here it is.
1147,864,940,868,1091,1346,1015,1094,1332,794,1452
506,299,342,290,743,314,363,721,321,396,609
where did you put it.
755,1184,876,945,867,1094,907,1332,917,1089,1058,1418,1244,1109,1519,1249,1050,1093,1338,1053,1433
309,464,283,332,280,722,476,308,419,735,372,307,342,766,301,329,359,737,297,374,578
waiter.
just a moment.
788,644,1370,1021,884,941,1436,1689,1242,1232,807,1041,1101,661,1097,1328,1411,1304,872,1225,1008,1442
307,393,305,357,273,323,579,424,447,346,397,367,720,399,712,576,308,560,279,593,352,586
please speak more slowly.
1533,1493,851,652,795,860,1091,810,1501,873,655,1347,1095,1290,1416,949,867,1090,811,1448,1433,772,1424,1073,1424
307,424,273,409,362,273,682,379,310,283,410,395,689,540,292,335,275,677,386,404,295,294,451,375,600
how is she.
1175,1441,769,1084,1343,809,1085,810,1154,866,1460
458,310,290,684,314,390,685,383,463,282,574
my friend is american.
1320,1053,1088,1023,961,1354,868,1189,912,1077,1323,814,1076,652,1264,851,922,1318,966,719,1171,1470
559,358,700,453,331,284,280,552,385,683,298,384,679,396,589,292,319,315,544,416,590,588
