the whole day.
this is mrs. smith.
890,1019,771,1023,685,1016,1178,1214,775,1023,804,620,944,1220,1363,911,1032,1152,730,1023,1143,740,1024,1084,866,747,1188,1040,749,1091,1126,906,994,1169
508,594,469,764,484,612,535,605,468,772,544,559,500,703,603,509,596,521,515,762,528,524,761,678,488,541,673,774,539,694,529,505,603,706
which road should i take.
i went to the supermarket, and then to the computer store.
693,1047,1177,848,1037,1042,875,1221,628,826,1048,740,1022,1205,1076,1221,823,1032,1134,1023,911,632,1130,796,1212,1425,1148,1031,702,798,1031,921,1039,893,1220,1040,897,1039,782,1037,730,1064,1322,784,858,1108,623,852,1141,783,916,1142,1039,611,1024,802,1024,911,1010,790,1044,1016,916,1198,1024,911,1007,789,1011,843,1190,1094,1314,1060,926,788,866,1023,727,922,1209,854,783,1196
481,594,517,660,596,766,505,537,563,542,748,565,607,529,528,601,555,751,525,772,513,561,594,477,699,615,525,754,500,485,680,513,766,522,555,759,522,580,492,754,581,549,577,506,502,692,574,502,601,484,502,666,766,565,676,548,774,514,597,493,680,785,523,559,776,522,603,487,782,662,547,689,581,555,526,489,504,762,566,523,548,518,492,714
do you feel better.
824,1237,1040,949,1241,1089,1030,897,799,802,1219,1044,981,787,918,911,786,865,1213
563,570,775,520,563,550,768,583,497,488,603,773,687,492,523,532,500,515,719
can i access the internet here.
i forget.
862,641,1053,1016,1148,1020,630,848,851,811,747,753,1033,920,1004,808,1021,1134,1022,927,791,866,1031,797,929,1022,1004,780,866,793,1199,1358,1136,1024,888,1208,861,951,790,922,1225
657,572,661,761,531,771,580,676,678,505,567,581,751,546,596,520,790,536,708,545,514,520,703,521,526,777,617,505,510,505,711,625,539,777,619,558,521,636,515,522,763
please speak more slowly.
do you like the book.
1314,1243,802,636,738,806,1039,738,1320,798,638,1154,1031,1106,1203,878,795,1030,742,1206,1214,695,1199,996,1220,1385,830,1218,1031,969,1235,1070,1027,1223,1143,1153,815,1040,924,1028,802,1031,960,1212,1219,1145,1240
578,620,523,588,576,518,776,593,600,509,584,606,779,694,553,531,499,772,584,630,549,518,617,545,741,634,612,562,770,542,555,555,778,601,547,618,531,774,541,602,500,783,700,555,560,607,753
is it nearby.
everyday i get up at 6am.
1175,742,1041,1179,925,1030,1045,798,646,879,973,1003,1215,1378,800,951,814,893,1000,856,668,950,1051,1149,1047,873,642,941,1045,1058,1319,1025,648,931,1028,1014,654,1107,1216
550,565,789,539,522,790,694,494,577,515,695,559,700,641,502,690,521,535,538,584,585,528,773,560,794,694,593,541,792,590,608,796,585,536,784,481,591,710,712
at 3 o'clock in the afternoon.
672,925,1065,785,1065,1239,1317,867,1218,1222,866,1156,1039,1147,1040,1048,936,1033,814,1033,631,902,952,795,876,1024,1200,1207,1015,1189
610,537,769,428,776,540,617,716,637,553,719,606,804,555,678,786,534,614,516,779,589,584,541,501,511,722,577,577,744,789
i need to practice my english.
1147,998,1016,710,698,746,993,839,1169,974,1249,798,557,791,866,1089,792,734,979,1038,904,971,739,983,867,1173,1084,696,947,1183
525,770,639,489,483,604,779,525,550,771,573,520,588,666,528,534,713,496,775,676,527,780,508,707,614,601,541,590,610,767
is there a restaurant in the hotel.
1147,662,1048,835,1000,713,780,704,938,568,956,788,698,648,823,508,999,770,531,964,809,929,1066,964,938,813,922,698,945,907,1112,820,698,1114,1151
524,567,753,524,596,492,508,485,771,564,764,501,461,543,487,573,535,489,569,682,489,792,542,707,788,526,630,493,803,641,553,540,496,617,722
do you know what this means.
775,1209,1000,920,1209,1042,990,1109,1001,1192,680,998,673,959,602,876,968,880,956,1093,710,980,1077,768,592,980,699,1206
550,519,771,516,540,544,774,575,692,546,513,771,514,621,580,513,783,522,624,528,549,789,695,499,579,714,579,728
do you take credit cards.
778,1199,997,914,1196,1027,986,884,603,1092,755,991,805,846,764,795,1092,894,990,824,622,849,802,711,1210
565,551,774,511,550,564,791,519,575,583,497,783,685,525,499,606,546,538,787,686,591,508,578,600,683
see you later.
what school did you go to.
696,761,763,1023,909,1196,1026,998,1173,625,898,740,823,1155,1341,681,983,610,878,991,690,806,959,1149,1148,1163,962,788,1086,780,964,913,1160,1002,955,918,1140,955,896,1134,1156
605,507,520,785,524,557,577,790,621,600,535,499,511,722,637,537,633,595,526,783,583,704,635,555,559,626,804,587,544,597,799,538,567,578,793,620,563,799,542,565,735
do you have enough money.
786,1180,994,929,1197,1025,986,961,606,910,770,979,770,982,1156,998,925,949,954,1030,1156,962,750,942,1151
597,562,785,541,572,579,786,623,588,664,521,790,522,709,550,566,642,644,805,719,561,726,522,527,713
i speak a little english.
1076,981,684,1257,739,587,1072,969,590,962,1127,1043,836,839,1096,750,960,742,952,873,1124,1050,692,929,1125
546,795,601,589,504,584,607,804,594,805,620,559,527,528,616,515,806,510,713,602,634,544,567,633,727
that's too expensive.
856,983,600,835,1283,689,1009,846,1158,1158,982,751,718,1246,757,988,695,1083,873,765,1172
553,634,604,537,620,588,795,546,601,601,812,520,650,620,531,726,607,575,703,527,693
my friend is american.
1085,883,1036,843,813,1146,733,1009,770,1021,1120,686,1014,589,1069,735,807,1111,802,574,1050,1233
692,527,801,602,524,556,507,687,579,806,564,589,800,599,701,514,524,572,707,600,693,710
it's here.
i think it's very good.
1138,865,1264,691,1027,986,744,820,746,1162,1289,1091,1004,866,992,1097,992,1092,975,1084,864,1209,700,1004,865,741,819,938,992,883,1156,1151,787,1145
537,499,608,559,779,631,505,516,492,686,604,551,775,524,612,543,699,604,803,545,526,621,573,785,678,508,521,526,773,628,558,562,590,727
what are your hobbies.
659,995,592,856,1001,579,806,728,992,901,1170,1012,816,994,947,1166,933,911,1086,737,692,1179
511,626,586,507,790,579,511,493,791,532,576,570,519,784,644,563,712,678,542,500,580,699
what time did you get up.
do you want me to come and pick you up.
661,963,586,859,997,857,1100,1065,722,1001,756,1119,748,990,882,1194,1024,1006,892,732,879,998,1001,1288,1157,1350,769,1170,994,911,1192,1017,989,679,982,597,875,977,1052,758,988,871,1167,982,810,1161,1061,759,992,573,964,769,963,1271,1052,791,1067,966,896,1160,988,953,982,1279,1167
527,650,594,530,792,559,562,695,500,809,605,569,564,813,534,580,593,804,642,512,529,803,597,604,686,627,579,584,798,546,574,592,789,530,717,588,525,803,709,519,798,540,578,808,674,583,711,508,796,584,714,580,818,622,573,701,630,813,544,572,595,815,598,606,702
it's more than 5 dollars.
1120,873,1247,696,1021,1049,1178,827,749,1010,861,986,601,987,987,881,795,1147,1153,1159,623,830,697,1181,1208
559,536,614,577,794,690,594,534,510,790,537,626,587,717,815,470,614,577,652,645,596,515,591,726,716
what's your email address.
655,994,566,845,1239,693,1008,1190,1024,814,828,990,756,1060,587,1078,1155,983,585,770,771,822,747,685,687,1146
501,622,564,488,611,573,781,570,578,513,503,783,487,707,570,562,638,809,572,550,560,516,468,551,538,695
i don't think so.
1125,1016,791,1207,1004,1258,878,1016,867,994,1111,998,1107,990,709,1165,1175
568,785,577,579,720,639,516,788,528,634,567,727,631,828,562,583,737
do you have enough money.
808,1217,1024,932,1231,1053,1031,1014,618,915,788,1024,772,1009,1217,1055,906,985,993,1059,1173,981,764,953,1176
551,582,791,527,582,588,796,634,585,654,511,797,498,727,577,580,631,642,800,722,582,732,497,542,718
where's the closest restaurant.
it's mine.
659,1022,731,802,736,1266,674,1016,854,989,741,997,789,1163,1157,683,747,680,865,971,809,730,684,866,597,1003,818,602,961,873,1114,1315,1092,863,1203,683,972,1034,1065,957,763,1162
510,604,489,486,482,608,558,789,506,627,492,801,674,624,561,575,498,578,508,804,505,486,576,513,575,563,507,578,698,507,704,600,554,521,625,589,790,700,574,723,514,713
over there.
1197,880,763,850,1043,897,999,760,831,763,1144
568,665,509,516,760,525,601,495,506,488,723
at 7 o'clock at night.
611,868,1011,835,995,1154,1250,851,1151,1169,831,1083,992,653,886,995,971,1095,892,972,887,1168
579,517,795,446,789,553,625,690,633,546,674,618,784,591,518,784,696,536,584,600,517,673
i'll teach you.
1099,1298,1191,1184,1006,865,748,598,822,973,985,917,1202,1032,1165
546,597,635,627,782,529,495,579,657,616,811,524,555,564,706
hi, is mrs. smith there, please.
is it ready.
1010,1138,1094,1007,1122,722,1004,1080,841,710,1167,1023,717,1065,1107,884,986,983,896,971,766,837,768,1081,984,1273,1188,761,627,708,773,1165,1355,1075,709,981,1078,879,978,799,733,619,803,937,1183
622,536,685,800,530,581,792,671,505,562,722,793,553,692,546,525,618,797,536,622,507,508,494,678,794,590,635,505,588,595,506,710,636,555,579,791,561,525,790,506,501,575,575,513,696
i ate already.
i'd like to go home.
1152,1038,644,867,772,1031,636,1217,837,765,613,806,943,1180,1403,1130,1250,827,1030,1186,1122,1135,798,1021,911,1215,1012,935,1197,1012,972,1207,1074,793,1215
523,771,586,525,501,766,587,609,511,503,584,577,528,693,610,536,599,587,779,639,555,617,506,785,535,565,779,635,562,778,627,555,696,511,634
do you want to go with me.
824,1204,1012,939,1231,1041,1009,716,654,1007,911,1007,911,1196,1004,949,1002,729,1127,921,912,975,990,1049,821,1197
594,563,781,538,567,574,788,516,593,697,526,793,540,567,793,634,793,531,552,540,546,619,805,671,501,734
he's faster than me.
1024,808,1246,740,1021,897,649,744,941,807,881,1036,924,995,655,1017,1007,1091,797,1255
615,499,611,556,794,594,583,601,531,500,517,788,529,630,578,715,808,715,508,633
i've been there.
1151,1295,926,809,1088,1008,815,811,1053,1050,930,1029,797,876,799,1192
545,556,681,509,763,715,524,508,675,789,543,612,516,521,502,692
really.
when will he be back.
873,791,653,1253,1249,982,1288,1441,728,1053,811,1069,1061,746,1156,1228,1227,1047,1032,822,1048,994,799,1061,1001,671,893,1160,1231
543,512,591,627,627,543,726,623,519,627,503,703,812,526,565,642,645,802,641,511,793,690,506,804,718,584,704,590,707
do you have any coffee.
848,1236,1050,962,1250,1085,1048,1036,678,948,821,1066,665,1054,992,1058,866,913,915,919,826,827,1234
606,570,784,559,583,588,799,636,585,674,530,787,599,697,564,813,682,631,644,627,527,523,727
let's practice english.
1259,800,941,1340,741,1088,1344,880,649,864,955,1183,860,830,1060,821,1061,979,1244,1160,780,1023,1212
645,530,542,652,582,791,602,537,606,675,568,556,700,536,798,531,710,637,650,565,606,637,748
what do you do for work.
745,1048,668,931,1060,846,1236,1048,982,1281,1107,1044,853,1255,1049,907,893,902,1047,730,1244,903,1171,1241
537,632,602,543,803,585,580,797,557,597,592,804,577,577,785,602,546,543,796,521,579,537,637,731
is there a store near here.
1189,778,1092,937,1183,845,917,842,1134,682,1128,780,940,1327,909,824,1112,1115,824,698,920,1103,1114,843,912,836,1293
563,595,778,540,596,522,537,512,768,597,763,588,548,557,540,521,760,688,512,606,530,779,632,519,526,515,670
that looks great.
973,1133,685,944,1105,1272,1288,1301,1216,788,1097,1002,926,827,702,982,1261
555,603,594,545,780,633,572,562,615,598,777,653,555,519,605,552,715
are you sure.
714,931,848,1137,994,1335,1179,1120,802,1189,923,845,1303
615,548,523,762,561,556,545,774,578,539,542,523,659
what day are they coming over.
776,1179,706,965,1128,886,708,1012,1132,701,941,853,1142,980,1135,850,1040,1128,916,1329,1207,1256,1129,1017,1116,1334,986,860,956,1327
539,587,599,546,755,571,605,558,771,599,550,524,770,557,594,532,560,765,660,563,674,537,673,621,787,545,702,537,543,663
i'm good.
i'd like to buy a bottle of water, please.
1227,1331,1136,1081,1020,1255,1257,904,1246,1453,1168,1280,878,1060,1225,1138,1165,865,1042,983,1222,1042,1009,1039,1031,710,1039,998,1227,1226,991,983,1229,870,1034,1239,935,1032,771,716,990,843,922,1083,1023,1325,1229,850,698,792,864,1243
539,602,678,786,625,562,570,608,661,634,553,629,586,799,641,569,630,553,795,560,591,796,675,568,790,615,794,707,578,573,582,581,643,545,791,566,628,786,554,629,574,543,557,730,817,610,664,550,626,639,536,707
which one is better.
do you know her.
562,911,1006,697,906,900,1083,891,659,908,1008,600,907,841,630,775,771,633,720,1070,1246,663,1105,921,806,1119,959,913,1025,923,1107,575,913,901,665,735,1105
488,588,517,624,598,775,546,674,475,776,520,547,774,659,489,502,504,486,477,690,579,567,569,768,505,565,559,778,601,690,554,488,777,619,495,490,658
what do you think.
587,992,527,780,967,693,1160,973,813,1174,1019,968,781,960,1091,964,1078,1150
496,579,556,492,764,556,546,751,513,555,549,771,499,595,529,671,594,680
what's today's date.
603,1021,502,786,1235,627,970,791,1161,707,535,840,1241,618,962,696,527,798,666,1128
465,547,540,470,527,530,752,486,517,531,556,487,588,564,753,533,555,485,454,652
can you hold this for me.
759,545,1053,1012,839,1219,1066,1005,997,1211,1221,711,1021,807,1002,1132,637,1014,783,1204,769,1012,1077,683,1207
633,554,641,753,482,546,541,755,599,525,598,543,748,501,582,516,533,747,559,536,488,756,670,464,684
where did you put it.
do you accept u.s. dollars.
600,1032,693,753,683,1011,710,1130,705,1013,839,1204,1061,1007,1316,1031,809,998,1119,808,1213,1384,712,1229,1015,866,1223,1057,1003,529,750,750,693,1326,826,1002,1054,1190,640,1200,1005,728,1191,1181,1178,545,773,635,1171
482,559,467,480,465,755,546,511,530,749,489,535,539,755,579,526,486,749,520,489,654,622,556,542,748,487,543,536,765,541,617,632,464,562,493,751,537,690,533,664,758,556,527,594,598,545,481,536,716
it's 8 45.
how many people are there in new york.
1146,825,1266,640,1029,800,1016,537,679,1175,1390,995,1186,619,986,1059,555,975,858,957,1280,706,1172,1274,1181,706,987,563,777,700,978,828,969,705,772,700,960,1092,974,965,969,700,600,955,883,1150,786,1094,1171
521,489,591,549,758,386,756,395,392,668,635,600,554,510,771,674,554,673,481,770,585,462,535,591,620,465,760,547,487,469,772,497,588,483,487,470,785,539,671,793,682,463,463,789,486,561,477,598,701
can i try it on.
743,540,1012,1004,1128,1004,835,756,864,987,1090,827,986,1160,965,1153
595,548,668,783,528,785,509,484,501,778,537,488,780,565,694,681
it's 11 30 pm.
i'm going home in four days.
1097,813,1244,652,1007,579,578,997,703,1205,984,1232,1039,1170,1363,1116,1318,1080,1019,873,1185,1113,1000,869,991,973,1169,1052,725,997,1109,983,1006,824,1187,1029,787,991,741,571,895,658,1154
521,489,585,543,769,432,441,774,430,483,771,591,668,686,639,547,632,718,794,602,579,555,705,563,808,639,578,697,501,809,560,703,807,585,570,567,507,789,577,564,508,545,713
are you american.
578,783,709,1025,859,1217,1056,1017,574,1073,718,782,1106,776,571,1002,1207
567,503,487,775,519,574,564,784,559,692,490,497,549,647,559,689,683
does it often snow in the winter in massachusetts.
747,1245,720,660,1044,1145,832,1037,1257,812,843,729,1012,1031,681,1009,1212,625,1009,1122,1000,1015,824,1005,719,1016,624,1142,998,827,691,770,999,1136,992,998,1077,539,641,643,537,759,961,1022,650,715,846,840,666,1181
587,541,480,566,756,534,519,766,545,609,519,481,688,774,593,711,558,489,795,555,690,786,518,613,482,783,493,557,666,504,495,487,797,561,707,796,674,562,544,544,546,633,616,515,533,451,489,497,575,680
is it close.
1171,663,1051,1176,828,1051,780,1224,1235,686,733,1237
531,576,748,535,512,748,637,607,558,579,484,664
what's the temperature.
where is he.
648,1059,592,834,1287,685,1049,841,1007,740,991,852,733,1071,1277,734,798,579,847,1045,789,721,1204,1345,644,1006,747,801,732,1006,1128,672,1006,981,732,1193
498,564,570,489,579,557,727,506,581,474,767,502,480,694,578,502,492,551,498,541,500,493,682,650,487,620,484,496,484,795,550,553,791,626,484,697
i need some tissues.
1153,1030,1038,740,730,768,1041,693,1212,1091,746,1035,842,1149,685,687,1066,738,680,1204
521,760,658,478,462,569,784,568,563,694,487,788,504,559,567,576,545,468,559,670
they're the same.
858,1019,746,943,1294,815,730,1046,867,1026,749,1036,680,602,1102,751,1243
515,604,484,514,627,505,491,785,514,618,502,793,550,570,695,481,626
good evening sir.
it's very important.
875,1220,1221,750,1029,739,864,747,1026,1114,995,903,1015,695,1134,841,1187,1386,1124,883,1256,693,1024,883,739,830,935,1024,1096,1067,1278,1171,821,886,609,997,891,1175
586,539,541,551,745,495,621,501,661,534,684,592,774,580,539,521,693,653,543,534,631,577,790,698,501,521,536,793,558,697,618,582,535,527,561,706,519,708
call me.
my cell phone doesn't work.
814,610,1196,1196,1011,1086,768,1180,1375,1088,945,1013,809,769,1282,1274,1056,1326,1034,1230,1034,771,1026,801,1211,768,708,1013,1311,892,1021,672,1219,833,1129,1203
640,562,630,635,783,683,501,729,660,698,526,785,665,492,588,601,772,588,606,557,672,492,781,581,570,484,579,709,642,517,796,506,577,512,627,711
i'm good, and you.
i think i need to see a doctor.
1139,1294,1149,1064,891,1246,1249,785,1144,1059,620,1049,784,1059,917,1245,1089,1216,1389,1104,1006,869,1003,1112,1002,1120,1009,1118,1011,1000,745,741,778,1008,871,1186,997,691,757,754,1020,603,1012,781,1190,800,900,1196,836,1191
525,609,703,793,593,556,558,572,676,791,579,685,559,786,527,557,554,691,633,543,790,533,613,557,693,610,816,559,808,706,492,483,589,836,532,589,831,583,501,505,826,573,822,590,582,670,544,596,524,708
did your wife like california.
778,1177,778,930,905,1278,1131,847,1041,670,1178,856,765,1011,1330,1227,1217,763,1072,812,626,1262,1182,858,846,851,1045,1143,625,1244
578,549,580,536,524,497,505,507,735,506,513,583,498,729,512,479,568,499,731,649,583,579,506,587,524,522,678,546,582,673
i'll come back later.
1190,1333,1247,1244,1072,821,1259,1154,790,1077,615,836,839,1174,1051,1243,658,922,789,865,1229
548,635,664,661,813,663,590,708,523,821,589,660,670,628,824,641,603,557,522,537,718
fill it up, please.
874,1198,1272,1273,1085,1254,901,1077,1129,1374,1175,1057,1340,1264,793,637,734,808,1274
607,546,627,627,797,472,533,778,556,583,666,804,608,675,514,587,605,515,709
this is the first time i've been here.
904,1091,1218,730,1077,1223,731,1087,911,1070,792,1061,882,1227,873,730,931,1064,908,1219,1148,798,1061,1208,1323,901,790,1085,988,783,796,1058,1062,1036,784,874,784,1256
539,622,561,578,796,562,577,788,538,617,511,818,592,571,523,589,542,819,549,565,700,517,831,570,695,694,523,812,718,513,519,717,852,660,534,533,518,721
do you play any sports.
821,1285,1094,963,1302,1128,1071,1374,1280,671,985,1084,666,1078,984,1075,764,1340,1231,874,942,754,1262
617,591,822,557,600,603,812,618,656,606,559,824,591,727,546,841,617,621,598,558,544,608,733
i can swim.
i want to buy something.
1201,1055,836,638,1064,1049,732,702,1152,1119,1234,1378,1210,1060,701,628,1059,905,1054,895,1252,1038,989,1115,995,1031,752,1229,1114,809,915,1035,1119,1039,955,1327
547,783,656,579,694,822,576,505,591,727,743,666,492,755,513,579,656,505,783,517,570,793,540,538,542,785,571,574,692,506,522,622,552,722,577,607
i don't mind.
1234,1065,836,1279,1064,1312,937,1070,1146,1168,1056,846,1243
531,786,586,574,715,638,524,810,714,576,736,604,726
i'd like to exchange this for dollars.
1207,1310,842,1080,1241,1165,1184,826,1064,931,1236,1048,815,774,877,1037,670,1050,971,823,1051,944,1021,1161,758,1042,894,897,1028,840,844,1225,1231,1235,676,894,765,1223
554,642,586,823,668,580,641,531,821,540,603,818,510,644,682,649,602,739,652,524,841,557,651,577,589,844,618,537,837,611,597,592,672,651,602,525,606,728
that's alright.
how are you.
955,1078,662,949,1332,776,1098,689,1276,892,1211,1076,983,963,1250,1352,1065,1287,757,1075,885,898,820,1064,987,1269,1107,1237
541,631,588,523,633,606,824,603,655,531,579,636,552,548,757,664,660,613,550,826,537,541,519,835,558,613,602,752
excuse me.
how's business.
690,671,779,1084,662,723,1025,1109,719,1246,1442,999,1227,641,1323,661,1029,921,1073,687,1179,1025,713,656,663,1233
480,627,691,502,573,507,779,659,525,686,618,639,557,540,608,613,792,752,541,619,529,716,507,587,601,698
i have three children, two girls and one boy.
i still have a lot of things to buy.
1129,1011,1056,549,843,705,1058,843,1016,778,702,713,1032,770,1011,1129,1236,746,792,712,1005,1093,1014,823,975,631,1004,859,1112,776,1215,646,1018,563,1001,732,1014,1186,1004,718,1029,923,1202,873,1219,1408,1148,1024,666,846,1125,1204,1191,1012,994,572,859,728,1007,563,1012,1160,1188,844,1008,1191,823,1008,851,976,1132,993,899,664,1020,850,1190,999,894,1054,906,1232
532,801,525,563,665,492,740,532,561,508,484,494,760,648,574,474,567,587,532,488,693,687,814,531,632,512,775,605,500,523,612,573,788,578,708,561,815,570,731,505,831,697,546,545,731,643,534,801,593,544,578,644,644,819,633,588,706,505,822,588,823,657,566,546,817,583,616,821,560,656,574,754,638,591,856,555,581,829,722,571,557,711
when i went to the store, they didn't have any apples.
631,994,726,1040,1015,1167,1017,655,745,1009,885,1018,882,1220,1007,883,983,727,998,692,877,1209,811,745,1131,994,871,971,734,953,982,799,1104,806,997,1267,911,1012,977,616,926,771,1007,621,962,955,1000,623,1238,1272,1166,783,730,1173
478,578,473,670,772,506,767,518,491,683,550,772,564,550,782,567,612,497,788,552,556,559,522,497,690,798,552,631,504,560,819,587,539,567,735,585,537,783,624,564,680,485,807,554,706,573,809,556,558,561,623,488,568,705
are there any concerts.
626,842,780,1085,904,1041,778,859,773,1047,1048,1050,995,1066,864,1271,1069,843,801,871,929,728,1271
560,522,476,717,533,563,491,512,473,770,705,698,582,767,668,510,689,602,493,501,523,545,672
which one is cheaper.
732,1092,1188,855,1072,1076,1255,1062,801,1075,1171,729,1070,843,1019,780,644,1337,783,872,1289
502,604,512,656,594,772,526,672,477,804,535,558,786,671,616,482,563,549,498,514,690
how do you spell it.
1077,1290,705,1103,808,1292,1096,952,1278,1112,1077,735,1285,1275,1282,1284,1073,1177,904,1291
656,546,511,802,577,554,805,550,556,579,823,570,620,634,650,642,809,546,538,716
it takes 2 hours by car.
1194,909,1100,899,637,1191,777,723,1097,711,1096,1051,1274,1113,858,723,1081,1007,986,1079,885,680,919,1243
544,528,795,527,576,631,488,574,818,446,820,634,559,550,503,567,792,672,564,798,685,578,540,695
i believe you.
okay.
1237,1112,1009,791,1294,1217,805,979,821,1117,1316,1314,1148,1282,1480,1323,1282,656,1018,1295
516,799,737,486,599,518,491,690,500,791,561,550,561,698,628,550,637,568,559,695
i need a doctor.
1186,1021,1041,681,678,717,505,993,712,1198,753,854,1202,788,1189,1186
482,736,619,388,371,483,483,767,492,516,628,469,530,443,668,681
i'm tired.
he broke the window.
1200,1278,1142,1032,842,1146,779,692,729,1196,1403,980,708,1005,910,808,1227,1125,715,1020,842,1008,702,999,605,1160,1000,738,1205,605,1214
531,593,710,809,467,543,448,411,517,694,654,645,431,804,666,472,573,638,440,789,476,616,428,808,443,555,713,529,570,441,687
i'm just looking.
1179,1296,1139,1062,1087,1103,685,846,1026,1221,1244,1246,1137,1134,1036,892,1212
526,573,698,794,629,556,504,467,788,635,558,564,639,566,711,541,696
what can i do for you.
689,1051,606,861,1059,810,619,1050,1033,1167,1017,788,1218,1015,869,1214,836,1004,918,1213,1039,1191
462,621,513,481,795,606,524,679,824,558,827,520,558,786,554,569,485,799,498,573,562,696
now or later.
1039,1225,700,1038,1220,846,1031,1222,626,921,765,858,1216
713,580,476,804,584,490,800,657,549,524,483,483,717
this doesn't work.
899,1061,1170,706,1048,793,1243,777,726,1043,1319,923,1069,705,1254,865,1160,1235
500,615,546,546,790,543,576,461,563,754,635,502,790,482,570,499,662,738
i'm going to bed.
1164,1325,1186,1097,957,1291,1192,1061,952,1060,929,1262,1050,753,767,819,1220
545,665,733,825,608,574,545,731,593,815,522,585,801,474,474,589,710
he studies at boston university.
980,788,1071,753,931,1110,839,1175,793,747,1038,932,936,1035,972,1233,765,955,1257,1031,1039,1075,1038,1172,941,795,873,744,1162,903,987,1284
622,491,806,581,528,546,574,522,489,591,796,524,522,806,659,578,588,541,575,735,833,580,734,565,644,497,508,588,560,525,516,681
i need to practice my english.
i don't want to bother you.
1222,1084,1076,778,770,830,1080,929,1277,1055,1361,873,628,862,942,1175,855,803,1081,1133,1003,1054,798,1054,974,1264,1155,762,1040,1274,1450,1190,1067,842,1280,1059,1315,930,1062,710,520,1237,955,809,1230,938,1235,805,1132,1235,927,1234,788,956,861,1151,998,1131
553,810,694,468,456,557,831,521,580,827,616,498,560,617,519,575,711,468,823,726,527,826,476,732,599,658,582,566,639,741,661,575,821,543,597,709,683,491,832,501,558,1069,672,488,1068,768,1066,492,541,1061,785,1067,498,762,488,521,511,650
what do people usually do in the summer in los angeles.
662,1062,578,825,757,1236,1019,1023,1319,746,1328,1324,1233,744,1027,1096,683,1107,586,1232,1234,904,1002,774,1219,994,1132,999,1001,888,1000,735,989,693,1065,1107,1104,744,821,1009,1144,1009,994,1187,1210,699,1026,595,996,904,760,1204,746,706,1250
453,560,522,457,510,506,732,730,532,447,521,535,598,455,741,494,530,496,537,585,577,483,765,564,524,753,526,681,785,502,589,449,783,541,521,693,692,464,477,798,540,716,812,648,551,537,777,549,726,582,474,654,467,537,707
can you call me back later.
839,625,1107,1042,942,1274,1094,1041,833,644,1238,1223,1015,1129,788,1036,957,648,854,1179,1031,1233,665,947,787,879,1223
635,563,695,807,519,586,589,801,664,575,640,647,810,711,499,809,709,579,663,634,814,637,596,558,515,512,701
it's here.
let's share.
1188,914,1312,737,1080,1048,787,869,789,1231,1378,1212,791,917,1331,740,1081,728,1036,645,863,783,1272
533,519,607,567,779,617,512,520,497,773,643,671,502,512,648,578,802,563,645,584,512,498,694
what do you think.
722,1075,648,889,1077,812,1250,1058,936,1256,1098,1051,924,1008,1152,1023,1148,1199
518,636,576,508,796,558,584,804,531,590,592,798,524,661,575,736,640,732
turn left.
do you have any money.
891,838,1071,1042,1247,757,857,894,1239,1406,792,1240,1046,1061,941,1265,1104,1041,1029,605,903,767,1039,598,1058,929,1031,1124,1236,1053,760,935,1249
520,498,698,818,644,492,576,520,741,684,575,599,814,812,532,610,601,823,655,582,657,505,825,574,713,520,834,742,608,756,505,523,730
how long are you going to stay in california.
please speak more slowly.
1084,1255,545,1015,1218,1249,1041,823,1013,540,762,680,1022,844,1231,1072,1008,856,1224,1148,1008,859,1008,843,1211,1004,658,839,561,908,1009,1131,998,996,765,569,1210,1115,816,1199,813,993,1100,573,1168,1362,1281,1200,718,568,659,718,1018,666,1287,1191,579,1132,1004,1074,1193,796,717,1000,668,1175,1194,644,1194,871,1212
506,477,442,704,566,489,625,517,725,527,466,447,731,482,519,524,729,563,518,489,641,561,753,502,517,745,537,483,543,495,737,502,644,765,636,553,583,497,587,520,506,677,514,549,662,603,568,636,473,542,561,455,748,568,576,633,550,587,763,676,531,500,473,767,564,617,532,502,614,506,657
what's up.
do you take credit cards.
658,1081,582,843,1282,689,1018,1058,1295,1187,1361,770,1205,1012,914,1215,1062,1001,878,586,1121,729,1001,779,812,723,766,1120,862,1000,788,604,823,774,683,1159
487,585,538,465,600,542,763,573,579,717,618,528,558,764,500,551,553,772,496,541,592,460,775,608,486,452,560,527,484,773,623,556,486,550,568,689
did you get my email.
1427,729,1163,732,1021,1058,1069,992,907,734,868,994,1067,905,1000,727,1071,568,1110,1183,1197
1066,509,502,515,747,525,519,746,568,457,485,748,657,489,756,448,675,530,531,611,694
has your brother been to california.
1393,603,678,1145,888,1298,1134,821,1023,916,790,1251,874,1042,729,809,1011,937,727,722,1035,1008,857,1226,1019,804,608,1238,1145,841,1223,826,1027,1136,592,1195
1064,550,529,720,470,510,501,458,741,636,464,521,486,559,461,461,742,615,453,448,624,761,490,524,749,633,546,585,493,579,530,486,678,521,543,662
do you study english.
i still have a lot to do.
768,1346,1301,1217,1295,1303,779,686,834,1078,766,936,1013,747,1027,899,1190,1111,710,995,1195,1366,1121,1008,704,873,1115,1191,1186,1003,1000,627,888,759,987,609,990,1176,1170,860,987,873,1179,983,775,1188,1169
518,1064,1023,519,1045,1026,521,544,497,525,550,498,761,476,673,561,609,532,567,599,718,624,542,784,575,502,544,616,616,785,602,563,619,488,794,563,796,602,550,500,776,502,556,783,567,550,686
what is today's date.
how long are you going to stay.
1311,675,1071,607,864,1039,1166,707,1033,872,1233,796,621,936,1321,1314,727,1024,874,760,1187,1362,1018,1222,693,1029,1014,1234,1017,923,1023,655,773,775,1020,908,1233,1070,1011,929,1214,1127,1010,927,1005,911,1201,999,720,894,641,966,1187
1064,483,587,550,485,772,538,545,766,502,564,556,559,507,592,1065,561,780,509,475,690,652,626,563,497,782,633,562,692,578,791,574,488,486,794,510,574,574,793,594,572,549,687,582,806,521,562,791,568,514,561,525,713
how many people do you have in your family.
1100,1284,713,1071,1129,646,935,1047,1329,1338,785,1243,1334,1250,784,1047,816,1244,1042,934,1273,1094,1029,1051,637,911,787,1012,1164,1034,1023,948,1230,1089,904,1027,891,654,1092,1141,1224,969,1262
597,550,489,763,678,550,505,790,602,611,484,558,603,641,471,776,570,581,778,515,571,568,783,614,554,614,495,791,551,678,795,522,577,573,521,784,591,574,697,540,634,530,679
what can i do for you.
he studies at boston university.
1304,1003,528,821,986,754,590,1027,972,1115,955,745,958,828,1186,808,964,881,1205,1019,1141,1325,1355,968,755,957,696,861,1010,773,1103,734,685,960,616,859,969,914,1167,727,907,1172,964,936,997,960,1086,875,727,821,682,1071,884,944,1161
950,502,442,385,666,558,466,562,687,453,679,433,688,470,485,409,689,411,488,477,609,556,583,550,392,685,473,410,467,453,448,365,463,690,464,406,684,579,484,483,423,497,612,706,482,626,464,578,390,389,474,460,408,421,600
there has been a car accident.
877,1014,745,822,739,999,989,601,689,1001,955,765,765,997,974,612,975,814,640,858,973,605,808,814,1124,788,751,986,902,1214
406,498,390,403,386,676,519,468,472,689,587,404,405,574,707,476,695,559,485,408,695,467,541,560,447,491,393,597,422,581
the big one or the small one.
904,1059,759,1056,946,937,1039,1233,1023,788,786,1027,1232,855,1032,925,1014,783,1014,731,1084,648,1217,1214,1021,1220,1012,799,1193
438,531,409,718,603,535,738,503,653,446,440,747,506,474,735,497,580,447,765,523,684,519,591,596,775,536,679,445,669
can you call me back later.
864,670,1072,1035,951,1258,1086,1049,846,675,1236,1240,1055,1120,804,1054,977,668,870,1173,1049,1237,692,956,824,903,1233
597,524,632,746,493,528,545,741,584,532,585,585,755,659,457,766,634,512,618,580,766,591,540,512,470,485,663
that restaurant is not expensive.
919,1070,665,920,1068,877,786,729,928,655,1131,871,648,1064,935,1063,1171,760,1066,1051,1239,936,1061,813,769,1336,818,1059,747,1178,925,813,1291
498,564,512,488,733,479,452,521,489,516,487,478,519,640,486,751,529,530,750,672,539,496,757,445,586,564,457,665,540,522,627,444,616
do you know how to get to the marriott hotel.
will you remind me.
836,1292,1101,982,1296,1137,1081,1189,1088,1266,765,1090,1066,1267,754,1073,941,1267,1069,983,835,968,1080,949,1282,1067,949,1052,819,1055,1117,679,900,899,1260,893,968,962,1058,1032,1251,949,799,1241,1236,1418,749,1061,1219,1227,1054,976,1246,1090,1054,893,798,1106,1168,1043,837,1056,1101,805,1246
520,522,721,502,534,539,737,576,658,543,480,750,612,547,479,754,503,551,763,607,469,507,752,513,551,764,515,600,455,771,676,523,488,491,534,484,510,508,759,622,535,510,448,622,694,627,461,609,621,622,753,520,550,563,766,492,447,691,530,662,541,765,690,446,679
he likes juice but he doesn't like milk
1037,814,1077,1247,1168,1181,797,750,1071,1101,1112,1191,864,817,1077,997,957,1073,1040,819,1066,852,1266,815,755,1060,1338,1337,945,1064,1246,1177,1191,828,1070,1125,1173,1263,826
596,458,730,570,521,583,435,522,733,600,509,500,631,450,746,675,492,746,600,458,758,566,530,443,532,690,605,606,495,756,623,531,608,458,751,663,524,614,453
is there air conditioning in the room.
1208,773,1103,942,1077,816,900,821,1081,692,898,834,1069,870,1273,1075,858,1194,961,1295,1066,1069,1193,1076,1001,1069,1192,1073,1086,986,1065,848,1077,919,1286,1297,1144,1325
520,523,730,501,562,457,483,461,751,532,482,467,765,635,546,679,540,525,505,545,683,689,527,679,588,789,539,681,794,550,602,467,803,493,564,560,684,636
what do they study.
is your husband also from boston.
771,1130,705,949,1111,868,1316,1108,979,1089,841,1050,1102,783,949,1146,859,1029,1278,1443,1204,797,1096,1013,1302,1142,937,1101,1077,1144,791,1008,699,1089,877,1107,703,1266,790,1291,1101,934,918,1300,1168,1106,1027,1301,982,1311,1109,1275,1332
455,558,531,491,743,552,540,747,515,570,472,505,755,533,517,500,557,531,673,622,517,550,753,539,535,534,501,750,599,531,539,658,539,672,553,777,543,616,563,534,753,578,501,532,673,782,672,540,523,547,675,686,690
my car isn't working.
he's not in right now.
1161,963,1095,903,708,927,1097,1218,786,1090,1400,982,1097,773,1300,934,1191,1199,1087,994,1262,1457,1065,870,1411,805,1066,1062,1298,1008,1061,1178,1061,1050,952,1250,1030,1082,1020,1069,1049,1268,813,1257
580,420,679,543,495,450,683,459,486,605,520,462,706,418,507,441,551,476,621,516,628,586,558,411,556,504,723,636,517,483,735,504,633,746,454,483,566,549,487,729,661,514,414,633
do you play basketball.
i'm self employed.
864,1242,1044,1008,1211,1048,1032,1197,1206,655,955,1074,982,668,761,1134,813,941,1048,684,1223,1219,1227,1381,1145,1290,1210,1091,754,826,1233,907,1091,818,1114,1311,1220,999,961,801,847,1208
423,441,665,427,452,485,705,521,530,495,458,710,627,499,517,537,435,465,626,502,543,550,627,524,465,540,645,711,518,448,529,537,713,436,625,513,558,483,474,407,530,605
a one way ticket.
that's too late.
700,1117,1253,1095,829,1115,747,701,995,1107,957,1189,881,1172,830,955,1238,1436,958,1074,949,1426,1432,769,1136,936,1285,1288,1119,1256,700,936,827,1291
499,714,463,623,436,728,428,515,478,724,466,449,596,533,457,466,602,518,482,533,461,513,515,502,708,467,459,464,711,543,496,468,442,613
i'm 32.
it's far from here.
1207,1380,1184,1138,765,713,1271,1457,1170,924,1304,757,1071,931,693,901,1074,930,911,1270,1135,1070,1038,828,901,828,1257
443,537,615,724,348,388,606,526,440,443,528,490,688,533,500,455,691,547,463,462,595,708,530,439,450,420,615
how much would you like.
1021,1212,658,1032,1080,1044,773,982,991,649,1191,1025,1177,753,997,858,1206,1030,1001,1174,1107,1116,730,1189
482,428,403,651,554,435,572,506,694,409,442,458,502,455,690,442,445,473,691,519,420,517,405,566
how much is it.
1042,1246,679,1081,1097,1080,807,1027,1031,1140,717,1041,1152,872,1224
509,431,426,649,563,440,546,503,675,425,503,679,431,467,568
is it nearby.
where is there a doctor who speaks english.
1160,704,1073,1162,870,1055,1011,730,607,821,1015,996,1182,1461,680,1042,776,843,767,1043,1132,717,1042,893,1017,764,841,768,1036,637,1030,813,1217,823,912,1218,857,1031,707,1198,986,1022,724,1314,782,648,1123,714,1028,787,1019,940,1202,1121,742,995,1310
439,480,665,436,458,685,608,388,474,428,614,478,647,557,405,534,417,429,405,703,473,485,700,449,537,414,428,405,714,475,716,604,485,628,463,489,435,711,406,480,562,726,474,522,395,483,551,492,713,407,652,537,558,487,509,555,611
it's mine.
i'm not american.
1184,1129,1334,736,1066,1122,1189,1055,785,1229,1417,1165,1364,1167,1084,1047,1241,899,1062,639,1122,780,848,1170,829,663,1038,1234
468,616,532,490,686,606,465,613,406,616,563,469,566,636,706,635,512,462,728,467,621,408,427,483,573,494,634,648
i want to show you something.
1159,1058,657,601,1053,857,1046,856,1218,1030,691,994,1214,663,1020,964,1205,1047,999,707,1166,1073,751,900,999,1135,1002,940,1213
443,659,397,478,579,411,704,421,483,692,483,545,486,412,711,481,491,505,729,490,488,638,409,459,555,480,623,543,557
can i see your passport please.
851,664,1084,1064,1189,1065,741,790,790,1076,991,1264,1109,901,1065,1314,632,741,744,1334,1238,859,940,1075,1344,1250,647,730,789,1260,1303
630,514,594,710,458,714,510,428,428,709,512,493,486,461,703,462,521,522,533,480,437,468,482,658,507,545,526,544,445,602,612
go straight ahead.
964,1309,1111,740,934,880,652,1190,950,1059,941,1067,655,1023,779,640,827,1244
571,471,672,553,485,459,523,464,567,539,499,704,525,545,441,528,537,609
what is today's date.
673,1052,589,871,1047,1153,713,1056,881,1243,781,628,942,1342,717,1074,798,647,915,768,1266
371,466,416,380,653,428,443,656,408,441,460,436,410,502,447,644,441,435,407,369,576
how do you spell it.
1083,1279,711,1083,808,1290,1085,924,1300,1117,1070,730,1356,787,1264,1262,1075,1194,900,1261
495,434,370,645,442,438,647,411,444,448,656,439,472,364,508,509,651,421,411,587
do you want me to come and pick you up.
825,1296,1091,936,1302,1135,1079,720,656,1071,915,1067,1167,799,1088,892,1276,1074,840,1290,1156,789,1088,628,821,1061,1356,1170,832,1184,1065,975,1263,1099,1122,1077,1099,1363,1257
455,444,640,428,453,450,660,381,451,583,415,672,538,380,656,408,454,662,560,453,580,366,661,434,447,692,503,460,561,506,677,448,459,465,465,669,467,493,591
he needs some new clothes.
1106,794,1071,1068,764,758,786,706,1057,696,1264,1122,759,1065,1045,748,653,1052,806,1236,1236,885,1030,734,680,1233
503,362,684,594,355,362,446,477,697,483,494,619,419,706,620,407,402,710,557,501,492,449,546,391,495,624
would you like water or milk.
665,1313,1162,1309,770,1119,904,1333,1159,1099,1288,1217,1230,762,1103,660,609,884,741,815,1082,1295,843,1086,1154,1189,1308,748,1298
411,501,508,568,492,683,411,493,487,697,562,467,557,409,701,406,477,417,405,404,715,486,415,706,629,474,575,408,655
more than 200 miles.
i don't have any money.
1185,1295,838,750,1114,878,1083,609,1078,1094,675,1346,1338,1070,1130,1171,1279,756,704,1279,1486,1199,1079,791,1289,1087,1388,901,1078,1061,606,943,765,1084,633,1076,977,1084,1135,1268,1061,771,991,1282
639,495,426,411,719,426,553,483,639,738,357,401,404,726,659,502,596,397,493,663,601,492,725,505,521,658,587,426,742,577,483,577,423,741,496,651,444,745,685,525,658,406,433,648
are you busy.
609,841,752,1067,939,1275,1105,1050,989,1111,1001,1260,1252
487,407,406,743,426,530,525,749,594,514,445,656,692
how much does it cost per day.
1090,1288,718,1072,1165,1131,836,1060,1052,822,1280,785,734,1065,1194,926,1070,858,1285,735,944,1070,1369,797,873,1071,825,665,987,1278
583,532,444,754,678,539,624,602,769,543,559,423,510,777,530,476,768,638,563,523,462,772,606,472,453,780,560,529,480,700
i've never seen that before.
1250,1378,941,808,1144,1124,804,948,815,900,1131,748,817,816,1094,1107,960,1074,662,935,1107,1012,815,926,911,824,829,1271
516,643,629,441,752,666,441,612,467,463,765,529,442,439,665,783,484,591,509,458,761,659,452,577,482,455,459,693
