what are you going to have.
he's very famous.
611,1002,558,827,831,567,773,679,830,863,1198,1066,832,866,1206,1142,1026,865,847,842,1172,841,1039,580,829,689,1279,1485,1018,711,1346,644,836,848,708,791,918,869,806,581,1105,1190,1057,665,1271
476,577,566,514,735,553,504,472,725,498,491,524,732,559,483,481,662,569,748,499,500,728,539,544,607,446,595,529,567,466,532,539,728,633,477,493,503,735,569,544,646,507,510,537,617
can you do me a favor.
i like italian food.
765,585,1043,857,883,1192,1066,845,735,1198,845,1106,724,846,587,820,803,581,837,1190,701,789,1300,1144,832,1231,1136,1149,701,832,1136,836,581,1221,1135,583,1043,835,800,1198,1209,726,1279
636,560,665,715,494,502,520,716,568,493,719,650,499,720,567,713,562,554,638,467,463,478,645,437,715,543,493,553,472,717,475,500,561,538,487,556,623,723,562,488,483,545,622
perplexed and disconcerted, i found no words to answer such an amazing sally.
1293,703,772,1310,1236,700,673,702,714,835,579,1044,715,828,715,1118,646,751,1181,1025,757,704,763,874,706,724,1210,836,1114,836,803,1181,1039,1030,727,835,1028,1178,832,629,1169,784,723,650,828,852,1174,839,587,1048,660,653,725,792,842,652,1006,771,1023,830,584,1024,837,579,1089,582,619,1118,1038,878,852,672,603,1211,1211,919,1270
480,467,477,451,549,450,612,443,559,730,553,608,541,713,541,466,544,627,473,635,638,482,488,500,458,572,678,716,505,721,560,510,531,652,553,713,656,495,717,473,506,483,551,561,713,495,499,730,543,648,559,486,491,480,717,581,612,653,563,711,551,642,716,550,657,555,646,501,664,555,733,558,576,570,568,510,629
they charge twenty seven dollars per day.
835,1010,700,901,858,765,1009,585,782,875,699,842,841,626,707,1037,830,903,869,651,712,826,713,1045,840,733,1181,1231,1221,592,789,639,843,1283,713,782,840,729,586,911,1321
492,584,474,495,727,651,589,553,485,559,474,722,496,456,457,663,486,498,730,567,472,642,481,678,725,551,520,566,580,555,494,561,712,506,491,485,725,536,560,502,629
is your son here.
1152,638,832,885,1212,1070,783,852,657,1208,1054,833,1007,701,786,699,1314
492,550,726,489,499,520,484,714,564,498,656,716,545,464,485,462,631
how many languages do you speak.
1016,1207,621,832,1120,587,1052,910,841,1250,569,1063,892,1070,607,862,715,649,855,745,1236,864,918,1229,1082,864,677,1325,735,602,1174,1378
591,488,478,714,657,559,663,489,731,565,554,662,583,524,568,505,458,547,729,556,506,728,500,509,525,734,561,490,484,556,570,638
it's delicious.
1137,866,1472,656,850,742,723,1260,1159,779,1161,1223,1084,664,1305
503,502,558,566,728,569,482,579,512,647,521,464,504,570,644
on the left.
1234,1074,847,867,1041,715,840,1262,725,805,866,1332
497,653,726,505,582,482,726,550,491,563,491,639
where is the airport.
656,1044,727,802,725,847,1157,670,851,853,1044,726,847,605,1152,806,1275,1193,799,879,1275
481,597,474,491,472,719,510,561,728,504,581,458,728,565,512,484,509,513,490,505,672
really.
did your wife like california.
790,711,583,1230,1212,905,1291,1492,741,1160,747,870,914,1198,1082,808,848,654,1147,822,724,849,1231,1133,1145,734,846,791,618,1217,815,816,1191,797,1047,1111,591,1261
473,465,568,578,599,493,663,588,571,536,558,736,504,482,504,485,717,477,486,564,481,719,581,503,581,483,729,641,554,571,582,562,486,487,675,519,543,644
i don't have any money.
1143,841,737,1203,1038,1318,871,861,1017,602,849,712,842,596,1057,914,858,1123,728,1211,1059,937,1304
513,732,566,514,658,577,501,747,586,549,616,463,733,563,659,502,748,647,491,506,652,511,653
what's your address.
who taught you.
652,1016,599,878,1336,685,882,919,1194,1064,814,866,608,755,751,815,734,670,672,1275,1440,649,1031,1209,862,865,599,1086,893,1035,893,867,918,1217,1084,1305
468,594,560,492,587,548,726,500,530,526,496,731,539,546,556,501,464,549,561,655,570,475,598,520,716,489,540,530,560,601,491,723,503,519,542,662
does this road go to new york.
746,1199,732,670,871,860,1022,1136,680,864,814,1191,610,756,864,887,1203,868,863,1209,873,1046,736,662,865,911,1205,813,1170,1302
569,521,481,549,732,501,599,514,550,726,501,528,546,544,721,578,517,723,497,523,719,667,472,484,720,512,525,492,581,661
is there a store near here.
it will arrive shortly.
1146,656,844,858,1016,716,798,717,854,594,847,662,1179,1190,798,720,847,1050,728,598,783,828,1018,710,786,701,1270,1453,1121,840,836,625,1144,1227,1221,846,573,786,778,1135,828,692,842,658,1005,1192,791,859,1224,928,1299
507,553,731,500,570,481,506,463,732,569,727,569,521,508,517,471,727,656,488,563,469,701,540,466,491,459,611,506,468,491,714,464,464,525,539,714,554,491,491,484,646,464,729,569,572,471,492,493,561,498,636
i have a lot of things to do.
1138,839,1017,587,832,699,833,583,812,1213,1174,854,849,1185,807,854,857,1012,1129,1034,873,640,848,844,1176,854,739,1181,1338
485,722,572,564,630,495,714,556,713,567,495,498,719,478,562,729,502,589,481,644,562,570,719,499,490,727,557,484,631
do you like the book.
are you going to take a plane or train.
720,1204,849,885,1213,1064,852,1173,1154,1181,728,863,872,1028,723,855,930,1206,1208,1150,1278,1446,596,795,704,858,880,1205,1064,848,879,1207,1148,1035,872,859,872,1186,858,860,602,1142,724,849,595,858,1269,1227,600,1039,720,851,1198,795,866,865,794,598,1136,1012,1277
529,474,723,497,468,500,726,565,473,566,473,719,503,567,474,722,636,492,489,554,628,556,553,500,483,727,502,464,498,723,566,462,459,627,579,743,504,478,731,510,571,550,482,724,558,724,477,549,555,642,480,728,481,498,721,500,493,553,498,629,603
he's coming soon.
he found his unionized warehouse job after a stint working for his father, an accountant.
1023,708,1378,649,850,785,1216,1101,1144,1046,881,860,675,1214,1219,1053,1292,1470,1027,731,854,826,1214,1072,1040,746,854,1009,1117,676,859,1047,1026,1110,1188,1029,1109,638,729,742,855,650,603,804,712,1026,1213,1061,663,722,850,1072,1204,931,852,600,813,845,712,801,849,587,847,663,861,1133,1037,861,873,650,1186,788,1166,1139,1054,880,853,797,1207,783,854,1026,1120,608,817,774,558,824,999,666,758,1164,843,569,1033,830,575,759,760,1172,1045,1019,838,583,1032,845,1261
568,467,547,540,719,635,496,644,487,631,561,728,556,484,480,640,597,550,571,479,726,571,496,509,642,566,726,596,493,568,728,516,647,500,480,652,494,615,465,581,731,486,575,505,484,525,446,471,552,491,732,575,463,636,727,568,569,510,491,504,716,561,709,571,497,494,645,499,732,484,496,496,561,498,620,575,719,565,484,491,716,544,457,565,710,554,568,483,582,472,482,656,714,554,662,705,548,620,635,505,514,651,486,552,674,487,669
my father has been there.
1098,904,864,794,568,858,999,683,771,860,1004,572,647,848,887,720,715,1030,849,862,1001,705,790,708,1292
663,494,741,576,570,484,577,465,489,716,580,557,548,722,626,484,490,660,732,504,594,463,486,459,657
i don't understand what your saying.
it's too late.
1128,836,712,1206,1035,1344,838,851,1035,1034,716,700,770,648,840,568,1038,724,858,641,1004,583,634,848,868,904,1167,1040,842,646,579,882,1075,990,828,1219,1412,1085,795,1232,592,807,792,1151,1152,808,1169,543,803,661,1218
493,722,547,499,654,563,488,729,515,657,570,484,489,550,502,559,668,553,738,487,618,575,496,505,729,507,521,540,724,542,565,465,511,665,539,649,558,473,460,525,536,714,471,481,482,700,582,549,489,453,662
i'm good, and you.
1102,1310,1073,807,846,1173,1181,703,1150,809,556,1039,708,829,860,1175,1036,1235
495,559,659,714,559,503,502,525,670,717,553,638,550,726,496,480,512,632
i'd like to send this to america.
1121,1322,712,830,1206,1116,1128,707,842,846,1167,847,649,714,1044,730,845,854,1002,1116,654,842,841,1179,851,587,1089,704,796,1141,765,581,1278
497,589,549,730,591,511,586,486,731,505,515,743,568,492,672,575,736,515,602,512,575,735,482,483,726,570,636,476,489,493,658,562,653
he bestowed public buildings and river improvements in return for votes.
1033,714,845,937,719,661,858,1200,647,723,731,855,1298,1074,917,1239,1152,787,873,925,1065,1140,1236,766,1140,1032,895,670,853,605,1042,748,863,807,1131,854,724,806,853,1131,1082,1247,803,1165,861,729,1081,725,1038,847,658,866,1129,1052,866,798,720,862,1190,1076,796,1036,856,824,1174,800,861,876,1182,722,666,1350
564,486,727,644,474,565,507,502,476,467,554,737,489,504,640,577,498,664,754,656,473,476,552,560,497,649,583,556,745,552,627,536,728,490,504,638,473,497,729,496,644,508,497,521,646,481,662,476,668,502,570,732,509,680,734,501,477,499,418,489,496,626,738,581,498,511,735,657,500,475,570,639
what do they study.
639,1013,595,859,886,745,1177,877,866,1015,725,919,902,673,850,1053,759,911,1233
484,598,540,497,732,560,504,731,502,599,472,518,754,579,505,542,587,526,675
i don't feel well.
1090,789,686,1151,1019,812,1218,810,777,668,668,1216,809,610,690,1214,1214,1294
481,690,545,486,649,483,565,714,558,484,496,566,707,484,479,567,568,645
across from the post office.
555,736,767,1200,627,625,813,775,760,1203,1099,809,829,1017,688,817,1268,1189,640,825,830,1205,784,776,1162,745,700,1292
551,618,493,516,569,579,727,571,500,517,673,718,508,597,482,729,527,533,579,507,737,519,578,582,512,657,503,660
please wait for me.
1301,1235,667,550,620,687,810,608,561,1157,821,828,795,1190,760,820,1111,698,1280
507,594,481,571,558,502,725,492,574,527,507,743,591,539,515,728,677,501,685
he never gives me anything.
of course.
1046,689,814,1078,685,803,688,753,823,865,1150,803,699,628,821,1114,706,827,573,1069,889,848,1037,1149,1054,852,1293,1493,1222,806,853,783,1219,1084,791,659,733,1308
614,491,726,628,482,634,494,497,733,579,503,649,496,563,731,683,494,727,551,682,496,502,621,515,679,570,664,589,542,596,731,682,533,543,507,593,513,658
you're beautiful.
i'm very busy.
875,1203,1079,789,784,711,851,913,708,585,1065,826,1139,799,1064,1242,1306,1437,1148,1319,1146,851,836,706,786,907,881,912,1081,665,919,1270
505,506,540,503,513,478,744,651,483,578,526,494,510,581,535,592,672,600,525,585,672,737,659,495,507,507,743,656,541,583,518,664
where is an atm.
618,1029,699,776,692,837,1142,664,834,591,1052,832,598,849,1181,1272
501,625,492,507,479,728,533,586,732,582,677,733,574,519,688,654
what's in it.
633,1048,596,849,1344,669,859,1160,1076,852,1163,861,1516
509,620,574,500,595,572,739,542,684,742,537,522,596
sorry, i didn't hear clearly.
667,1232,803,807,950,1178,888,1172,868,761,1177,760,1077,1345,893,892,1057,730,602,806,865,795,1242,738,608,795,1297,932,1308
582,532,507,520,531,705,757,537,741,589,534,591,689,607,526,768,621,504,583,521,750,665,601,511,580,520,550,526,682
i'm here on business.
1147,1364,1129,856,1040,734,810,726,866,1215,1060,875,949,1075,688,1148,1052,730,676,1269,1258
512,566,684,738,608,481,518,478,750,529,677,762,655,541,587,526,669,488,586,654,660
just a little.
that's not right.
1075,1075,678,871,885,619,867,1230,1152,854,854,1234,741,1306,1446,876,1031,621,887,1273,691,881,1081,1208,873,887,822,1161,885,1035,881,1292
620,550,585,517,757,592,745,606,542,528,531,590,485,663,589,523,617,590,525,608,579,761,707,542,525,763,521,550,613,630,535,671
where are you.
does that old notion that defense wins championships still hold up these days.
665,1042,745,826,746,870,622,827,738,885,937,1187,1061,1245,1416,763,1212,737,684,874,876,1032,620,859,880,1195,1224,756,873,1056,1191,872,1119,1198,1036,881,884,1026,632,887,890,773,758,848,759,1058,696,755,870,667,1121,1046,690,869,807,1035,619,1122,1267,1174,1220,1066,698,1036,1172,1313,694,876,705,888,1139,1229,1230,883,1029,1212,1226,776,886,1099,1299,891,902,1031,755,694,765,887,789,641,965,721,1291
503,634,496,524,492,747,594,526,501,752,537,542,569,676,601,573,543,506,596,753,536,590,579,523,762,523,594,591,756,681,538,531,547,537,694,771,541,618,593,542,776,608,532,608,531,692,599,520,759,528,524,694,588,753,657,597,570,669,529,521,520,672,588,618,527,518,587,747,596,527,522,580,596,755,618,520,590,595,750,531,526,751,528,611,492,586,519,761,584,593,522,588,687
i'd like to buy something.
1175,1378,784,895,1270,1177,1190,771,898,904,1230,904,961,1098,970,933,725,1239,1137,783,911,1062,1183,1084,943,1299
525,628,596,755,615,538,600,516,769,541,536,765,674,558,543,785,611,526,693,523,539,620,531,675,599,680
it's seventeen dollars.
where does your wife work.
1162,918,1362,724,908,732,789,901,790,1110,936,781,783,1111,915,809,1254,1281,1281,671,865,718,1324,1541,708,1065,778,863,772,906,807,1240,784,727,910,956,1245,1115,866,916,727,1195,892,804,925,729,1257,882,1196,1322
552,537,626,596,772,605,520,675,535,704,548,506,532,706,769,616,556,615,621,591,538,608,674,584,531,616,521,537,529,764,615,535,521,608,772,546,531,551,541,772,538,537,615,534,777,536,542,534,617,682
where did you learn english.
720,1070,786,867,913,910,807,1174,809,927,974,1233,1111,923,1274,800,674,864,1084,921,798,1092,944,1258,1179,744,1056,1322
520,622,503,539,767,770,597,549,601,771,549,541,564,761,613,533,588,535,700,782,514,713,614,624,560,605,636,657
where is she from.
your children are very well behaved.
727,1063,789,870,784,904,1181,728,905,734,1053,792,922,890,871,1233,1163,1297,1480,950,1228,1093,862,923,856,1064,1168,1264,811,873,782,1092,903,674,871,782,909,911,798,878,988,944,706,790,1265,914,911,967,779,1065,652,905,781,794,1326
539,647,520,538,513,759,523,601,766,591,618,522,766,582,543,528,700,694,610,540,551,573,530,775,673,638,543,619,586,534,508,705,761,579,537,512,768,678,539,556,555,778,524,519,637,771,774,667,519,635,575,662,520,595,677
do you know what this says.
i'm on hold.
649,1151,802,826,1146,1021,798,1100,1005,574,1137,785,586,966,541,796,815,793,957,1061,609,794,610,540,887,641,1199,1392,1097,1280,1075,802,1172,1037,802,998,1166,1207,689,1237
600,526,746,520,533,551,768,635,712,520,559,765,509,652,601,539,770,536,658,553,594,774,605,620,546,622,691,613,577,618,714,775,557,712,788,657,553,633,615,705
what school did you go to.
621,1047,577,845,835,640,753,1032,1206,1216,1248,825,729,1166,724,828,880,1207,1079,884,875,1219,846,859,1215,1297
556,648,615,556,785,627,716,668,567,564,623,789,615,583,632,789,573,559,594,648,648,569,803,578,570,692
who's that man over there.
612,1039,1223,1395,639,821,843,1047,581,843,837,1125,609,1066,829,1211,851,723,814,846,873,1054,712,799,708,1322
531,652,559,616,615,783,552,645,603,556,790,723,611,726,786,563,729,549,563,795,577,658,520,546,513,718
it's eleven thirty pm.
when does the plane arrive.
1217,851,1369,649,838,722,1293,718,842,739,1121,862,860,1059,1144,790,907,964,850,1298,1142,1314,1468,625,1032,714,1053,840,745,1199,715,646,841,859,1022,721,850,1257,1226,606,1047,726,841,607,815,809,1137,865,720,1263
563,548,629,618,797,527,623,530,678,566,720,792,555,614,542,545,560,568,794,544,695,688,599,537,639,520,715,786,606,532,531,626,784,558,631,520,790,533,596,597,694,529,794,620,550,554,567,679,532,697
this is the first time i've been here.
852,1033,1141,668,851,1152,671,856,872,1035,725,856,827,1137,806,673,880,877,868,1144,1092,742,866,1142,1365,866,747,884,933,732,735,1062,876,1039,733,820,731,1290
559,638,547,614,794,545,623,793,567,627,530,797,634,545,551,627,564,803,565,549,680,541,790,550,609,718,553,796,702,534,544,719,797,618,528,560,522,665
are you comfortable.
604,813,714,868,897,1201,1076,872,807,1223,1125,829,1254,799,874,610,919,1259,734,1323
595,553,521,781,560,544,577,788,705,537,706,624,518,563,564,615,689,589,524,689
i have money.
1159,851,1035,611,861,722,856,1144,1237,1092,730,927,1333
552,793,649,616,686,550,796,723,550,719,521,551,684
how many children do you have.
1018,1206,652,843,1118,598,1070,935,913,818,1054,1157,1258,772,828,744,1095,884,772,1255,894,937,1239,1097,904,1035,626,893,760,1292
657,550,540,767,692,615,711,531,794,720,656,559,635,626,540,527,727,773,616,505,781,550,516,553,783,629,617,684,544,686
do you understand.
be careful driving.
774,1247,908,942,1248,1101,916,1111,1097,799,768,853,713,910,655,1096,802,1347,1517,959,782,922,853,661,868,780,893,1120,1292,920,819,863,1199,905,1203,1103,936,1377
605,545,787,546,532,564,781,566,719,603,539,547,616,556,614,721,592,706,601,694,538,788,704,622,552,530,619,578,631,772,630,564,561,709,559,712,621,695
he's right.
1038,775,1348,716,909,842,1197,922,1072,915,1349
597,541,598,630,773,547,505,625,616,554,685
thank you.
where is the bus station.
913,1094,658,1136,1258,923,965,1270,1140,1307,1486,699,1101,778,854,781,922,1214,723,925,922,1095,784,940,982,1132,729,943,740,933,672,933,1202,1289,1099,1363
547,602,615,706,596,788,534,485,512,661,584,522,606,506,539,507,759,498,599,769,541,590,519,778,718,507,608,771,630,546,610,551,534,524,679,668
one way or round trip.
1298,1138,797,944,729,689,1001,976,1294,882,957,881,1290,1153,1143,822,954,945,876,1270,1349,1332
536,693,528,780,543,613,555,791,531,563,788,558,532,550,703,627,786,540,537,534,519,682
can you throw that away for me.
do you smoke.
849,648,1141,942,989,1288,1140,961,937,1103,857,1274,713,950,937,1106,681,928,960,684,735,686,1012,985,921,1253,892,956,1176,815,1347,1503,838,1275,964,998,1283,1151,962,776,1205,1300,1262,826,1397
712,599,702,776,544,505,532,765,543,628,538,524,534,766,545,623,608,545,779,591,532,606,538,783,625,557,551,784,699,540,699,613,605,550,779,544,553,549,777,618,709,542,639,546,675
she later found work as a teacher's aide in a head start program in harlem.
762,1092,824,961,1306,709,974,817,890,958,904,1280,1152,1132,841,946,748,1273,904,1230,952,703,766,948,688,947,968,820,695,880,1109,822,901,1389,776,963,711,1244,859,838,957,1250,1149,956,711,963,1112,843,717,866,962,760,959,701,891,960,983,1347,891,1295,1001,900,697,1210,960,1243,1149,962,1118,703,907,1316,829,1199,1395
622,637,548,771,613,623,559,540,553,774,636,543,558,709,635,772,561,539,553,589,777,596,598,772,599,772,556,523,596,687,625,525,537,627,618,774,603,553,610,539,785,552,702,783,609,774,642,546,619,622,773,605,547,604,545,547,788,552,544,523,632,544,593,689,770,539,704,771,638,601,550,617,524,723,693
will you put this in the car for me.
i'll teach you.
754,1219,1313,1312,978,1012,1276,1148,979,1355,1153,979,989,969,1104,1220,788,972,1236,979,990,973,1121,835,981,899,712,924,975,938,1290,921,984,1201,847,1343,1519,1260,1414,1346,1348,982,974,837,714,890,1122,980,1016,1300,1171,1375
549,555,622,634,773,560,538,564,779,549,568,553,787,555,642,549,623,786,546,777,788,557,594,519,786,701,599,546,784,628,531,553,771,683,531,683,610,550,624,623,628,782,550,526,598,683,622,768,545,524,555,674
do you like your boss.
836,1302,970,988,1297,1135,979,1323,1229,1240,828,971,1005,1284,1144,905,979,1005,1295,786,783,1370
613,536,775,538,538,561,765,621,549,637,524,774,552,550,560,540,761,643,536,602,604,684
contemporary art has never quite jibed with mainstream media.
883,1275,1115,974,827,1171,1347,1260,896,695,893,1015,992,713,903,979,983,1101,705,779,975,1136,830,943,843,904,980,694,1137,1217,979,830,974,1169,1231,1027,816,839,972,759,1229,961,1105,980,1200,711,1227,1127,786,990,899,825,703,1228,966,1220,836,850,834,693,1399
695,557,711,551,518,721,567,561,550,596,552,556,788,594,550,544,775,637,586,617,768,714,533,676,545,554,762,538,589,570,551,515,778,609,527,675,513,599,773,542,541,543,636,777,719,594,543,721,620,544,538,518,599,722,768,728,532,624,543,591,703
did it snow yesterday.
no, thank you.
833,1237,836,977,1241,969,993,782,1145,1314,767,982,1023,849,782,986,841,917,853,723,1041,1376,1527,1152,1322,1303,994,996,1138,721,1165,1279,1001,1038,1314,1180,1394
624,547,592,774,551,545,776,616,726,544,544,776,563,513,626,553,524,538,616,598,552,704,615,718,558,715,776,555,654,591,731,645,775,561,548,566,698
how much does this cost.
your house is very nice.
1084,1304,738,927,1196,1152,863,1103,834,1303,1315,813,756,943,955,1135,1241,770,949,911,1312,782,979,1369,1528,1011,1319,1187,907,954,1135,1320,1185,782,841,954,1253,784,967,978,840,915,1031,998,1154,1207,855,807,1322
655,542,523,777,722,575,685,657,606,561,525,529,594,771,545,635,546,617,777,676,553,616,557,725,615,563,560,574,559,777,636,535,566,608,538,783,556,621,790,698,543,557,569,798,730,515,668,508,662
i think those shoes are very good looking.
1253,951,956,1125,1239,1135,1253,954,965,1123,1296,776,839,948,775,1118,1302,835,776,959,716,922,828,955,969,837,913,1034,996,1022,1280,1284,862,979,1317,1287,1293,1250,1227,1129,1021,1377
526,769,536,635,533,694,618,767,543,644,537,606,519,770,592,602,493,514,609,774,600,544,528,771,659,526,545,558,789,635,539,535,584,760,602,543,534,611,546,693,610,678
he is, as you say, a senile old man in his dotage.
1138,859,981,1246,804,1323,982,734,812,985,1040,1315,1191,992,822,745,1060,1310,1004,752,979,811,873,1183,1272,1353,870,995,1324,1344,888,992,1222,746,1162,988,1243,1152,988,1121,1227,825,1000,900,1337,1014,747,1058,871,1465
653,519,782,559,621,696,774,598,623,781,553,534,561,784,611,617,559,705,800,596,770,607,523,713,564,632,543,780,556,639,616,785,726,603,730,786,562,729,788,663,571,619,785,617,548,555,613,656,535,732
our children are in america.
1335,1216,942,989,915,1167,1279,1363,895,957,870,1198,987,749,957,871,999,1290,1192,993,745,1258,880,952,1275,921,750,1442
567,565,542,788,689,669,580,643,599,543,536,742,779,603,555,540,779,605,737,788,599,744,550,553,599,684,614,728
those men are speaking english.
986,1161,1335,805,864,985,1271,866,1187,987,741,951,865,989,812,1435,866,745,1286,1285,1181,1024,1002,874,1189,1008,1354,1282,825,1155,1417
545,654,559,604,520,779,737,536,744,784,597,555,538,781,621,527,538,592,646,563,716,608,794,531,724,625,632,565,619,655,706
who are you.
780,1170,1338,993,736,939,850,984,1028,1328,1196,1400
528,624,524,775,596,542,524,771,554,529,556,679
i still have a lot to do.
1210,941,741,932,1213,1301,1299,943,1082,689,933,800,930,684,923,1294,1274,940,943,931,1262,944,826,1257,1329
528,739,572,506,545,597,606,736,627,563,649,496,733,567,728,616,546,518,737,522,561,741,570,559,644
that's right.
i don't want to bother you.
923,1082,662,927,1372,745,932,1219,944,951,1097,931,1354,1527,1199,929,830,1274,1111,1394,947,954,741,688,1144,949,953,941,1273,944,998,1276,931,1103,803,884,940,993,1276,1136,1362
526,660,592,530,652,605,761,583,610,626,673,544,725,637,598,771,627,601,754,668,559,787,548,626,748,558,789,561,609,782,702,611,558,685,529,549,771,565,589,623,727
that restaurant is not expensive.
929,1077,666,917,950,860,787,728,925,664,1123,854,666,1110,914,945,1195,743,934,1111,1262,926,941,806,783,1334,806,1118,743,1203,924,808,1335
546,675,616,546,786,551,533,628,555,611,620,552,611,753,555,788,603,628,779,749,603,563,786,523,695,609,543,759,598,607,689,543,736
are you here alone.
683,888,805,945,988,1302,1151,934,1100,812,898,813,693,685,1338,1291,1134,820,1345
611,556,541,775,557,531,573,777,649,539,561,534,614,607,582,540,701,540,692
try it.
follow me.
934,842,978,944,1189,923,1334,1485,870,1264,1257,1261,1243,713,915,1167,800,1322
527,520,533,760,563,521,717,608,574,555,634,636,563,505,746,702,492,712
what does your father do for work.
597,995,553,797,813,703,1149,663,617,813,851,1153,1027,750,812,776,570,850,979,668,765,829,720,1140,821,796,1149,770,813,622,1155,779,1114,1310
520,657,603,525,763,626,563,516,613,766,536,552,565,541,771,623,605,543,634,522,534,771,636,557,784,636,560,546,772,563,557,552,629,702
i haven't finished eating.
1138,829,1024,591,824,707,1048,1297,843,852,797,1127,1037,1122,665,1007,885,720,828,714,598,846,1130,1033,874,1335
561,760,645,594,689,546,726,633,545,783,620,579,731,579,619,660,636,529,769,522,615,537,573,722,605,709
amy is john's girlfriend.
605,1131,920,882,1162,676,858,1098,1219,1046,1068,1310,678,865,916,1153,827,1234,838,829,1159,738,1095,765,1293
591,739,543,770,579,620,773,678,579,661,761,664,613,772,627,613,558,684,645,559,613,541,721,621,713
do you want to go to the movies.
748,1232,889,903,1231,1102,875,680,624,1082,875,880,886,1227,877,892,1226,888,887,1235,880,888,1038,753,879,1142,1221,876,1148,756,689,1347
601,574,764,543,562,570,770,556,598,733,537,770,538,538,770,614,540,762,534,543,765,541,640,511,767,716,568,692,563,527,624,692
that's her book.
872,1053,620,877,1312,686,884,1064,746,824,884,944,1232,1238,1172,1309
530,655,593,536,624,605,755,655,519,526,758,686,548,549,633,707
i'd like a single room.
it's less than two dollars.
1154,1334,768,871,1249,1160,1183,747,870,628,866,701,1171,1084,911,1246,760,875,832,1224,1224,1141,1309,1473,1206,870,1306,693,870,1297,743,684,692,871,876,1081,629,1112,873,879,665,1241,881,779,1257,1257,1262,624,837,686,1340
561,631,597,755,640,574,668,525,756,579,751,600,587,732,615,635,520,767,542,571,580,736,707,612,550,530,613,611,757,625,514,590,600,760,537,653,582,721,750,526,522,582,742,605,569,610,617,577,513,588,698
do you go to florida often.
763,1255,900,937,1260,1118,904,919,1259,914,915,1269,916,878,1293,1269,862,1208,805,657,905,1256,863,908,760,1104,1361
579,560,751,527,552,576,753,600,551,755,529,550,763,597,636,561,529,566,596,591,753,562,602,522,512,721,706
there's a restaurant over there, but i don't think it's very good.
894,1073,753,841,764,1373,713,877,635,904,840,758,705,902,648,1119,839,636,1139,903,911,1256,884,744,845,908,917,1086,759,853,764,1280,897,968,1129,907,907,1202,891,789,1258,1097,1348,895,905,906,1089,1207,1115,1237,913,1206,915,1404,739,916,914,771,865,1006,955,955,1297,1301,817,1400
525,642,512,526,511,629,600,762,580,743,517,495,607,536,584,585,520,575,717,520,748,549,683,507,525,753,533,640,506,523,503,727,757,683,548,503,754,531,755,589,526,696,619,512,740,512,632,521,714,634,757,540,514,620,586,755,671,491,519,524,757,588,534,534,582,680
what time did you go to sleep.
716,1115,681,930,942,931,1230,1188,806,929,835,1230,827,963,989,1276,1141,940,973,1278,948,951,1288,948,763,1319,814,809,1370,1441
512,632,575,521,739,524,550,711,493,758,577,551,584,747,526,547,563,751,591,506,739,519,522,750,574,598,510,510,525,702
do you like the book.
i'd like a single room.
804,1313,945,981,1337,1215,928,1362,1267,1292,812,940,960,1123,810,928,1000,1318,1323,1258,1452,1523,1253,1433,824,930,1347,1262,1283,815,925,693,922,751,1267,1157,974,1340,807,925,887,1315,1314,1222,1416
575,531,740,518,485,501,725,572,509,604,486,735,518,591,471,735,636,506,506,583,666,563,512,583,563,738,589,517,607,497,738,561,727,561,530,674,588,592,486,738,505,525,537,674,667
can you call back later.
858,685,1186,965,989,1315,1188,934,886,703,1347,1346,926,1027,713,890,1280,953,1349,713,976,828,919,1426
635,556,693,737,519,531,548,746,648,559,602,609,727,648,543,639,606,746,602,546,521,487,504,685
are you hungry.
711,916,818,974,1003,1305,1171,962,1141,1179,1174,995,909,1041,1395
560,498,498,735,513,513,531,737,618,539,703,592,520,527,721
i'll call you on friday.
1272,1461,1351,1347,927,881,701,1352,1352,961,1007,1320,1174,937,1325,1170,952,921,910,1228,840,690,1057,1461
520,635,616,626,753,670,562,618,622,740,521,523,530,753,523,684,744,562,487,531,569,561,500,681
what's in it.
656,1062,615,874,1370,692,857,1218,1117,861,1212,883,1390
481,567,571,470,594,554,725,509,661,730,511,482,649
outside the hotel.
1266,1126,882,698,1219,785,757,910,873,1093,750,908,1077,1254,903,763,1251,1362
546,546,494,578,534,590,505,733,506,585,489,735,625,518,504,481,598,692
i want to show you something.
what time do you go to work everyday.
1176,892,693,626,1121,900,911,887,1247,904,713,1061,1241,692,904,947,1220,1086,905,724,1246,1144,782,930,1067,1171,1082,942,1324,1495,708,1070,642,910,923,909,1195,1156,776,927,801,1244,931,978,1241,1107,941,956,1264,954,941,1263,931,710,1271,872,1216,929,787,899,776,857,995,808,638,1006,1410
525,744,498,565,661,487,731,498,509,727,564,613,510,494,733,508,507,544,735,576,525,680,497,507,626,523,691,572,674,597,500,624,562,501,729,505,543,689,496,726,577,536,732,511,535,559,729,582,524,730,505,528,729,493,524,493,619,731,482,641,482,493,505,585,553,497,690
are you sure.
are you afraid.
624,842,741,907,932,1270,1138,915,722,1129,836,741,1342,1482,640,841,749,941,951,1254,1114,911,645,867,854,642,1197,789,1400
558,491,480,728,511,537,551,736,571,503,500,467,679,583,560,491,484,721,501,511,522,718,551,554,493,544,521,547,677
i'd like to make a phone call.
there are some books on the table.
1209,1386,780,912,1292,1200,1219,769,941,930,1254,926,1212,655,1230,771,905,651,908,1355,1074,1258,1101,764,906,823,628,1269,1261,1381,1516,921,1084,737,841,744,899,625,855,747,904,703,1273,1164,764,928,966,1280,1290,1205,703,917,1259,1094,928,905,1072,750,921,911,615,960,745,1261,1364
531,616,561,717,618,533,609,483,727,501,539,721,674,560,580,481,718,553,718,510,610,509,679,472,721,625,545,596,606,685,578,488,611,471,470,456,724,547,484,466,725,568,531,699,484,735,628,524,520,605,548,717,514,708,711,485,630,471,720,482,549,614,458,616,673
he cried and trembled, sobbing, while they spoke, like the child he was.
they're planning to come next year.
1060,753,888,828,852,1167,777,754,887,635,1091,781,911,916,842,771,1139,971,1263,758,791,1270,900,713,1237,964,958,1182,1087,932,1262,908,699,1160,1179,1267,777,903,933,1057,759,1001,921,723,1314,1227,1206,771,1234,891,1245,1153,1184,771,906,924,1059,766,907,838,1044,1152,1263,802,902,1049,767,893,700,640,715,1352,1466,934,1046,750,993,1375,836,741,884,1322,1260,616,1086,1087,1172,1083,905,887,913,1237,889,826,1249,1133,754,871,1088,760,740,925,979,985,767,639,863,1301
603,487,754,675,480,510,592,488,738,571,684,580,735,506,499,487,699,663,616,466,589,710,751,591,547,674,681,551,729,591,723,755,520,558,575,653,506,744,517,648,480,508,748,574,574,574,671,483,742,734,639,555,664,490,736,507,644,479,734,652,656,565,628,568,726,656,486,733,492,557,579,728,626,508,646,487,504,626,486,472,734,534,620,558,709,712,553,722,565,737,493,535,738,661,549,704,486,728,703,486,660,478,716,496,465,544,467,693
is it cold outside.
1199,693,922,1204,902,896,839,1260,1261,789,902,1245,1085,907,712,1172,790,777,1336
534,581,735,520,495,740,644,535,617,574,740,522,541,505,579,549,580,497,700
my car was hit by another car.
how many children do you have.
1168,964,926,819,647,868,923,708,636,727,919,1081,1179,927,941,958,974,935,621,1107,1236,898,1079,760,846,915,823,646,854,1343,1479,1079,1268,702,906,1177,637,1115,965,949,850,1085,1173,1263,793,848,765,1099,908,788,1235,935,957,1230,1094,892,1067,643,903,765,1326
708,505,743,657,573,499,731,502,567,582,733,643,552,505,745,667,502,745,555,723,565,497,640,472,499,733,626,553,501,733,630,657,551,503,740,729,556,728,509,735,648,661,535,611,564,500,484,691,724,559,552,726,502,541,544,732,630,543,634,483,700
what do you want to do.
688,1089,627,899,916,780,1256,926,945,1256,1120,907,701,1107,646,905,934,919,1249,926,790,1251,1381
487,623,561,498,743,570,548,728,506,539,549,737,505,695,555,505,732,501,559,725,550,553,686
dicing houses, where cheaters meet, and cozen young men out of their money.
783,1199,819,1216,1115,919,912,1104,1267,1129,727,791,725,1326,909,709,1096,786,868,783,929,851,1109,783,666,924,778,863,724,926,1218,785,798,937,1290,904,641,1112,810,924,834,1272,704,785,1127,954,976,1261,1121,1129,935,932,1223,791,1132,931,1250,1132,923,944,1274,881,941,931,1085,798,1194,878,938,1206,1268,1133,783,1003,1414
545,548,645,504,663,555,736,609,502,526,550,486,566,686,735,497,615,482,506,478,733,642,617,484,560,501,486,497,563,737,687,497,471,502,695,731,551,672,562,727,640,527,639,460,721,731,502,530,557,727,564,730,717,480,734,731,538,548,502,732,526,576,721,505,635,483,546,501,734,719,538,689,502,500,704
i'm self employed.
i'll give you a call.
1216,1367,1210,890,719,785,1331,866,906,775,1190,1344,1298,1281,976,782,814,1352,1484,1205,1388,1294,1295,910,940,1209,919,758,928,965,1264,1138,913,639,900,832,644,1292,1281,1364
544,620,714,736,567,490,596,568,744,490,700,523,602,527,504,472,600,696,596,530,615,615,620,734,577,551,649,484,737,513,531,540,737,542,724,635,548,596,596,674
which one is cheaper.
708,1093,1200,836,1095,902,1276,1114,779,896,1201,733,910,846,1086,782,655,1332,784,866,1354
493,635,540,645,637,733,537,703,485,732,554,570,733,655,642,482,557,555,492,502,708
my car was hit by another car.
do you have a girlfriend.
1167,975,949,846,657,887,925,720,660,738,927,1080,1190,938,950,963,994,936,648,1105,930,1245,1085,788,875,930,841,663,871,1341,1512,815,1269,934,971,1275,1117,923,1070,665,917,783,905,660,921,951,1200,863,1280,880,865,1203,784,1097,804,1382
721,505,742,652,555,500,739,490,558,577,734,662,572,504,745,662,505,748,549,744,509,583,658,481,512,750,658,564,512,724,620,573,577,746,517,566,575,737,660,560,653,495,737,561,729,586,569,512,638,599,512,579,491,712,577,703
this is the first time i've been here.
do you know where i can get a taxi.
914,1113,1220,734,921,1228,742,925,938,1111,793,919,888,1219,869,728,930,942,932,1225,1186,776,909,1237,1361,908,786,923,931,766,768,1132,928,1093,785,872,786,1355,1470,810,1278,942,978,1280,1147,911,1230,1117,1259,715,927,728,1082,811,886,800,932,1194,928,858,679,1116,926,965,814,948,916,665,926,922,669,773,1217,1370
514,659,561,569,741,562,575,737,524,640,493,739,591,573,521,579,530,747,526,568,696,474,733,513,585,662,505,729,665,492,500,703,734,631,492,514,485,684,601,588,540,738,520,524,546,733,598,694,540,505,740,503,624,499,533,502,754,554,754,640,576,714,747,599,494,536,750,575,737,510,558,646,541,658
can you help me.
798,590,1093,869,921,1230,1126,849,1073,758,1275,1359,858,1188,734,1365
690,565,703,745,502,542,472,743,572,500,589,472,730,664,501,658
who was your teacher.
659,1073,1286,861,664,599,675,889,927,1282,1131,823,887,905,758,626,819,1073,758,844,1345
472,597,493,742,485,553,560,732,507,494,516,519,733,515,481,566,661,602,484,504,654
i understand.
1130,784,1053,1030,692,661,744,616,820,540,1031,694,1298
544,745,546,693,596,504,505,601,539,590,701,581,671
pick up your clothes.
1249,1134,729,1140,802,1063,1274,791,875,1178,1060,757,816,759,1201,1180,839,995,698,639,1297
573,567,705,638,784,579,543,776,546,531,546,525,767,682,600,532,540,634,491,607,685
i'll come back later.
i'm worried too.
1125,1312,1209,1207,814,776,1193,1084,701,812,894,573,764,1144,828,1215,593,873,706,789,1297,1448,1131,1347,1135,831,626,1220,780,770,1152,696,722,846,850,1217,1227,1236
551,614,635,635,769,675,563,731,523,775,700,578,717,653,793,641,595,552,527,531,694,611,573,627,733,774,536,564,539,534,577,489,616,772,539,563,559,731
business is good.
i'll give you a call.
921,1092,648,1164,1053,694,649,649,811,1172,646,821,897,1225,1228,758,1349,1474,1178,1390,1284,1284,835,876,1182,852,725,848,908,1230,1114,838,607,837,798,604,1269,1268,1407
696,565,594,546,739,500,602,599,779,537,596,779,627,541,539,594,733,609,566,642,657,658,785,617,579,687,542,786,558,565,587,784,590,790,682,592,638,635,701
will you remind me.
635,1193,1274,1270,835,902,1247,1118,854,808,720,1194,1144,1072,743,848,1152,724,1311
522,596,663,674,785,545,565,589,780,553,525,752,599,756,606,788,762,534,763
i'd like to buy a phone card please.
how are you paying.
1174,1411,748,838,1279,1201,1214,719,854,877,1245,863,916,1114,955,891,581,849,1326,1058,1231,1095,734,853,789,603,806,734,859,1359,1292,723,590,673,730,1381,1514,1096,1280,651,851,604,812,726,884,919,1258,1135,870,1363,625,937,1201,1097,931,1351
588,663,612,784,672,598,696,530,786,556,597,791,710,596,545,779,605,787,588,692,581,757,539,792,711,602,549,618,793,582,652,539,602,635,545,716,606,651,557,541,786,618,546,543,783,559,571,587,785,565,615,544,572,730,621,723
are you sick.
the big one or the small one.
617,834,727,893,935,1243,1122,874,692,1203,810,1211,1327,1488,890,1075,754,887,949,1175,920,889,1235,1085,766,888,1245,842,893,914,1057,768,888,723,1145,642,1263,1262,882,1235,1091,773,1318
604,555,539,792,557,550,559,788,620,541,700,634,730,615,555,657,534,789,713,563,617,793,563,741,533,788,564,552,789,564,675,538,788,632,733,601,653,653,783,588,738,549,729
he studies at boston university.
1077,770,886,713,911,1115,772,1230,746,689,870,609,894,896,926,1245,704,907,1252,1096,881,1118,1095,1173,888,760,848,711,1173,882,993,1359
671,537,788,636,553,492,615,496,509,613,773,596,537,768,692,537,609,556,544,721,773,566,716,558,695,528,540,616,565,557,563,710
can i help you.
797,615,1108,857,1192,860,1077,751,1271,1334,866,942,1238,1122,1336
673,602,731,775,560,776,650,530,665,567,775,543,564,582,721
he works at a computer company in new york.
it depends on the weather.
1076,748,879,680,1262,840,1205,704,887,625,925,916,615,888,819,1148,1164,1347,1105,903,744,839,887,812,1248,1145,1318,629,1095,987,923,1175,1087,884,1093,741,672,872,926,1236,812,1186,1315,1515,1180,887,887,778,746,1318,736,1091,768,694,872,1247,1093,887,892,1052,747,883,749,625,889,1061,754,836,1321,1318
665,523,783,544,570,544,657,624,778,603,546,772,593,786,685,732,760,578,604,546,530,548,773,708,578,751,589,603,754,545,782,601,757,777,772,534,536,769,543,549,511,646,733,617,584,524,756,608,519,583,506,739,602,595,753,579,752,756,531,683,501,747,499,596,534,679,508,520,735,731
how tall are you.
a certain austere simplicity was noticeable all over longfellow's house.
1050,1256,625,848,854,592,1243,1238,841,595,804,706,859,907,1220,1092,1267,1437,608,864,811,732,812,897,618,1181,1092,866,630,1098,690,890,738,826,735,873,697,1184,1128,1301,1258,1175,813,1175,855,949,914,701,648,721,894,1088,1239,905,1179,835,791,634,964,1256,775,902,653,1257,1253,892,1233,912,791,868,776,1304,1263,1111,933,851,755,1281,1277,1272,678,1378,718,892,1082,1257,1125,730,789,1339
618,522,501,745,520,579,597,606,752,581,512,501,757,522,508,538,651,567,573,755,687,500,498,519,592,537,683,750,572,561,582,525,488,515,492,750,582,532,701,541,613,558,664,552,521,535,756,511,597,593,754,706,549,527,553,694,529,587,687,617,509,754,591,611,622,756,550,674,532,546,490,581,502,677,581,585,503,598,597,538,511,623,603,759,633,529,555,587,521,692
who won.
sorry, we don't accept credit cards.
703,1083,1304,885,693,1298,1130,1325,1456,714,1278,848,843,995,1234,917,712,788,911,810,1278,1120,1360,925,927,654,847,847,792,1360,930,916,833,853,771,796,1218,920,925,853,661,864,799,727,1384
524,617,501,753,525,511,666,669,593,580,521,521,521,525,702,754,516,501,754,592,541,697,603,536,763,578,652,670,516,528,539,754,674,511,501,612,553,539,757,682,584,515,606,597,713
the tv is broken.
898,1083,758,915,891,895,916,1211,720,902,949,1274,843,1217,766,1104,1332
519,628,486,748,508,649,754,556,577,740,666,550,506,635,495,721,722
how long does it take to get to georgia.
1092,1277,702,910,1264,1286,1107,931,918,817,1269,774,729,916,1199,924,949,936,664,1227,805,927,949,1264,936,982,805,944,949,940,1274,940,968,788,1270,865,965,1211,673,1380
636,543,524,754,635,568,714,588,768,600,569,489,600,766,521,539,771,548,591,632,512,764,551,551,775,635,514,546,772,551,555,772,633,523,560,540,630,561,606,712
why are you laughing.
what size.
717,1098,1004,945,674,903,802,928,999,1277,1131,924,1305,693,1135,979,1101,1216,1107,983,1343,1501,741,1087,701,961,947,769,1199,731,819,1331
518,644,531,769,601,530,513,769,544,558,570,770,644,598,582,625,676,578,729,618,732,613,533,659,598,544,776,618,576,664,518,702
my friend is american.
1175,1002,963,919,886,1226,805,1129,834,935,1223,768,932,694,1215,827,901,1226,870,693,1124,1375
713,521,758,608,527,561,498,726,616,775,566,612,771,607,742,530,537,583,679,607,729,713
what makes the galumphing hubby such an enduring stock character.
i give up.
729,1122,687,984,954,1211,701,1250,826,768,979,983,1116,825,955,1002,710,1319,1156,1192,1368,1095,1207,1124,994,961,1095,1134,1039,1026,1049,1000,787,1168,897,1125,960,713,1141,955,828,1153,867,1169,919,1248,1147,993,964,800,1305,904,914,1301,974,914,1138,723,942,724,917,1012,854,936,1402,1503,1276,981,1029,1281,992,872,980,1257,1340,1358
530,663,595,543,785,743,606,664,516,610,765,558,661,530,784,626,596,676,614,750,596,686,588,758,618,788,687,602,711,710,538,776,597,467,690,618,774,600,692,772,511,683,623,539,537,533,705,618,780,606,535,694,732,555,783,740,577,598,546,599,697,550,539,543,687,597,540,786,632,560,709,547,778,547,526,706
is there air conditioning in the room.
but the flames grew too large, compelling firefighters to call off the rescue.
1224,792,968,987,1111,842,931,839,981,723,1205,917,963,915,1276,1123,865,1195,978,1192,1280,1110,1192,1114,1000,979,1203,1122,983,972,1134,836,968,926,1316,1323,1206,1394,1491,1032,1165,997,993,996,1120,845,983,952,1313,733,1190,850,791,983,1014,921,837,770,976,988,1305,1306,982,1317,740,921,1021,855,1289,975,922,1295,1192,1379,861,1328,1324,1252,1143,1012,983,953,1237,936,853,953,1240,1018,1129,999,856,936,815,982,1002,1278,988,932,746,1367,1356,968,1335,960,947,980,1001,1154,863,989,944,856,810,915,1192,858,1419
504,617,763,538,608,504,537,509,760,594,522,526,763,695,529,697,588,536,539,542,526,695,550,705,618,766,545,707,544,542,615,507,769,526,510,506,676,670,577,668,540,536,764,544,613,502,755,607,594,596,689,507,598,765,615,529,500,526,748,540,529,532,763,613,612,532,628,522,711,766,703,559,697,560,532,618,624,554,692,614,762,615,561,540,524,626,556,643,634,561,520,540,630,768,559,558,774,686,600,605,611,768,534,616,617,769,558,633,523,768,546,514,601,680,575,521,709
what time is check out.
771,1140,736,989,985,994,1265,1208,858,983,1266,799,987,926,1138,858,903,1269,987,1022,1321,1190,1398
539,639,603,544,775,554,552,722,532,774,562,613,779,696,650,517,683,638,776,546,539,565,693
it will arrive shortly.
the developers are now seeking approval from the landmarks commission.
1265,993,1000,787,1269,1357,1349,985,748,951,946,1268,981,860,992,821,1143,1325,943,1017,1351,1088,1416,1544,1003,1132,861,987,899,870,983,869,1324,1316,1388,868,954,807,992,761,957,867,992,1160,1296,806,993,827,885,882,1263,1257,1161,1025,997,764,1388,1385,961,1305,999,772,1334,989,973,958,1313,1208,987,1012,1136,875,1001,1331,764,1159,906,1202,762,965,1250,828,1000,948,1296,1192,1194,1243,821,824,1248,1323,1156,1376
557,552,786,538,569,619,633,775,614,546,555,563,703,541,784,633,659,562,559,563,638,565,730,628,565,651,532,788,633,540,696,544,645,580,597,542,551,629,788,626,563,544,787,732,588,556,788,629,549,557,660,592,740,630,790,623,585,590,565,597,715,634,650,784,649,565,585,738,783,578,680,548,789,655,621,744,617,750,619,562,659,632,788,716,595,736,753,530,627,629,536,526,698,679
i'm good, and you.
1273,1452,1263,987,1032,1350,1350,901,1324,980,747,1197,900,1008,1046,1325,1204,1385
549,626,721,775,637,559,558,619,712,766,627,721,632,783,555,532,561,694
thence they grow, expand, fructify, and the result is progress.
it provoked a bigger reaction than we could ever have anticipated.
996,1116,841,1144,907,856,992,999,1117,846,1059,1023,998,932,1274,782,1286,998,873,841,1361,736,1154,881,1343,981,937,926,1188,906,998,1256,938,1056,1320,1000,743,1171,887,1001,1005,1131,866,1007,941,863,813,1177,1320,1004,1009,1230,809,1000,1355,941,1289,1014,939,858,806,811,1387,1510,1252,985,1001,1361,929,1311,963,1318,1262,848,866,989,727,985,1036,1250,1009,1009,857,941,999,938,843,730,915,993,1225,1302,1153,988,986,1142,724,1173,980,785,865,985,920,1300,1173,1336,881,1001,859,978,867,935,996,1131,731,981,850,986,740,1196,1000,1280,918,1271,1399,742,1010,880,888,1406
556,653,521,737,719,553,790,566,685,543,565,794,638,556,596,546,734,769,539,690,606,611,750,604,768,759,616,544,604,721,556,588,637,546,741,772,596,745,635,770,553,688,532,779,542,532,623,629,674,560,784,614,626,767,611,547,619,625,543,530,612,622,723,645,603,558,786,611,544,541,697,540,626,526,627,778,626,774,677,570,621,626,537,555,773,553,522,601,692,557,592,571,723,770,555,660,597,734,760,539,527,779,696,570,588,641,615,779,529,678,551,563,772,660,603,683,534,772,608,717,553,565,708,566,561,605,564,518,602,694
help.
go straight ahead.
1129,860,1327,1388,1391,1496,804,1319,996,819,1003,935,742,1246,1024,1130,1016,990,759,1143,880,761,905,1404
653,522,653,580,721,618,620,578,775,606,550,537,599,578,623,664,559,767,610,644,523,609,604,712
do you smoke.
879,1331,1010,1028,1334,1204,992,818,1236,1353,1290,881,1436
587,568,768,544,562,510,765,605,683,529,610,541,709
is there a movie theater nearby.
one person said it looks like a big lime sherbet ice cream cone.
1267,813,999,1005,1159,866,954,866,994,750,994,1268,1345,1001,1261,872,993,1010,1165,873,764,1017,873,954,1004,1187,873,757,943,1043,1074,1455,1581,1345,1171,869,1005,1421,877,959,826,1349,1187,991,825,759,1282,901,993,1285,1020,1012,1359,1332,1336,1290,831,1000,1350,1267,1278,878,996,746,992,1055,1257,1029,994,1335,1259,1227,882,991,836,1137,864,939,1050,867,1013,1003,1256,925,873,986,923,960,866,746,1244,980,926,1321,1176,872,1399
554,621,768,557,641,530,553,528,774,599,775,699,561,691,572,541,776,563,648,538,623,564,530,554,779,738,534,603,559,701,563,723,622,574,731,530,772,567,537,556,617,569,718,771,607,600,579,607,781,588,564,790,647,587,584,647,621,772,647,587,656,535,772,599,777,694,506,604,783,596,521,682,533,773,619,607,542,548,689,519,543,780,550,700,540,762,716,537,505,607,722,755,682,571,723,521,707
what's the phone number.
but despite racking up world titles, olympic gold was eluding him.
783,1152,747,987,1397,821,992,1014,1156,877,1003,1387,1145,1308,1161,877,1001,1158,1168,1228,1055,856,961,1375,1498,1032,1159,1012,1010,892,878,812,1362,1244,1008,872,1003,957,759,921,1257,1251,1152,1026,992,1174,1378,992,795,1318,950,1340,892,994,1010,1259,1005,1356,867,815,1332,988,1338,1333,1058,1224,1387,1251,926,1003,1045,1313,1320,910,1009,818,772,842,1004,904,1326,1175,914,1256,1155,1042,1027,1139,1237,1270,1399
544,600,628,547,614,619,770,561,637,525,777,550,659,558,709,534,771,729,590,768,686,525,540,740,639,692,574,554,784,607,537,615,544,539,565,516,774,549,612,675,621,546,711,628,770,531,513,766,546,527,540,601,604,771,549,532,557,608,511,594,700,759,533,626,541,714,572,552,671,766,614,570,640,597,766,531,594,617,763,534,645,580,626,560,712,625,784,658,558,729,724
do you want me to come and pick you up.
884,1310,1031,1044,1310,1173,998,805,762,1153,1021,1010,1279,878,1020,1017,1305,1008,942,1310,1249,879,992,749,1151,901,1007,1376,1235,926,1242,1008,1055,1302,1162,1004,1185,1380,1401
590,557,777,545,553,560,754,530,596,724,531,762,720,521,755,542,564,768,710,560,711,534,766,590,735,611,767,582,542,680,628,768,543,531,545,762,540,521,714
i was in the library.
1224,966,784,729,799,985,1261,1170,999,1006,1131,864,983,1363,1254,1039,940,738,941,1056,1413
548,755,512,581,596,749,566,728,753,546,654,510,752,586,524,667,525,585,541,551,721
i'm good.
why not.
1254,1457,1270,981,1029,1353,1351,898,1409,1509,785,1160,1057,1025,1193,1332,1019,1390
577,652,747,768,615,510,515,605,716,621,540,639,551,771,716,568,559,714
