a certain austere simplicity was noticeable all over longfellow's house.
451,998,715,625,691,802,483,1169,1038,1024,512,1065,602,808,662,751,659,1018,609,1171,1153,1353,1308,1205,726,1202,762,867,1006,609,546,628,1023,1065,1244,815,1180,758,692,563,875,1249,671,1048,549,1245,1247,1057,1232,802,697,769,1038,1248,1255,1054,837,781,681,1232,1231,1238,606,1429,619,1043,1028,1246,1074,624,676,1400
541,752,682,517,524,533,573,464,653,751,569,494,584,539,498,521,488,744,589,463,629,471,578,482,706,492,535,542,756,511,590,597,747,693,468,524,485,705,520,592,736,550,499,738,591,563,560,748,469,733,542,541,750,582,458,690,628,620,537,589,591,493,524,575,595,755,601,478,502,618,520,733
when does the plane arrive.
585,1035,668,1043,1049,706,1224,681,621,1050,835,1020,676,1045,1317,1262,555,1046,690,1040,557,769,768,1175,776,676,1338
515,573,532,714,800,609,496,511,602,788,543,613,515,804,510,612,592,720,522,812,606,535,535,516,687,505,751
what's the date.
can you call me back later.
591,1031,533,836,1434,629,1070,838,1041,690,1069,708,574,849,696,1318,1062,751,511,1053,1056,477,859,1221,1068,745,545,1277,1261,1064,1124,671,1067,851,562,760,1200,1084,1250,567,513,843,702,785
504,591,588,531,585,587,764,542,610,512,771,591,602,543,516,699,799,700,592,711,807,904,542,520,566,741,626,564,578,796,711,568,801,758,621,741,599,791,609,636,964,585,537,579
it's on seventh street.
i want to send this package to the united states.
1171,832,1403,1304,1050,1231,1048,1064,629,680,815,695,1067,832,1045,1048,638,845,777,685,687,851,1331,1090,1210,1063,614,564,1066,836,1044,841,1220,1032,671,717,1040,739,1051,863,1029,1185,679,1052,1310,585,795,1185,610,901,736,1062,866,1224,1058,867,1009,738,1046,1072,1053,1182,874,721,745,1062,680,898,599,901,735,759,684
464,485,578,531,764,482,674,779,558,479,674,500,670,519,599,776,551,520,498,480,488,505,665,760,497,772,484,552,738,523,813,519,485,787,588,519,699,597,821,548,635,536,591,813,503,589,705,607,608,627,541,811,569,535,804,545,606,521,781,524,788,521,543,503,596,827,585,549,591,554,503,574,616
i don't mind.
if only certain puzzles could be solved by dint of sheer hard thinking.
1250,1089,756,1251,1083,1461,883,1096,1164,1228,1070,764,1348,1096,1224,849,1087,1288,1066,1279,604,975,876,747,838,884,609,1195,1065,1085,1337,1094,655,655,1308,744,691,1104,802,1273,1105,1301,760,1097,940,758,1117,706,1295,1300,908,767,783,1104,958,1054,1062,803,1204,1086,939,1097,1278,890,1096,738,1062,797,798,877,1087,1055,681,895,808,1098,945,1049,1181,1081,1217,1192,1058,950,1366
480,752,603,493,640,582,551,802,707,520,684,598,713,814,517,631,803,517,697,614,917,574,771,573,567,570,623,504,657,817,517,544,737,760,629,559,645,781,753,524,545,624,649,813,760,586,796,644,524,610,770,602,658,808,770,567,834,683,546,750,589,859,551,682,844,678,673,593,596,598,868,682,665,610,663,865,622,688,581,752,666,587,731,672,769
in the case of mobile connectivity, a rising tide does not lift all boats.
1254,1089,1109,922,1091,780,1123,864,657,730,793,1135,1300,880,1125,1205,1326,979,1234,1335,812,1122,868,1311,1118,1123,808,826,941,1249,953,1237,918,1010,1364,1217,652,1096,872,1235,740,1235,1093,956,1122,931,1225,823,805,1109,823,1288,817,755,1117,1099,1288,920,1134,1326,1220,917,989,1117,669,1322,1323,1142,996,1313,684,952,752,1436
510,666,820,605,642,564,820,715,632,635,558,813,532,645,810,732,531,769,563,648,579,837,752,557,752,754,570,774,616,567,751,575,610,633,760,871,631,825,595,528,634,548,699,667,831,601,556,666,591,827,661,549,583,626,828,731,571,589,846,656,587,660,610,862,661,644,647,846,772,580,634,609,645,789
i remember.
1283,1098,876,780,1209,780,1193,981,812,909,1436
510,807,590,559,714,567,719,795,589,589,759
it's seventeen dollars.
1257,921,1437,740,1122,751,797,931,802,1122,937,800,796,1122,1101,827,1301,1297,1310,693,890,758,1416
524,599,650,631,789,657,569,755,576,738,602,567,578,734,829,661,545,637,631,650,585,631,780
my son.
he's faster than me.
1206,987,1152,711,1295,1111,1419,1124,779,778,1516,726,1127,874,610,700,905,749,844,1067,923,1063,630,1084,1101,1172,771,1390
771,608,842,626,564,737,743,856,589,564,625,653,828,617,605,593,562,543,543,783,577,626,624,728,814,701,556,741
where is the bus station.
567,1027,666,751,661,1025,1181,621,1027,824,1011,664,1024,864,666,663,1030,666,522,872,583,858,523,1152,1228
487,627,508,519,493,789,503,571,785,524,626,487,792,744,597,601,792,609,919,562,611,560,919,539,545
who taught you.
625,1053,1279,1056,855,577,1121,874,1063,873,1067,934,1257,1097,1448
509,587,473,767,539,591,511,603,601,541,768,565,487,529,735
i give up.
she's older than me.
1229,1061,891,1220,873,763,1083,1091,1394,1400,1091,682,1091,740,1535,684,1096,1331,1351,750,734,833,1115,885,1099,604,1115,1102,1186,746,1486
480,786,617,487,731,526,767,533,485,769,813,602,584,531,578,589,767,487,582,627,553,549,778,558,617,609,703,808,693,542,707
please sit down.
please wait for me.
1309,1271,719,595,670,720,1064,674,1182,1063,1025,755,1261,667,1065,1376,1097,1374,1302,733,611,684,744,1108,677,610,1260,869,1064,864,1303,822,1078,1175,731,1366
482,588,513,587,605,507,767,577,520,772,804,604,505,531,740,770,858,470,616,522,597,599,522,783,538,598,514,545,849,603,491,531,806,741,518,755
i'm cleaning my room.
1261,1626,1277,1140,816,1351,744,616,1156,1256,1140,902,1081,1168,942,1100,856,1298,1297,1188,1400
439,546,699,779,697,564,524,602,665,499,670,626,826,731,541,814,536,507,502,687,705
at fifth street.
where did you go.
611,917,1136,865,1240,863,900,1122,1125,723,925,851,773,775,944,1410,1141,702,1141,779,864,780,1138,798,1271,807,1141,967,603,1355,1176,939,1294,1438
558,545,767,596,504,592,530,606,785,563,540,517,492,506,526,704,796,497,611,495,522,490,788,577,518,590,788,539,880,505,537,629,479,724
why did you do that.
711,1114,957,1132,812,1281,806,1143,979,1356,1170,1121,839,1349,1122,973,1121,673,953,1553
512,553,541,739,577,483,596,746,546,469,503,767,599,477,759,547,598,569,532,666
i got in an accident.
i don't have time right now.
1310,1131,964,1359,942,1134,1277,1121,1157,674,1129,1161,671,897,887,1273,834,829,1146,615,976,1453,1251,1104,811,1296,1078,1511,935,1129,1097,656,929,839,1136,940,1252,1197,793,1162,894,1254,955,1101,904,1126,1173,1332,711,1456
444,723,614,446,538,754,483,635,771,584,679,773,583,693,694,501,614,532,712,918,561,676,464,802,590,492,747,544,542,788,600,575,716,541,807,563,501,684,528,793,611,512,617,617,540,846,721,521,524,704
how far is it to chicago.
1228,629,573,1034,580,836,591,559,1220,693,1084,1191,857,1059,867,1235,1045,834,1034,1191,827,625,918,1248,1355
497,494,950,805,968,613,570,935,500,569,765,469,541,751,538,471,766,690,590,502,696,595,615,505,670
but he was feeling deeply chagrined and mortified over his last escapade.
959,1103,918,611,1100,783,1107,711,625,725,1120,881,781,781,1318,1256,1131,919,1018,705,690,687,1313,1270,549,898,796,1047,597,873,535,789,1181,1079,716,733,600,1071,727,1065,1147,1235,801,846,1179,830,1178,741,761,1079,1253,757,828,1084,1059,1055,1172,701,1061,1267,600,691,557,933,752,693,803,621,1325,609,759,740,1346
722,502,564,899,768,532,776,531,590,582,774,620,534,540,592,513,688,621,877,473,412,412,379,476,800,426,603,493,498,529,809,456,421,598,445,503,501,621,509,702,618,417,471,450,440,540,438,448,536,711,428,474,474,700,749,563,444,530,750,539,511,543,808,483,449,513,636,520,439,492,521,457,698
i'll pay for the tickets.
1237,1542,1365,1370,1105,1375,601,607,958,865,1099,825,1103,901,1082,751,1098,888,1257,847,1236,775,943,715,1445
411,506,523,512,712,404,489,839,467,529,674,449,672,457,498,432,689,449,409,607,501,464,469,506,645
such an inclined passage following a seam of coal is known as a slope.
718,1148,839,1108,1064,639,1105,1118,1208,1095,827,1294,1225,1122,760,788,1125,1389,632,720,719,641,937,747,1093,865,1289,1311,1318,1288,691,1228,1080,915,1104,632,1090,721,776,643,1162,1122,1265,866,1109,843,1263,663,1280,1119,1227,724,1107,1230,1097,1298,684,1092,1116,627,702,1119,635,1122,712,1279,1277,1359,763,1357
510,444,636,543,766,512,620,727,444,635,643,526,429,635,458,543,734,439,529,534,519,532,555,446,693,558,413,482,483,417,460,414,600,543,726,532,728,539,455,527,636,714,422,558,713,635,441,535,522,729,440,551,732,522,658,443,460,639,751,525,515,735,518,744,531,541,452,463,463,638
where can i exchange u.s. dollars.
651,1039,724,813,723,1053,806,620,1077,1086,1200,1069,735,751,823,1067,589,1058,864,719,1096,1078,1260,668,1249,1082,748,1294,1277,1272,597,810,547,672
442,532,453,465,443,718,632,543,625,709,436,706,448,704,689,546,521,630,576,481,714,449,654,542,639,728,539,411,509,523,534,483,861,544
please tell her john called.
1367,1302,720,587,674,724,1098,863,720,1312,1313,1131,1081,723,795,1110,1136,1308,964,1110,1093,822,620,1276,1279,765,783,1409
411,535,462,530,544,469,698,484,463,531,522,677,553,472,475,694,565,433,574,698,744,653,551,553,544,481,566,658
do you think it's going to rain tomorrow.
760,1303,1109,915,1323,1150,1104,878,1060,1229,1077,1216,1100,1218,885,1470,706,1104,936,1337,1229,1101,905,1120,909,1270,1117,854,626,1230,1104,1126,891,1272,1172,1290,852,852,1291,697,1361
543,421,680,505,399,454,700,488,543,457,613,544,747,466,488,531,525,731,561,418,428,633,564,734,501,447,724,485,523,464,607,729,493,466,657,470,494,511,478,468,629
are you sure.
what day are they coming over.
597,550,823,1106,911,1267,1127,1106,714,1122,846,766,1383,1531,698,1064,629,900,595,803,657,970,617,669,874,791,1110,914,782,636,649,1091,841,1268,1189,1242,1108,950,1090,1289,909,765,844,1368
415,775,395,602,419,372,418,616,458,404,418,377,577,505,402,503,463,418,783,495,495,455,795,487,442,416,655,446,416,804,831,698,577,386,605,388,585,543,716,310,606,404,408,663
he can't trot down the street without being besieged by paparazzi.
1034,672,1034,772,558,1040,1403,861,1064,846,770,1243,858,1068,734,620,1039,1034,1057,856,1031,716,1077,649,863,792,705,710,883,1084,651,1248,873,1049,1280,1121,884,1079,914,745,1229,1074,931,1097,871,760,693,1258,758,939,768,791,1121,932,1109,1132,1370,638,1360,641,848,638,665,667,1268,1415
491,380,659,559,456,603,495,427,689,427,410,411,426,675,487,390,658,643,729,445,562,419,692,477,429,416,421,420,428,676,414,416,433,554,418,446,431,693,619,428,415,643,525,706,663,449,533,447,441,570,455,533,683,634,485,694,441,513,445,516,467,512,608,605,453,638
what do you want to buy.
668,1086,632,897,1085,776,1273,1099,954,1256,1120,1062,702,649,1090,905,1079,911,1255,1081,930,1082,1003,1326
424,543,495,485,700,513,429,695,482,439,475,726,447,531,662,480,724,473,444,712,657,477,512,657
i'm lost.
they're very busy.
1226,1529,1167,1117,1341,1327,690,889,1328,1492,856,1054,729,934,1502,823,734,1078,844,736,823,943,1086,936,1120,726,979,1309
411,510,637,708,525,427,490,441,633,532,455,539,434,465,539,463,455,691,618,455,453,482,684,652,468,520,476,655
what's your email address.
662,1058,610,910,1476,695,1106,942,1272,1122,866,1081,764,1165,631,1227,1306,1096,646,796,794,853,759,709,711,1367
431,525,548,464,525,519,688,482,447,479,466,708,451,641,541,462,544,713,532,525,519,462,446,523,512,641
only a smattering of fans remained for all four ghastly quarters.
i've already seen it.
1293,1106,1325,941,1119,635,1129,715,1156,651,914,914,783,874,1247,1117,939,1117,1315,876,1121,882,674,1131,741,1140,871,778,1197,660,1246,1104,779,797,1140,868,1296,856,1137,666,1309,1313,1147,923,1304,1150,882,1105,952,1088,664,744,951,1318,1022,1144,624,1145,691,882,965,811,911,760,1438,1614,1267,1513,929,811,1149,677,1345,887,802,665,814,1012,1126,762,824,819,1136,1130,1257,959,1444
439,638,528,483,731,538,714,538,647,546,482,479,448,463,466,659,570,755,444,572,733,558,544,678,530,741,488,464,669,554,487,667,477,547,740,559,469,474,738,543,558,559,732,596,457,488,486,747,577,569,536,542,515,575,509,732,462,517,557,493,494,474,467,554,703,551,463,572,678,496,726,535,570,502,483,536,572,515,750,548,487,493,659,753,491,518,675
where were you.
725,1116,933,808,870,1132,722,797,887,797,1140,978,1301,1137,1413
466,581,491,449,486,745,472,462,487,441,756,493,491,521,628
i'm just kidding.
1217,1492,1166,1118,1114,1115,675,878,1100,1215,1212,752,751,1220,1076,903,1392
435,531,645,728,563,485,558,486,737,552,468,575,564,487,637,570,608
i've heard texas is a beautiful place.
1204,1513,853,724,1089,1060,733,580,793,735,1118,878,732,731,610,690,1122,1253,694,1103,628,1116,931,766,635,1123,885,1230,864,1094,1295,1087,1350,1299,649,844,783,1376
455,550,663,477,729,576,476,498,462,524,729,486,454,656,592,585,717,454,556,731,568,730,667,481,565,508,500,492,590,532,557,751,482,578,559,654,482,660
why are you laughing.
699,1065,958,1079,640,823,1098,759,938,1248,1078,1081,1301,650,907,952,1077,1225,1084,952,1356
483,582,507,732,534,486,723,487,519,490,530,742,569,540,489,580,588,491,663,581,633
do you want me to come and pick you up.
744,1291,1091,935,1263,1100,1091,690,1084,631,904,1103,1130,772,1121,912,1238,1086,835,1252,1120,779,1125,660,1084,797,1115,1333,1192,844,1106,1096,950,1252,1090,1067,1081,1341,1384
540,460,744,507,473,507,738,476,684,540,505,783,659,487,773,507,506,776,665,516,656,484,780,550,688,550,801,512,517,657,791,807,525,507,554,788,561,508,687
would you like to go for a walk.
672,1250,1068,1272,782,1074,925,1241,1080,1042,1242,1165,1187,775,1085,910,1226,1059,913,1229,1056,858,1258,827,1079,627,1098,689,622,1288,1212,1362
477,459,504,553,560,735,510,468,518,766,572,493,583,484,761,510,489,774,580,485,772,577,468,500,756,551,774,486,550,585,581,703
do you accept u.s. dollars.
740,1227,1037,920,1217,1065,1034,620,835,834,758,1284,916,1068,1055,1362,693,1375,1090,765,1262,1276,1279,623,823,687,1301
507,406,693,492,445,473,698,513,609,601,467,458,486,695,486,686,553,722,771,541,453,532,530,532,472,529,711
this is the first time i've been here.
i've never done that.
863,1041,1196,674,1062,1203,693,1083,871,1036,740,1087,836,1208,824,693,894,1084,884,1199,1128,750,1118,1210,1506,901,769,1126,931,760,747,1107,1120,1094,759,840,757,1356,1120,1276,1523,891,787,1140,1114,775,919,779,873,1125,807,1296,1107,783,1103,919,1063,645,911,1373
482,550,456,525,755,460,540,731,478,558,452,748,473,400,428,481,418,664,438,409,583,435,700,419,511,618,453,708,620,462,461,625,730,526,467,468,438,608,722,439,525,635,483,713,655,479,642,483,481,723,541,448,598,458,742,471,566,504,464,633
where is there a doctor who speaks english.
i believe you.
610,1020,690,770,690,1030,1165,641,1032,823,1017,693,771,684,1041,587,1049,723,1216,771,853,764,778,1052,628,1026,1244,1048,653,1296,705,578,1179,659,1062,717,1035,871,1237,1160,672,1009,1311,1045,1180,1030,906,726,1243,1180,719,791,725,1042,931,1228,1057,1303
437,539,448,455,434,697,449,499,697,467,540,435,454,439,702,520,694,522,453,626,469,449,445,714,454,573,456,732,532,485,453,538,571,537,734,462,693,557,579,486,548,599,635,759,486,768,661,473,592,497,453,640,454,762,515,503,546,664
what's the date.
we'll have two glasses of water please.
655,1061,614,887,692,1054,1043,898,1057,748,1071,780,650,917,769,1343,1650,674,746,1244,1315,1313,1104,1076,620,861,779,1122,914,695,1295,1089,950,1292,648,723,724,778,734,1121,1294,892,1099,727,663,938,782,868,1111,1370,1317,764,640,708,766,1442
455,578,524,501,531,753,764,489,599,476,750,553,556,510,464,687,526,484,471,507,576,573,760,598,527,673,503,752,519,494,502,765,588,593,577,567,570,487,564,760,489,579,774,505,562,519,491,497,755,521,597,491,548,557,485,671
i'm going to america next year.
1245,1446,1134,1426,880,1290,1210,1084,890,1101,885,1270,1088,613,1148,747,836,1193,808,767,627,1104,745,763,887,1106,935,768,628,843,1378
470,920,678,901,558,453,485,601,561,761,497,474,750,527,677,473,489,506,624,536,544,674,478,638,504,763,505,476,529,493,659
if you like it i can buy more.
1236,855,1117,935,1289,1126,1092,1296,1214,1228,783,1110,1209,916,1101,1218,1083,859,1079,669,1103,943,1069,970,1109,1154,1455,1279,886,797
486,568,725,508,502,527,734,568,504,578,474,747,506,515,753,505,761,624,676,541,761,644,512,517,766,661,953,501,512,474
your things are all here.
the committee worked in accord on the bill, and it eventually passed.
930,1284,1103,841,1070,913,1193,1060,1098,937,736,1125,671,870,785,1119,657,1279,1291,1117,944,801,879,787,1359,1631,921,1118,790,1134,865,1322,1185,1190,1254,922,920,785,787,1129,724,1319,871,1254,795,812,1142,1245,1107,1119,678,875,876,1299,872,809,1152,1293,1115,1122,939,1098,804,1121,973,1228,1301,1304,1288,1146,658,1096,815,1125,1230,934,1120,810,867,807,1111,942,1123,679,1283,1292,989,1117,1346,694,766,768,816,834,1418
512,462,496,467,733,587,488,659,685,583,578,766,566,515,502,780,558,577,583,781,573,519,523,485,679,541,531,590,486,754,658,484,658,647,500,522,524,477,483,766,489,510,498,607,494,563,767,515,638,789,545,625,621,524,525,564,758,512,803,795,520,637,485,795,668,540,599,600,687,796,554,690,566,760,513,525,767,497,666,502,716,524,546,559,599,601,528,767,522,570,550,563,489,543,688
i'm not going.
1260,1556,1195,1154,1118,1311,930,1127,969,1309,1250,1101,964,1414
468,596,705,760,688,500,521,788,587,506,503,685,587,677
what's the phone number.
having put him in ill humour with this retort, she fled away rejoicing.
744,1066,673,933,1551,745,1109,931,1107,798,1122,1369,1054,1288,1091,798,1115,1104,1101,1159,995,793,890,1380,1617,1107,660,935,1258,1118,973,1129,1378,1120,971,1116,1071,1295,1153,1149,1210,1093,1120,1226,1309,1311,1105,1077,1106,1147,1309,1375,1405,1045,714,1240,910,1048,1040,920,1047,1217,729,1057,870,784,889,1247,856,927,1265,1130,730,1055,780,1077,876,1280,782,808,1087,673,727,663,992,1095,894,797,1103,1266,1199,882,1209,1081,970,1326
570,591,567,525,539,551,732,522,583,492,747,479,611,472,695,486,783,689,507,698,667,501,511,666,522,574,550,685,472,694,599,770,495,479,524,770,589,438,692,778,506,696,792,500,575,576,785,624,501,708,492,966,906,785,502,486,520,595,811,524,598,505,563,785,519,506,510,508,507,517,675,811,559,579,491,787,559,568,481,560,771,566,501,550,539,787,522,490,609,501,517,659,519,722,598,676
we're from california.
john is going on vacation tomorrow.
715,791,1516,880,788,1084,899,878,1288,1159,1120,877,681,1277,1210,896,1270,880,1076,1191,665,1318,1583,1165,1338,1074,1050,1094,1218,1084,963,954,1293,1219,1084,948,1107,1265,1065,1111,873,688,958,689,970,1216,1291,1093,1112,959,1302,1116,1263,905,904,1290,735,1342
496,503,560,513,484,754,570,520,483,677,764,640,558,581,492,578,497,508,702,516,563,706,535,580,470,577,707,804,494,777,770,599,496,500,701,587,793,494,676,793,669,571,672,552,540,520,527,707,797,530,491,691,508,532,530,509,498,675
sorry, i don't have a pencil.
722,1338,863,870,999,1256,1161,1237,1101,806,1304,1480,1084,1474,935,1125,660,933,814,1145,655,1116,1323,748,1076,822,1184,1272,1380
553,454,515,521,529,654,746,468,740,573,469,924,640,574,521,780,541,692,503,732,555,777,407,459,619,596,462,512,626
have you been waiting long.
please sit down.
1077,595,873,756,1105,937,1284,1118,1061,939,787,772,1098,1114,701,631,1222,899,1225,1082,931,1118,1308,1269,1091,931,1325,1551,1379,1306,776,639,717,774,1108,723,1251,913,1116,806,1297,730,1111,1339
507,467,608,441,654,473,397,434,684,606,443,444,580,693,429,484,425,464,421,577,520,697,488,412,623,532,604,507,410,502,417,496,497,427,699,493,449,446,726,511,467,447,645,608
i'm self employed.
i'd like to buy something.
1222,1469,1149,1107,690,744,1281,1123,1083,747,1132,1331,1440,1249,933,768,790,1333,1503,1219,1532,779,1106,1318,1221,1235,781,1106,924,1312,1094,947,1126,981,1089,739,1278,1149,779,916,1229,1228,1075,941,1371
388,468,586,673,472,406,486,664,702,416,615,422,836,455,463,418,508,586,521,463,538,522,688,539,443,538,455,692,467,441,777,645,446,494,710,530,430,577,438,479,437,437,659,546,607
where did you learn english.
684,1074,767,847,764,1122,795,1223,801,1122,956,1280,1121,1081,1286,803,663,874,1096,1100,794,1078,958,1272,1192,764,1054,1326
390,526,413,447,405,689,491,449,488,693,474,442,486,711,514,428,482,454,635,728,427,602,541,526,455,502,563,628
i'll pay for dinner.
1248,1544,1360,1362,1108,1388,976,975,1114,901,1272,892,1104,820,1214,1070,1075,811,901,1403
435,526,526,524,689,442,470,483,692,544,460,471,696,518,454,631,646,444,464,649
how was the movie.
there's a restaurant over there, but i don't think it's very good.
1113,1305,726,1110,724,664,1129,940,1096,1099,807,1116,1188,1294,942,1231,825,1363,1566,934,1122,806,892,806,1497,758,1110,677,1122,893,806,757,960,701,1165,901,1117,1122,958,1124,1291,944,824,909,1135,964,1108,829,911,824,1301,1197,987,1094,963,1114,1218,1099,798,1256,1067,1452,931,1108,929,1057,1217,1094,1207,1098,1160,921,1461,748,1097,942,800,877,994,1103,968,1263,1258,831,1374
544,454,429,702,426,501,704,475,560,567,437,716,645,469,608,481,439,636,562,476,539,456,474,444,551,518,709,506,716,469,452,509,481,512,494,475,650,653,471,715,467,614,463,472,710,476,572,453,464,441,664,742,682,494,516,769,455,726,544,466,617,553,506,741,502,569,472,656,567,757,486,501,559,536,750,650,483,484,511,745,571,461,467,556,645
jonathan, choleric with indignation, stood by his desk, clenching his hands.
1167,1340,1118,687,950,1102,673,1121,1244,1160,869,1105,1304,1312,820,893,1247,880,1122,751,1248,959,1078,1124,1244,1104,840,1237,960,1103,701,969,1222,1292,1110,1255,1148,748,939,1291,1295,828,1104,992,1074,1086,1084,1247,775,1101,843,828,770,1230,1242,1159,886,1295,829,1108,879,1070,1243,1116,977,1123,1077,1214,785,1089,1074,701,1093,841,778,1344
572,455,669,528,504,554,524,672,635,715,628,567,463,558,483,476,479,622,748,461,471,501,580,749,473,645,551,473,561,650,530,487,482,469,674,668,735,513,494,471,471,528,747,642,506,739,584,467,530,765,547,466,531,571,646,721,633,557,463,658,654,579,463,665,568,765,597,487,544,776,596,516,675,541,542,636
they're waiting for us.
am i pronouncing it correctly.
1063,1062,754,979,1486,859,772,1068,707,642,1238,903,1237,1093,928,1099,879,1267,858,1099,1113,743,1359,1627,656,1204,1113,1247,1115,1387,851,1313,1104,1310,1144,1122,860,1248,1110,938,1118,1220,946,1104,865,1308,876,876,795,819,950,1340,1031,1378
524,560,429,466,517,468,438,723,456,514,458,475,448,617,540,712,539,464,468,707,497,521,611,528,510,625,712,449,708,448,468,442,633,439,434,628,631,436,612,560,710,438,484,711,625,429,482,489,456,636,497,521,503,635
high doses can have adverse effects and even cause death.
he doesn't look like a nurse.
1079,1261,921,1084,1100,812,1272,750,799,744,1123,860,677,1114,1107,1095,890,813,808,1131,689,826,940,817,912,760,827,1144,818,899,906,824,856,971,764,1090,687,1116,826,1098,817,924,829,1111,1108,879,708,1135,784,831,1105,861,843,714,974,1090,1340,1586,1498,819,1139,843,1293,830,771,1129,1453,970,1140,1315,1301,1302,1237,1126,1291,1220,1238,1127,705,696,1133,1112,1145,898,768,825,1381
537,438,547,545,717,541,455,525,470,501,692,604,513,626,719,570,628,467,464,715,526,547,637,467,489,526,461,712,453,569,548,465,639,503,540,757,512,638,531,766,466,645,477,653,756,636,540,513,553,464,752,540,474,532,507,609,636,558,889,457,746,519,496,455,522,656,569,494,736,567,483,487,578,751,569,499,578,751,513,507,756,674,483,483,541,463,646
it is being fired into enclosed areas and homes, the human rights group alleges.
1284,883,1120,1268,731,1116,957,812,1119,956,952,1130,904,1257,890,800,825,1128,1246,1104,943,1325,1119,821,1102,862,1302,1328,771,824,839,1129,697,898,821,771,783,1134,710,1106,845,1128,1066,1311,1161,830,780,1275,1164,958,1103,826,1161,1091,1138,1181,704,1095,1131,903,1205,981,1076,968,786,1143,1024,929,1272,1121,1370,1094,723,1292,1300,842,1003,846,791,1363
378,409,645,405,446,653,577,434,543,502,514,655,503,406,445,417,493,656,416,600,449,409,670,415,631,610,509,403,526,418,472,676,493,441,419,485,497,695,507,637,492,701,545,414,620,434,502,609,695,458,541,434,692,558,445,601,501,640,713,445,461,520,543,453,497,693,535,452,450,467,448,729,491,543,540,408,515,407,489,608
he studies at boston university.
i'm american.
1071,786,1084,736,1120,1231,825,1293,815,757,1098,687,954,1118,999,1295,766,969,1262,1077,1118,1122,1079,1244,941,823,906,760,1216,906,1017,1335,1493,1237,1529,1210,1134,693,1169,824,899,1427,1234,894,707,1374
513,418,690,483,454,447,543,444,433,518,713,515,469,711,636,456,512,482,457,616,718,465,663,444,620,473,485,507,466,451,480,605,545,467,551,637,709,493,629,454,447,898,464,596,510,604
she's going with me tomorrow.
where are you.
733,1065,791,1412,730,1085,933,1264,1220,1070,931,1097,728,1197,928,1045,1084,1114,803,1084,934,1233,1092,1098,1223,883,881,1242,733,1437,1513,1094,807,886,804,1106,669,881,803,1114,977,1267,1112,1350
485,531,439,524,493,685,538,436,436,618,535,732,436,450,483,561,747,635,438,741,476,473,652,651,487,483,484,490,447,887,550,588,460,476,431,720,496,470,418,727,488,481,512,607
the recovering economy is bringing more people back into the market.
825,1034,692,1025,780,693,783,1252,862,721,797,1175,1032,884,1075,721,786,1243,1027,1254,1101,965,1077,1157,672,1062,906,803,1180,1038,881,1177,1032,890,1080,1083,1229,796,719,1081,1310,714,1245,1337,1272,709,1098,904,592,796,1190,1087,1168,1028,853,1227,1070,862,1035,729,1064,1107,587,804,1175,724,869,1310
491,518,476,710,488,465,632,448,641,484,481,462,618,571,768,474,657,463,673,459,689,531,767,492,557,752,655,514,487,644,583,492,661,596,785,695,492,518,485,778,507,482,496,501,586,487,769,661,550,650,581,785,517,673,525,513,793,540,625,489,806,684,558,518,610,500,520,688
already my passive dislike had grown into an active aversion.
i'm waiting for you.
560,1239,776,694,541,713,905,1013,1104,899,1050,1297,598,672,671,1179,823,734,1066,745,1175,679,1230,1160,1164,736,1058,931,611,777,1074,912,814,1238,654,1039,1069,1165,1033,864,1214,1057,607,1030,1069,608,808,886,1183,861,753,1079,633,894,758,833,697,1148,1082,1231,1039,1269,1181,1428,1148,1077,681,612,1197,896,1188,1051,912,1084,864,1233,833,1079,945,1244,1076,1310
555,542,512,479,551,563,525,789,713,531,782,516,559,553,567,507,668,516,773,580,521,577,613,515,616,521,801,613,594,579,779,635,533,505,513,727,809,530,711,542,523,808,588,719,810,572,684,559,541,691,515,804,597,707,544,539,580,554,623,549,729,713,540,613,729,826,528,588,539,545,546,699,615,822,618,534,529,822,562,541,563,662
do you have another one.
761,1245,1070,930,1275,1081,1062,1010,610,917,752,1083,617,1054,1260,906,758,841,860,1098,1251,1053,766,1310
581,479,750,539,481,506,759,603,556,697,494,774,573,703,505,544,510,529,543,777,510,697,519,703
nobody is there right now.
i'm getting ready to go out.
1256,1052,961,1262,805,1002,1114,1205,750,1106,924,1062,791,868,790,1103,866,1199,939,1065,924,1104,1059,1272,696,1300,1505,1235,1522,1176,1119,951,773,913,913,1210,1077,949,1112,864,785,648,806,1002,1107,968,1274,1104,979,1272,1106,1309,1105,950,1416
437,656,709,468,588,554,744,472,577,742,539,592,501,516,483,755,511,490,584,584,522,766,673,483,487,676,572,506,587,701,785,601,527,532,545,529,655,603,791,523,493,563,568,560,789,546,514,788,626,515,786,501,530,529,666
do you have an appointment.
794,1285,1082,961,1293,1107,1060,1067,639,941,815,1123,649,1084,1114,653,1351,1351,1294,1238,1076,886,1165,756,1069,904,1416
567,466,769,536,485,510,767,601,542,656,498,769,558,666,802,551,493,499,481,484,665,495,638,490,685,509,662
good evening sir.
930,1285,1295,794,1095,775,877,776,1095,1201,1058,912,1101,709,1227,847,1349
598,455,452,575,747,495,678,502,702,501,640,579,767,560,468,505,664
my son studies computers.
1152,949,1110,678,1248,1053,1106,683,914,1100,765,1193,747,694,1104,835,1257,1080,1333,1099,903,775,858,701,1358
733,508,803,550,517,698,807,548,511,504,574,517,472,554,790,669,513,676,525,505,516,482,509,561,732
i want to ask you a question.
1226,1088,670,609,1089,890,1090,884,1249,1070,636,709,1211,1108,959,1256,1092,1078,641,1091,615,1113,784,735,945,1190,1260,1053,1332
452,750,500,559,711,523,792,522,503,795,575,565,618,794,532,516,561,813,564,794,494,525,490,570,532,532,532,683,690
where is there a doctor who speaks english.
i got in an accident.
675,1062,758,841,757,1099,1220,714,1098,895,1092,761,843,757,1103,649,1098,801,1275,844,940,1273,847,1102,694,1057,1265,1089,733,1360,778,647,1225,721,1109,773,1059,961,1291,1212,745,1056,1349,1570,1214,1088,928,1292,912,1116,1223,1073,1106,646,1066,1106,648,846,849,1205,806,788,1080,927,1375
502,579,499,523,478,760,481,567,763,515,579,497,514,476,763,560,793,588,501,676,535,511,509,770,507,613,500,793,578,521,502,582,610,589,786,501,734,615,624,518,589,627,697,545,512,783,591,512,535,781,519,697,820,561,701,824,559,678,665,536,598,509,716,533,684
my cell phone doesn't have good reception.
sorry, i don't have a pencil.
1158,969,1120,843,771,1288,1300,1348,1055,1053,1299,1071,783,1112,805,1270,790,744,1094,1449,959,1127,1081,662,942,812,1120,964,1281,1287,852,1114,904,817,904,828,1359,964,1224,1302,1122,1334,1550,751,1306,885,867,975,1257,1168,1247,1116,805,1309,1088,1476,939,1131,1087,653,967,818,1135,676,1145,1394,819,1103,879,1240,1316,1374
665,531,787,664,500,589,588,523,616,630,508,715,503,810,583,527,502,591,718,628,554,807,641,565,686,521,809,621,537,536,596,810,547,503,668,514,553,547,559,564,738,718,594,578,526,542,538,549,726,791,499,787,586,494,683,607,541,795,618,557,695,528,807,574,810,538,530,729,676,556,598,711
is this your book.
1247,741,1115,932,1069,1233,743,1115,977,1303,1118,892,1098,971,1294,1305,1246,1364
499,586,774,545,601,490,567,794,553,502,555,515,805,669,506,510,597,705
he's not in right now.
1082,791,1522,741,1116,1094,1319,921,1124,1238,1069,1124,866,1210,939,1066,932,1103,1051,1273,730,1322
610,483,605,584,786,721,516,537,825,527,692,831,529,535,591,630,537,827,711,530,505,709
i'm cold.
she's older than me.
1235,1506,1160,1106,864,1290,1288,808,1350,1540,729,1053,780,1571,720,1099,1302,1312,799,789,867,1118,1073,641,1090,804,1103,1159,795,1363
484,581,709,806,675,505,608,587,695,576,572,625,499,579,569,788,500,594,597,538,541,788,635,579,718,581,811,714,511,701
what would you like to eat.
698,1056,625,1109,1084,716,1274,1109,1311,806,1116,989,1070,1130,1088,1294,1240,1235,810,1121,946,1295,1102,807,676,962,1380
503,609,577,776,795,527,521,547,596,596,785,563,790,555,801,615,530,633,530,801,580,530,807,541,615,577,732
where's the post office.
722,1091,802,874,801,1423,740,1103,933,1088,798,1099,1368,1300,738,945,1118,1306,902,899,1240,882,810,1370
531,601,534,566,521,622,581,774,565,622,527,790,526,524,580,563,772,522,613,613,541,665,546,684
who was your teacher.
hordes of puzzled tourists, many with rolling suitcases attached, poured down the staircases.
717,1096,1293,1112,730,659,739,1124,978,1307,1134,899,1113,953,815,671,898,1112,821,905,1359,1603,1091,1332,881,836,822,764,1104,1309,914,1115,1377,1134,722,726,1362,822,845,1121,973,1313,1147,905,1238,773,958,778,1298,1196,1196,683,1146,1019,1143,755,1261,974,1097,1131,911,1298,1317,1324,1285,1115,961,1122,781,1140,1240,975,915,726,790,852,795,1109,722,979,977,722,909,1118,849,872,1262,1172,1378,1324,1154,930,850,861,1136,862,1309,772,1110,1121,970,1100,849,1125,791,989,714,1285,925,926,720,789,848,788,1395
535,615,519,794,540,599,579,795,591,542,584,567,798,577,524,600,671,641,555,581,687,552,622,517,561,630,561,594,807,531,628,801,550,507,705,722,589,557,624,780,594,517,542,580,532,612,575,604,695,762,692,614,712,598,791,558,542,594,645,820,580,542,605,604,537,724,635,836,613,569,549,590,703,635,627,561,623,832,616,582,594,617,696,670,554,627,732,811,540,519,551,573,534,598,786,620,531,545,718,829,583,654,545,824,601,578,618,535,568,668,601,601,560,590,744
how many children do you have.
1109,1308,762,1124,1167,708,1109,1013,1129,925,1084,1245,1311,873,949,866,1106,1107,879,1279,1110,1022,1291,1131,1101,1092,718,982,892,1392
610,520,545,792,679,598,725,583,822,676,643,553,618,623,562,531,750,864,608,572,842,583,568,620,837,674,601,712,570,764
how are you paying.
you're beautiful.
1075,1256,751,1095,683,897,835,1124,991,1290,1123,1093,1363,685,1007,1240,1091,1002,1339,1540,1014,1315,1148,1512,937,854,1144,1002,858,711,1172,989,1265,943,1149,1339,1428
614,509,529,804,591,559,517,796,581,542,594,810,548,584,571,557,703,626,682,606,588,563,603,631,567,520,825,694,533,599,579,578,564,645,596,630,711
see you tonight.
785,843,841,1140,1001,1313,1162,1114,974,1324,1129,1292,982,1120,977,1350
588,540,532,789,586,547,585,808,580,534,684,552,629,645,577,725
pick up your clothes.
is the bank far.
1383,1252,909,1252,1137,1120,1370,1103,1006,1298,1131,930,1122,926,1327,1290,984,1099,856,792,1312,1525,1273,791,1135,985,1095,862,1123,1023,747,1116,1263,1138,954,733,945,1378
544,533,690,610,810,588,545,819,576,558,594,556,827,675,639,558,582,653,527,561,713,612,559,580,824,571,656,514,831,739,602,725,633,838,630,592,565,743
can i have the bill please.
941,724,1136,1147,1275,1139,1124,715,978,887,1161,1007,1139,879,1153,1012,1276,1333,1338,1151,1381,1338,895,760,836,894,1372
692,597,694,807,556,805,649,584,687,538,819,591,660,508,828,691,573,623,620,827,574,639,548,606,588,552,714
what time does the store open.
799,1128,732,979,1160,987,1258,1124,875,1196,903,1334,880,824,1175,1010,1126,887,1152,832,1009,1313,960,885,1171,1311,1390,891,1148,1390
548,654,603,572,823,583,591,702,543,794,606,561,542,602,835,589,673,537,851,612,585,589,589,541,843,586,585,552,753,742
what's your favorite food.
802,1135,732,1016,1488,827,1170,1046,1323,1178,935,1158,960,741,988,1340,944,1291,996,1156,872,974,1329,1336,898,1415
554,675,616,587,660,602,842,599,574,618,562,827,626,604,704,577,589,579,598,832,552,637,570,579,603,677
i've been here for two days.
1298,1583,994,886,1175,1015,868,867,1159,1178,1009,829,923,834,1167,949,1316,911,1174,954,765,1315,1140,857,713,1027,809,1453
576,617,731,560,823,761,583,584,732,859,657,569,598,559,850,648,574,593,848,604,563,563,827,601,655,609,623,755
the book is on the table.
831,1028,700,1041,881,1214,1220,1165,1059,1161,677,1056,1170,1013,1081,849,1031,718,1070,849,578,879,1236,739,1484
517,561,460,733,646,483,481,570,743,504,548,747,518,675,785,523,629,466,789,524,549,621,601,489,473
what time did you get up.
770,1152,988,1180,984,1280,1303,1231,862,1182,883,1276,884,1178,1022,1338,1182,1160,1032,904,993,1185,1175,1412,1438
491,583,544,727,537,502,482,660,504,760,548,521,554,767,551,512,560,769,599,505,543,755,558,521,666
you're right.
1030,1346,1193,1549,971,897,1170,968,1306,1030,1147,996,1469
550,526,549,610,529,481,771,522,519,579,608,531,683
good luck.
where are you going.
1029,1356,1245,1359,903,1160,1206,956,1305,1377,1612,808,1167,886,969,887,1183,756,969,888,1191,1045,1355,1206,1162,1039,1340,1281,1154,1018,1402
611,503,543,503,572,752,543,655,587,675,577,502,621,513,549,509,790,569,542,502,788,572,545,574,793,616,539,561,694,606,684
i thought he said something else.
1300,1163,980,1129,1326,1180,983,1143,986,1158,1133,866,1160,815,732,1303,871,1158,813,1342,1191,866,992,1137,1248,1139,1009,1164,868,1344,817,873,1394
506,769,543,609,517,546,596,616,548,791,616,498,797,558,564,517,559,773,556,503,655,513,544,616,532,668,596,811,501,604,562,502,682
i need to go home.
this is very difficult.
1288,1167,1142,871,872,885,1160,1017,1319,1155,1019,1312,1156,1084,1322,1210,884,1364,1565,1001,1118,1266,827,1165,1269,828,1162,1019,889,971,1078,1149,916,1277,998,997,1270,958,1159,1339,1030,1378
534,795,703,502,502,562,819,559,550,810,616,557,815,651,544,723,523,726,603,564,656,563,573,830,571,566,829,683,539,540,570,834,594,581,626,618,580,692,600,656,572,711
i'm sick.
one like that.
1283,1517,1160,1168,836,1275,956,1265,1382,1593,1312,1133,881,1183,1346,1284,1271,884,1175,1015,1121,750,1012,1378
516,629,734,826,574,559,667,636,702,561,568,711,537,839,628,569,655,537,846,559,665,577,563,712
armed rebels have joined the fray in recent months.
have you arrived.
738,963,1210,884,902,1176,967,896,1053,916,1348,866,1182,1137,778,1019,937,1177,1194,1310,1261,1155,923,937,1177,1054,1142,926,1167,1010,994,788,1103,1179,1286,1124,1154,1006,930,995,934,1164,1067,1175,1136,1301,1142,1056,1121,881,1362,1584,1159,784,1047,945,1200,1082,1369,1210,1172,787,996,990,1305,1028,926,940,1421
571,559,717,529,576,807,558,523,680,535,625,591,809,649,589,692,557,812,655,559,565,723,533,591,825,590,656,524,828,615,571,608,587,828,574,708,853,571,528,682,550,723,583,839,738,582,729,587,667,584,721,599,657,587,708,533,819,587,567,602,823,604,560,563,569,686,530,610,703
that's fine.
1036,1174,772,1041,1506,854,1221,1013,1313,1207,919,1401
574,640,601,576,636,582,804,617,549,732,541,711
when will it be ready.
841,1181,910,1201,1207,842,1310,1367,1375,1194,1297,1042,1192,1076,941,1200,1007,925,794,946,1119,1438
538,649,528,705,820,540,569,636,640,826,574,571,831,698,540,829,561,515,622,594,593,728
sorry, we don't have any vacancies.
859,1384,987,999,1100,1327,1236,854,927,1244,949,1371,1191,1530,1074,1230,1191,807,1075,956,1233,816,1205,1122,1224,1038,837,1036,836,1230,1051,1351,966,912,1463
578,559,571,560,578,700,793,537,520,793,589,545,687,635,570,812,650,592,709,545,819,597,736,581,829,695,609,694,606,712,705,562,534,607,712
of course.
thanks.
1396,1036,1235,974,1422,1260,1026,894,956,1455,1298,1070,1196,791,1212,1347,886,1449
558,633,805,687,543,568,574,591,531,715,792,569,620,582,685,600,580,695
are they coming this evening.
799,1022,945,1226,1070,1208,938,1135,1210,1035,1381,1247,1317,1171,1099,1218,1102,1180,1301,904,1212,965,1056,966,1192,1293,1227,1125,1447
591,552,511,798,552,621,515,572,797,675,527,698,543,684,624,825,567,635,544,588,830,520,694,528,734,566,739,621,760
you're very smart.
1024,1362,1193,1536,975,897,1193,1026,906,963,1104,1201,865,1241,792,988,1001,1438
554,489,526,581,543,514,758,674,544,522,546,780,588,689,598,542,551,723
the developers are now seeking approval from the landmarks commission.
would you like something to drink.
995,1147,863,1139,886,866,989,886,1350,1376,1429,874,956,823,1181,760,956,874,1175,1122,1359,797,1176,825,879,879,1288,1280,1140,1015,1160,758,1400,1410,957,1348,999,766,1351,1190,982,958,1202,1172,1169,1008,1148,881,1170,1336,747,1156,896,1203,753,959,1274,833,1198,964,1320,1205,1205,1271,846,845,1266,1335,1144,1346,1566,818,1356,1187,1349,909,1182,1047,1337,1187,1148,1351,1271,1279,889,847,1314,1208,899,893,1020,1116,1281,1160,1032,1176,1026,1319,1158,911,975,1266,1136,1278,1367
554,605,507,769,570,517,669,529,598,494,524,532,537,572,764,585,539,500,778,729,503,500,787,579,515,515,617,521,680,599,813,592,536,534,533,515,681,577,596,794,609,549,693,804,808,548,646,506,816,632,578,703,584,707,577,546,636,578,806,672,546,691,702,560,586,585,568,568,686,700,612,524,539,577,623,590,803,562,554,594,817,609,561,628,523,574,550,692,525,508,548,619,519,696,609,826,553,558,828,592,541,558,734,615,712
have you been to boston.
1171,764,1006,920,1189,1072,1354,1212,1175,1096,926,923,1181,1191,1056,1370,1177,1081,1364,882,1070,1363,1148,1448
637,586,700,540,804,569,542,577,806,732,522,533,715,815,573,541,805,708,541,580,561,540,718,700
mr. phelps is regarded here as the ultimate example of an irritating local gadfly.
aria pleaded not guilty, but he acknowledged that he had violated some laws.
1270,987,1400,1080,1464,1180,911,1388,1453,849,1211,1309,854,1218,992,910,1076,791,995,942,925,942,1209,1179,926,1009,924,1197,791,871,1199,1067,1186,923,1198,1220,1387,1060,1306,1248,785,1061,929,1210,937,940,803,1274,1443,1388,921,1208,1367,1014,1205,792,1181,1197,1310,989,986,1313,1046,792,1047,1318,1191,1185,1363,1382,998,991,806,1396,1220,1067,958,955,1025,1378,1102,1409,1618,783,1007,1319,786,1218,1426,1372,922,788,936,923,941,1218,1171,1367,1058,1211,1085,1215,1332,1416,1101,775,1159,1354,1078,1207,1066,1237,1179,927,1234,792,1004,1329,1164,1356,857,1361,935,956,1103,947,962,1204,1088,1185,816,1088,1216,1154,945,1210,1158,806,962,1206,1066,1309,1364,1386,837,1084,950,977,1209,905,1250,1253,957,1228,1384,836,879,897,1440
709,550,736,799,512,624,530,606,532,578,803,538,583,793,554,512,632,607,557,596,539,588,804,644,530,557,530,816,600,590,812,576,646,546,819,575,638,571,572,712,594,570,527,814,543,668,617,723,567,638,542,817,552,620,809,597,729,833,565,561,560,567,567,599,576,569,720,828,627,546,683,676,608,583,772,624,596,603,618,628,572,696,560,600,573,550,604,790,552,629,545,606,591,546,606,793,715,546,571,809,633,565,526,606,573,929,595,714,714,545,583,804,635,553,789,609,692,601,736,541,543,624,551,615,637,547,622,809,590,655,609,580,811,671,554,832,673,605,610,829,706,578,579,654,628,577,543,610,826,601,724,725,556,831,654,625,551,608,748
a round trip ticket.
812,1204,1038,1386,1239,1212,971,1241,1096,1033,1310,1442,1232,1092,1320,1027,1322,965,782,1117
615,814,570,555,569,737,616,820,586,567,584,576,824,582,576,697,639,543,937,582
it depends on the weather.
1310,953,1178,872,851,1390,847,1156,866,797,1160,1303,1120,1160,989,1122,856,1167,785,854,729,988,1120,854,934,1396
530,547,751,571,522,539,516,695,577,577,795,520,700,804,543,639,526,794,518,516,597,542,645,512,524,703
turn left.
i'd like to call the united states.
985,1188,915,1141,1170,1346,849,949,1018,1394,1606,1294,1544,872,1172,1369,1312,1305,865,1185,1015,1338,1168,945,767,1342,1344,1185,1008,1144,876,1173,1191,1154,1290,1012,878,906,1190,840,1035,723,1021,897,853,1443
546,511,528,716,805,600,506,588,540,706,546,505,579,590,784,609,498,601,541,782,561,525,790,671,609,609,613,798,560,634,520,800,541,732,536,549,521,587,800,570,551,898,556,519,591,793
can i use your phone.
960,779,1189,1209,1298,1196,1217,844,899,1189,1068,1351,1206,987,1177,1407,1140,1344,1189,896,1428
691,608,704,793,538,786,556,591,540,793,568,531,563,542,801,542,645,530,737,543,726
are you free tonight.
760,965,892,1177,1056,1347,1192,1158,1007,989,895,894,1190,1045,1344,1157,1274,1035,1146,1047,744
609,550,506,792,556,538,565,816,604,548,529,531,810,561,542,716,568,611,660,559,899
when does he arrive.
771,1135,864,1151,1109,903,1298,881,826,1147,1113,877,1141,745,946,942,1237,986,891,1379
510,615,514,704,794,602,540,539,588,813,655,535,831,602,558,558,576,677,543,694
where are you going.
please sit down.
797,1151,876,949,876,1150,744,953,872,1160,1039,1319,1185,1138,901,1302,1261,1133,1039,1382,1612,1485,1373,884,739,828,881,1056,830,1299,1011,1166,909,1343,824,1129,1379
539,664,526,562,517,821,609,556,511,814,564,561,588,822,587,556,553,711,609,698,574,529,653,503,584,563,512,803,577,525,562,793,588,544,544,771,761
who won.
from time to time.
812,1120,1333,1164,804,1334,1127,1369,1595,986,961,1348,1205,1216,1022,1324,1271,893,1221,1027,1361,1202,1029,1288,1251,901,1458
529,662,561,839,520,571,721,742,565,629,550,532,690,805,558,525,699,531,824,562,545,818,563,549,707,536,704
i'd like a table near the window.
how's the weather.
1323,1556,914,1223,1385,1321,1322,904,1216,779,1213,1044,766,1058,1383,911,1216,1189,914,785,995,1225,1050,1176,913,1210,841,1302,1171,927,1376,843,1409,1598,1153,1378,835,1545,861,1220,1043,1175,913,1213,833,913,776,1048,1179,917,995,1441
544,633,604,797,627,544,628,538,805,610,807,577,612,700,625,561,812,732,561,606,580,812,583,653,545,824,555,567,710,626,559,554,703,616,664,551,549,650,612,815,581,654,541,829,549,549,627,579,656,552,572,715
when does the bank open.
833,1175,913,1199,1214,944,1371,925,873,1222,1064,1181,924,1228,1080,821,1197,1332,1220,1359,1453,939,1205,1402
539,637,547,724,844,611,570,541,608,829,587,669,543,836,699,619,741,646,843,575,563,561,746,715
numerous innovators are also worrying away at this nexus of problems.
1224,1218,1273,924,1007,1382,1230,873,1212,1334,1207,1213,1400,1039,804,1083,1400,1013,887,1227,819,1008,939,1242,817,1402,889,1404,1224,873,1426,1025,1016,1114,776,1353,1216,1174,783,850,780,1095,1209,793,1084,1208,1073,1180,1323,878,1219,1211,937,949,1225,887,1222,1373,1026,1213,1462,1006,1405,1103,1385,943,1272,892,1442
724,581,724,566,574,569,578,607,829,545,734,735,561,705,614,585,560,577,613,830,625,573,556,829,627,638,608,566,826,553,559,578,583,588,932,560,739,828,587,534,589,570,773,600,566,776,565,589,509,577,774,702,523,668,527,590,788,521,618,789,527,548,520,685,611,535,712,596,697
give me the pen.
1167,1325,1049,934,1202,1249,942,1204,1079,1170,940,1215,1451,941,1199,1410
635,524,696,540,809,696,551,821,570,633,545,796,544,543,724,699
no problem.
everything is ready.
1218,1431,1230,1440,1006,1385,1117,1370,932,1253,1409,1615,927,1070,934,1028,1139,1081,1179,1310,1202,1107,1220,1316,907,1218,1039,956,813,977,1146,1457
697,524,805,520,568,524,698,619,544,757,734,566,528,722,529,546,562,546,642,541,702,616,828,557,588,826,550,505,597,588,567,718
be quiet.
he's right.
1133,970,1230,808,1246,1349,958,1110,1438,1618,1216,952,1569,900,1221,1034,1342,1086,1195,1088,1416
731,534,798,538,575,538,521,556,679,544,604,513,594,584,768,545,520,615,613,546,695
that way.
i need to practice my english.
1063,1184,794,1071,1221,851,788,1105,1418,1624,1360,1225,1220,953,950,966,1224,1080,1384,1221,1469,1024,827,1039,1078,1351,1035,950,1234,1265,1129,1235,962,1207,1102,1382,1320,911,1186,1440
546,628,578,541,792,515,558,553,670,582,514,782,708,520,520,567,793,561,540,785,543,543,572,647,548,551,664,517,798,695,559,802,508,700,600,624,540,569,645,686
everyday i get up at six am.
951,1035,951,1030,1129,992,841,814,1141,1352,1218,1101,974,1076,1249,1228,1453,1230,806,1065,1258,906,1353,1020,1258,837,1324,1480
514,683,513,548,558,583,589,914,559,499,770,601,513,547,762,566,532,775,567,545,764,567,538,666,774,596,694,685
i'll tell him you called.
who taught you that.
1342,1549,1032,1027,1234,1034,909,1418,1421,1244,1089,1323,1206,1223,1083,1383,1235,1200,994,804,1387,1396,921,950,1467,1650,842,1185,1383,1222,1053,794,1227,1057,1207,1056,1215,1091,1384,1230,1205,1073,1191,794,1074,1517
512,585,537,538,750,528,493,590,588,752,596,523,695,775,545,509,543,786,643,576,609,603,494,572,688,580,503,601,503,784,532,577,548,584,627,534,794,541,524,556,787,537,633,555,533,676
how's work going.
1173,1393,843,1539,875,1220,856,1393,1005,1336,1238,1086,1369,1327,1185,1077,1415
611,514,491,623,549,788,502,539,513,608,786,592,534,542,678,580,673
he's faster than me.
having put him in ill humour with this retort, she fled away rejoicing.
1209,930,1538,869,1213,1015,788,876,1066,938,1012,1220,1194,1206,785,1208,1222,1264,924,1423,1623,1210,791,1039,1355,1206,1071,1226,1469,1230,1084,1212,1094,1325,1288,1246,1316,1186,1239,1315,1396,1396,1199,1189,1218,1257,1375,1199,1019,1212,863,1317,1062,1192,1216,1063,1179,1329,881,1202,1019,948,1077,1375,1026,1083,1339,1216,892,1177,946,1199,1034,1373,954,976,1203,813,880,808,1129,1221,1032,960,1242,1368,1349,1027,1333,1222,1096,1459
620,497,626,541,791,577,556,552,525,470,515,790,638,597,558,666,787,684,501,687,579,627,553,660,539,712,612,808,531,557,546,802,605,538,708,811,561,684,826,562,614,619,832,669,553,719,549,558,556,808,515,550,565,644,809,563,639,558,570,812,546,519,548,569,543,551,738,815,567,647,524,817,620,628,525,579,802,592,537,588,563,789,544,531,647,558,524,677,555,741,622,714
follow me.
i have a headache.
1005,1374,1366,1369,1364,843,1198,1247,932,1402,1619,1322,1210,1161,778,1036,948,1214,804,1213,1189,921,799,931,800,1011,1182,937,1441
606,512,615,610,531,522,801,703,533,690,593,545,804,630,585,678,560,808,606,812,635,521,598,589,599,693,644,545,703
i like to watch tv.
when does the bank open.
1383,1228,1419,1355,1341,906,1261,1047,1392,1224,836,1059,1056,995,1211,1238,1062,997,1449,1638,848,1218,941,1244,1235,962,1390,949,887,1255,1075,1222,944,1234,1103,837,1226,1341,1229,1376,1444,959,1227,1433
465,742,571,516,605,519,779,553,530,783,529,559,567,695,618,770,569,719,702,548,537,615,546,701,800,607,542,546,594,793,578,634,538,804,673,608,696,630,807,556,568,541,714,672
the entertainment sector there is booming, while pakistan's is moribund.
1073,1249,945,1248,949,1226,1070,958,1018,1086,821,1339,1211,1297,956,1219,1077,1239,902,963,1008,1092,1394,1016,1237,1072,1250,957,1032,956,1259,1350,902,1249,1118,1409,1461,1336,1366,1250,1106,1383,1298,1526,1216,1365,1422,970,1224,1468,825,1347,1337,908,1100,838,1236,1537,919,1239,1340,920,1299,1418,1059,1354,1066,1140,1257,1255,1000,1470
583,609,543,775,541,681,577,520,560,572,606,557,684,693,539,724,568,809,587,529,668,579,559,558,799,573,629,525,565,524,777,549,579,792,693,550,520,715,564,714,626,699,781,635,603,531,601,547,800,558,602,637,559,601,575,608,733,620,612,802,539,607,720,541,561,560,583,702,581,748,616,714
what time are you going to the bus station.
do you sell medicine.
884,1214,836,1116,1243,1111,1342,1310,977,1275,775,988,904,1199,1058,1363,1212,1190,1056,1351,1311,1166,1054,1226,1054,1359,1212,1052,1163,928,1194,1077,1190,880,1215,885,787,1111,816,795,1098,1315,1392,955,944,1370,1199,1074,1369,1227,1197,876,936,1387,1383,1217,1266,937,949,1313,1011,1325,1192,943,1418
539,640,615,579,799,582,558,702,548,813,550,523,479,731,549,484,524,737,601,482,493,651,591,786,546,501,776,554,612,492,796,645,542,569,775,549,881,531,563,913,543,542,545,576,578,474,760,548,505,525,767,572,521,584,582,770,668,521,566,530,663,540,694,526,675
where did you learn english.
859,1179,934,1020,937,1219,956,1315,950,1215,1091,1361,1216,1179,1373,943,808,1021,1199,1185,938,1178,1084,1358,1289,888,1424,1418
522,634,514,555,505,791,567,535,567,786,551,517,557,792,603,512,568,531,692,797,512,692,587,612,538,567,682,679
he's an american.
1180,937,1542,887,1206,812,1186,1205,816,1265,947,1023,1310,1013,823,1215,1393
644,501,621,562,800,581,731,820,575,721,516,532,564,651,583,726,712
it's ok.
would you like some wine.
1372,1076,1566,886,1240,1397,1420,1536,1665,871,1422,1261,1428,963,1254,1104,1416,1262,1215,1416,1346,1353,963,1237,904,1390,1288,964,1252,887,1342,1222,961,1434
538,539,626,564,789,535,669,695,539,506,514,527,606,564,758,549,515,546,769,597,538,604,521,782,561,534,673,514,792,516,545,683,521,692
