is john there please.
1175,514,978,987,1233,937,1039,1052,837,974,664,749,666,1016,1322,1264,690,482,610,701,1313
434,588,847,649,448,583,798,886,485,603,412,428,378,886,482,660,425,578,573,438,814
how long is the flight.
when are they coming.
1026,1257,607,1015,1258,1240,1072,908,1044,1225,670,1039,938,1021,714,1012,843,1265,1149,910,1037,933,1280,1541,622,981,721,1055,986,520,775,716,994,896,1024,734,949,1012,796,1297,1172,1205,1077,935,1379
609,434,472,875,666,478,755,639,889,483,611,901,474,602,422,863,607,627,469,592,609,454,814,632,462,589,417,772,882,567,442,368,878,429,619,394,401,853,701,462,772,440,768,582,802
i think it's very good.
1200,1017,911,988,1152,1037,1193,1034,1210,912,1442,675,1039,871,705,811,961,1016,905,1279,1285,778,1348
391,860,459,642,436,769,627,866,458,420,592,574,844,744,414,424,410,851,565,469,453,559,801
right there.
819,1187,931,1019,977,1047,940,1031,804,893,827,1332
399,420,545,575,386,853,384,604,380,402,314,835
i want to give you a gift.
sorry to bother you.
1220,1026,627,562,1025,924,1048,947,1296,1055,948,1202,905,727,1066,1046,1334,1165,1060,535,1052,939,1206,870,1003,1322,1580,631,1323,849,870,985,1016,950,1300,1030,933,1346,892,999,777,849,1039,1064,1315,1138,1369
431,869,433,501,775,434,863,428,463,875,618,484,760,416,866,420,463,446,860,607,870,598,484,572,404,815,613,580,461,436,431,428,839,426,456,840,761,420,481,602,411,438,841,421,480,425,807
one day overcome by exertion, she fainted in the street.
1286,1077,753,1047,780,574,945,1025,1311,913,765,875,825,1318,1183,772,1052,1003,978,1032,774,730,821,911,1043,1252,1356,1113,1276,1110,695,1069,773,1060,864,634,1228,1098,979,844,842,1071,1210,1096,1076,989,1048,822,1061,713,979,860,789,791,950,1360
473,734,412,857,590,580,411,845,491,750,402,437,756,473,783,436,893,800,445,860,415,745,387,404,410,440,409,775,808,846,589,640,423,848,618,578,468,769,460,388,563,868,453,771,883,449,652,394,855,567,354,330,330,313,347,818
when are you coming back.
657,1022,758,1084,1086,637,873,824,1078,1050,1338,1159,1089,819,1294,1205,1208,1111,973,1099,965,612,812,1244,1382
420,603,333,790,886,584,455,358,856,409,431,435,805,753,496,755,463,748,668,862,780,643,783,627,839
are you sure.
590,802,746,1059,982,1310,1123,1059,734,1142,843,777,1320
605,448,365,881,430,430,464,821,574,459,428,374,810
i have heard lots of women simply rave about him.
1227,1074,1018,593,866,772,1063,1029,784,605,853,784,1073,1332,1330,949,710,1085,1296,857,1062,691,1302,1205,789,1112,1081,730,1269,1235,1414,1346,1064,1088,867,656,889,771,1093,663,969,1338,1172,1016,1107,1076,1277,1245,1447
453,855,633,611,731,471,868,603,418,543,422,579,848,619,457,445,598,853,487,621,877,459,479,767,438,798,878,536,402,716,473,577,420,777,436,530,719,400,847,590,740,463,426,423,868,644,450,727,786
i still have a lot of things to buy.
did your wife like california.
1147,930,550,824,1132,1258,1257,967,929,523,794,657,1005,535,984,1241,1247,876,1009,1223,784,999,883,986,1166,1046,882,630,994,886,1225,1004,878,1085,888,1298,1499,665,1160,691,998,954,1270,1062,766,1012,568,1136,796,705,1038,1255,1165,1199,717,1015,744,566,1278,1186,821,1284,820,1073,1167,584,1355
409,839,594,446,459,642,629,875,647,633,750,442,883,598,899,642,451,434,895,500,577,901,455,642,466,791,592,591,889,442,499,914,767,397,366,715,574,555,454,564,853,449,461,459,401,875,416,461,589,373,837,632,442,617,434,876,717,580,648,443,585,439,407,820,443,599,831
these books are ours.
883,1004,706,616,728,1068,922,1281,1287,1263,673,1074,581,821,776,1063,1271,1111,864,693,1340
468,636,441,564,438,866,794,458,460,624,622,880,598,501,386,860,489,473,425,614,852
i'd like to eat at fourth street restaurant.
1221,1458,726,1046,1299,1193,1191,717,1054,925,1272,1056,767,561,938,1068,552,929,1080,853,1273,1135,851,970,1071,1054,676,944,796,727,750,934,796,895,806,687,955,619,1225,868,632,1116,968,1385
465,651,597,859,652,507,641,442,858,451,508,880,393,596,369,831,559,396,818,592,495,447,380,424,573,859,583,423,398,394,395,384,293,380,321,534,370,573,353,428,608,763,419,813
i thought the clothes were cheaper.
i'd like to eat at fourth street restaurant.
1253,1026,889,1004,1271,1112,921,1025,947,1066,941,1021,783,1080,827,1302,1285,949,1046,827,757,1085,729,831,915,845,1069,845,1058,785,634,1445,818,910,1408,1584,1221,1447,787,1040,1319,1205,1215,767,1075,965,1287,1053,782,574,976,1086,600,984,1109,886,1328,1175,857,1027,1073,1065,725,1007,872,795,804,981,1072,876,782,699,966,622,1144,845,642,1084,961,1395
448,851,481,644,459,422,592,635,426,840,447,640,409,837,734,634,451,408,618,428,597,866,420,372,391,334,872,753,641,417,489,460,360,373,781,575,441,588,575,841,611,465,619,451,870,415,459,826,399,617,388,886,555,424,863,596,469,499,382,385,560,890,565,399,362,339,328,336,860,359,291,469,302,561,432,383,590,772,394,794
your house is very nice.
i have money.
1030,1301,1103,806,1026,1022,1336,1127,666,769,1063,1215,690,1065,931,788,897,1032,1063,1117,1254,813,756,1362,1589,1256,1053,1019,567,835,770,1076,1187,1325,1127,765,994,1362
473,440,451,441,858,622,464,474,593,450,891,502,628,892,750,409,434,428,871,796,471,744,445,827,546,460,855,621,612,692,464,881,713,500,757,458,447,793
can you throw that away for me.
how long will you be staying.
748,545,1106,1077,971,1283,1096,1055,944,1043,840,1310,701,1058,929,1042,616,951,1069,613,701,599,906,1015,770,1229,798,1017,1121,748,1320,1583,1001,1298,612,998,1271,1210,1047,915,1043,662,1164,1288,1299,999,1024,1280,1116,1021,924,715,1018,683,917,577,960,1167,1028,980,1382
729,613,769,897,452,487,500,881,467,655,435,484,445,886,445,672,589,405,880,628,394,555,412,870,575,511,435,895,822,457,806,567,640,463,477,874,648,482,779,608,839,443,500,650,650,890,434,457,463,849,740,406,848,618,416,611,484,483,793,617,818
do you feel better.
692,1309,1015,1042,1284,1059,1024,795,749,767,1271,1019,914,750,998,1000,797,904,1307
546,478,938,469,484,484,893,610,437,431,695,890,759,451,393,404,300,343,814
my name is john smith.
1130,896,992,1048,567,1161,744,1016,1152,670,1001,1023,1291,995,1068,1041,692,1143,1160,914,982,1342
817,506,902,795,712,849,486,894,528,609,945,703,524,678,857,942,660,844,558,532,709,865
does this road go to new york.
774,1277,730,656,1025,915,1001,1161,689,1012,847,1319,568,770,1020,941,1267,1041,969,1298,1041,1050,728,630,1017,990,1252,1092,1199,1320
614,491,430,543,903,460,676,519,601,903,438,450,648,567,842,624,486,838,448,439,852,765,446,437,868,436,479,504,616,782
i think you have too many clothes.
who was that.
1169,1021,890,979,1136,1026,1167,1002,986,1237,1090,1017,970,504,751,694,1023,939,1290,1297,1054,1173,543,1057,937,997,768,691,1279,1286,865,998,665,1326,1560,658,1016,1280,1046,658,586,727,1060,943,1043,610,952,1367
481,890,492,651,494,780,635,865,439,506,491,884,670,622,726,434,859,424,487,481,907,813,642,807,489,910,732,646,680,477,445,623,543,798,601,459,653,469,861,446,597,562,824,466,638,594,467,778
for grover cleveland there were no longer enemies to traduce and vilify.
he thinks we don't want to go.
791,1292,791,1001,1000,870,1290,922,768,866,1038,816,1320,778,805,770,1307,567,1107,800,1077,952,1027,805,893,827,1054,677,787,878,810,1038,1047,1294,1033,1316,1249,1060,995,776,896,1075,756,1075,788,1180,1194,792,683,1060,973,1298,1053,957,839,595,791,1127,821,775,1073,597,1097,821,1095,980,1227,1320,1205,875,956,1351,1559,1039,698,1024,904,998,1188,1059,1213,702,1037,683,764,1023,750,1263,1068,1496,917,1076,703,624,1085,975,1066,962,1313,1089,985,1310,1383
595,454,425,844,662,455,469,760,424,453,845,735,606,404,780,466,653,622,770,636,865,476,644,415,441,347,870,424,344,355,296,880,815,439,901,652,496,794,621,421,437,885,424,813,396,843,486,463,622,899,440,449,889,445,430,628,586,436,727,402,843,633,807,596,899,777,437,655,441,623,428,815,582,649,458,902,452,684,478,790,630,608,848,474,396,861,575,498,772,643,480,834,512,679,767,501,869,476,508,888,687,513,849
the book is behind the table.
889,981,729,1019,922,1268,1304,1254,1068,1180,666,1040,946,765,1022,1161,1066,843,1066,944,1005,821,1054,955,561,980,1310,781,1415
492,656,414,875,789,464,480,646,886,452,637,909,818,488,658,412,762,660,860,470,634,449,867,472,658,812,623,462,818
are they coming this evening.
513,825,749,1050,894,988,720,906,966,815,1246,1150,1149,1051,931,1036,940,997,1182,707,1047,778,870,732,1059,1190,1058,954,1344
635,487,406,850,462,636,417,466,880,770,491,834,471,820,676,878,454,684,495,643,924,463,753,453,823,505,866,652,869
when does the bank open.
617,988,742,1040,1048,783,1270,758,663,1044,880,1016,729,1033,929,525,1222,1243,1041,1253,1405,714,1100,1401
491,643,475,841,912,666,477,420,624,862,444,675,492,900,848,659,651,639,896,512,469,528,805,867
the books are expensive.
849,989,743,1020,955,1260,1257,1224,681,1095,571,839,783,1040,748,753,1348,761,1104,706,1218,899,769,1324
511,651,463,900,811,475,473,648,694,913,692,446,444,870,424,788,480,461,827,615,501,797,506,801
therefore he made up his mind to accede to his uncle's desire.
900,1025,753,864,788,831,1249,807,737,1016,1006,761,1017,1152,594,801,788,1032,1038,1306,1049,1035,1203,695,1071,1187,1184,1073,743,1035,901,1260,996,585,810,833,769,787,767,1068,969,1263,1052,1025,774,644,1032,1094,1053,850,1332,797,659,1463,663,791,767,700,1218,796,735,1340
531,660,469,476,407,618,500,428,375,876,716,435,894,803,628,637,490,902,464,508,948,692,494,679,890,830,501,825,702,925,511,517,934,659,753,770,534,654,488,926,480,531,911,699,447,588,891,521,797,741,628,454,603,654,636,578,416,607,478,419,368,797
it's suppose to rain tomorrow.
1172,875,1483,665,1044,690,1090,1373,1381,1262,717,784,1022,958,1043,787,863,603,1212,1085,1074,981,1303,1180,1281,791,815,1311,659,1368
458,497,624,564,820,613,486,430,428,499,641,462,867,449,849,436,445,667,429,812,871,458,463,807,461,433,429,436,443,803
thanks.
is it raining.
860,993,544,1041,1224,644,1312,1595,1210,641,1067,1231,930,1083,819,574,1181,1054,1222,1100,943,1407
469,622,606,812,591,610,824,557,465,595,811,417,449,825,450,625,462,742,451,788,599,781
but it is hardly necessary to dwell on so normal an event.
907,1107,941,1095,1185,951,1073,1220,745,1094,1049,591,833,789,1319,989,1018,1087,787,831,785,716,708,616,846,982,1031,971,1305,1058,807,666,769,1289,1299,1054,1267,1078,1069,682,1335,1072,1055,1289,836,1193,599,1323,1077,604,1095,1065,813,973,829,1124,1012,1370
850,474,480,852,473,482,876,421,558,841,651,614,452,565,640,458,863,781,453,743,446,606,572,634,483,457,816,447,488,836,596,419,387,640,635,872,458,799,858,540,479,857,817,504,416,823,602,703,895,601,817,918,447,742,386,814,440,825
such an inclined passage following a seam of coal is known as a slope.
643,1151,796,1001,1035,540,1096,1084,1220,1093,816,1324,1190,1087,784,753,1059,1383,582,681,698,578,890,731,1063,853,1286,1295,1307,1301,652,1215,1077,939,1085,565,1053,690,762,552,1180,1076,1283,836,1043,775,1288,557,1288,1072,1184,696,1057,1204,1077,1195,1283,668,1060,1055,563,661,1039,536,1048,703,1239,1252,1378,745
591,455,755,668,873,662,793,881,506,755,792,649,457,783,486,669,879,493,663,606,617,653,636,424,841,634,472,626,621,435,402,426,771,602,839,636,875,574,404,580,822,882,463,647,839,732,489,649,647,862,460,591,859,632,768,654,453,470,813,889,598,531,863,602,863,583,670,484,486,468
generalizations of this sweeping order are apt to contain only partial truth.
909,762,1064,761,841,570,1284,1141,603,538,918,1185,1324,1084,679,1096,1294,855,1110,962,1069,1217,698,1084,670,743,757,782,1384,1229,1117,981,1122,1305,855,819,801,934,1111,624,875,817,1105,613,1400,960,1077,997,1316,1094,834,1314,1139,964,621,1223,1110,1105,1264,1040,1269,993,1027,1333,540,840,979,1163,580,1290,1111,971,873,1127,952,1020,1344
673,493,810,455,443,626,665,517,804,597,490,503,484,766,653,842,494,665,856,508,664,543,652,873,578,453,428,416,525,475,717,653,819,500,453,622,442,446,846,648,491,407,822,611,525,485,843,459,486,839,738,524,771,485,633,480,744,719,547,742,656,532,843,542,677,487,493,540,684,613,788,523,463,489,506,622,764
my name is john smith.
1119,932,997,1064,542,1195,773,1084,1204,663,1054,1047,1263,1030,1106,1131,695,1176,1200,899,1007,1316
780,505,888,777,679,783,532,847,492,636,837,646,484,656,790,856,652,777,530,542,672,800
i'm bored.
he studies at boston university.
1158,1476,1185,1092,931,1276,836,762,777,1303,1552,1032,717,1023,679,919,1097,778,1121,735,647,1041,517,876,1057,937,1266,671,941,1299,1072,1056,1122,1064,1145,925,784,898,706,1166,922,1012,1332
528,674,798,863,790,510,524,499,655,768,616,688,539,842,640,469,469,609,448,452,604,817,633,448,844,800,473,650,468,465,729,833,487,741,479,777,471,508,609,472,510,504,804
i'll pay for dinner.
1157,1451,1265,1272,1012,1361,530,949,986,766,1225,777,1006,715,1112,1015,1017,701,802,1285
487,682,675,676,861,484,697,506,823,638,522,506,829,613,517,768,755,410,431,837
where can i find a hospital.
596,992,707,791,715,998,739,528,1007,1028,1159,1007,801,1129,1032,763,1025,571,1026,1008,1235,668,1336,1166,861,574,1308,1331
496,639,416,433,367,850,733,618,788,835,522,851,615,506,748,613,843,627,854,689,505,613,531,480,465,644,617,807
where is it.
582,963,688,770,708,1020,1145,679,1022,1152,914,1279
515,642,449,464,390,827,479,594,822,466,468,809
good luck.
they charge twenty seven dollars per day.
835,1245,1241,768,1052,1268,1064,788,1220,1365,1544,836,1009,715,920,982,803,1012,536,788,889,727,1066,867,679,767,1065,936,996,1012,700,782,855,779,1071,1028,839,1258,1309,1295,661,896,748,1063,1345,798,906,1094,811,620,1014,1315
639,454,460,643,851,614,463,773,567,724,602,487,631,440,447,884,708,673,615,485,619,458,833,453,446,407,798,463,479,866,577,433,707,430,781,865,581,488,611,614,610,446,599,851,487,407,410,829,587,584,415,761
i've worked there for five years.
1218,1450,854,721,1029,612,1274,806,1184,784,826,1034,899,1004,802,891,822,1012,856,1269,844,1025,874,1175,899,821,1069,1058,816,602,892,716,1354
422,663,826,473,823,433,492,433,628,454,639,889,473,641,427,441,369,838,613,457,447,844,627,503,787,450,852,485,434,620,449,556,800
i'm self employed.
1184,1543,1197,1099,628,718,1267,827,1056,731,1135,1315,1298,1289,956,690,749,1281
483,688,772,852,637,543,613,648,837,504,755,486,570,492,428,502,652,825
what time did you get up.
565,950,445,802,979,838,1084,1083,700,972,716,1135,730,1020,988,1271,1080,1007,851,662,936,1016,934,1330,1360
516,644,646,466,845,447,470,783,429,863,602,505,603,889,446,472,447,832,621,413,412,870,416,448,808
but he was feeling deeply chagrined and mortified over his last escapade.
751,1008,864,1010,968,647,1004,517,461,556,1009,759,667,679,1257,1127,1032,885,1009,700,687,695,1360,1286,944,999,796,1008,520,902,788,1140,1008,753,748,1063,523,1050,733,1019,1147,1267,793,931,1172,804,1144,750,788,1032,1258,898,726,850,1047,995,1172,657,1033,1259,560,694,944,1057,767,696,797,601,1344,574,765,752,1338
824,446,444,876,618,456,889,462,616,556,866,598,453,439,659,491,767,622,898,626,419,432,440,684,450,882,695,628,596,583,456,463,748,420,580,861,644,808,572,849,794,438,479,451,460,626,438,419,595,843,475,773,420,447,873,659,451,621,881,611,659,600,446,859,486,616,728,644,487,623,564,435,785
more than that.
do you think it's possible.
1104,1186,732,656,971,825,958,487,1073,1063,864,986,513,856,1321,1586,709,1235,955,953,1252,1026,1001,874,965,1129,1035,1188,1053,1113,871,1491,600,1058,1355,1257,610,623,1189,896,1278,729,1350
771,483,484,433,871,483,654,594,808,865,465,650,563,430,810,550,616,429,868,449,456,455,828,457,668,481,779,656,872,471,472,653,633,853,480,441,589,582,428,758,618,494,786
he has a nice car.
962,664,980,997,512,618,1010,528,1007,1042,1180,715,679,1009,722,805,830,1369
636,441,881,621,650,585,865,652,879,807,482,695,467,877,714,463,391,817
it's not suppose to rain today.
1185,834,1439,646,1054,1062,1222,865,1065,659,1087,1368,1370,1290,634,733,1030,914,1241,1030,801,570,1133,1071,1041,934,1234,786,563,919,1349
453,464,621,574,848,748,443,443,848,591,483,458,447,414,545,384,869,424,473,860,443,588,469,726,854,430,504,612,593,426,774
where would you like to go.
627,990,776,858,790,1005,659,1245,849,1277,796,1041,1001,1273,1112,1063,1281,1188,1190,1043,1028,937,1307,1025,938,1269,1300
459,606,373,384,324,843,378,505,425,596,554,856,407,449,467,843,639,509,631,819,816,405,478,803,538,428,811
thank you miss.
846,991,500,999,1169,1017,947,1078,1001,1036,1146,1190,668,683,1378
489,617,619,791,638,885,502,493,865,787,743,438,625,598,803
let's meet in front of the hotel.
do you know how to cook.
1276,714,959,1438,730,1101,1184,771,792,1002,1107,1210,1116,1093,839,861,1292,1093,964,1113,1325,926,1095,1001,1087,839,1073,1058,1310,943,821,1368,1468,1555,731,779,1105,1022,1313,1114,1073,1241,1124,1311,686,1055,1032,1327,738,1061,915,1298,1074,815,1340,1348,1325,1405
576,475,431,651,594,826,711,440,446,425,820,462,731,855,541,406,459,744,392,808,428,581,822,405,607,369,796,622,417,411,357,641,799,517,566,616,815,457,447,451,861,616,719,477,484,815,654,474,504,819,480,449,804,724,422,417,581,778
sorry, i don't have a pencil.
608,1211,778,787,921,1269,1028,1182,1019,766,1262,1041,1446,937,1085,1063,600,901,764,1082,609,1079,1404,770,1126,840,1237,1350,1423
603,426,456,453,429,729,833,499,807,598,483,744,638,455,819,618,613,752,486,824,623,841,522,514,791,755,501,637,780
someone is coming.
i forget.
629,1299,1159,773,1327,1103,806,1110,1222,737,1076,837,1272,1174,1218,1116,974,1378,1623,1254,1066,825,690,1303,985,855,1015,1383
621,477,740,481,502,751,469,833,454,614,824,714,473,722,466,755,649,776,546,490,824,642,543,495,647,467,470,794
it's raining.
what does he do for work.
1152,854,1401,670,1061,806,609,1175,1082,1170,1063,922,1397,1611,681,1047,581,903,1072,818,1290,784,722,1090,1068,798,1088,840,1311,1111,887,1315,895,1121,750,1309,921,1229,1436
503,471,644,613,818,475,576,467,752,468,780,619,771,599,507,617,605,486,829,596,479,463,583,817,641,462,809,610,498,832,621,492,484,811,475,494,516,614,773
waitress.
do you like it here.
733,625,1234,940,853,783,734,739,1341,1604,820,1345,1077,1037,1343,1132,1076,1346,1221,1244,773,1106,1226,965,1123,1089,814,891,820,1429
478,573,433,457,448,394,544,551,744,506,553,445,817,483,458,459,787,636,471,624,458,818,461,482,796,610,408,423,353,770
there are many people here.
930,1064,783,886,816,1091,617,911,798,1114,1194,639,1105,1052,1044,1431,826,1316,1417,1378,836,1116,1092,863,944,870,1383
450,565,394,428,367,783,587,468,401,818,751,587,753,406,814,436,440,496,449,655,450,785,615,419,428,368,738
should i wait.
i've already seen it.
692,1044,1301,1125,1310,835,1064,1224,1098,734,611,1203,956,1385,1579,1229,1518,866,777,1112,631,1343,858,784,640,828,1014,1093,768,843,855,1128,1136,1260,979,1433
576,604,466,457,626,595,844,481,839,506,572,507,505,788,639,483,584,725,504,791,632,599,465,399,602,552,391,788,560,430,410,734,811,476,456,770
okay.
what kind of music do you like.
1354,1266,673,1036,1428,1549,761,1068,682,958,1077,1226,1112,1205,838,1099,1354,928,1103,1201,1119,760,1229,880,1085,863,1343,1110,1101,1369,1179,1112,1359,1258,1290,852,1435
510,642,653,463,803,580,505,616,595,512,842,656,772,472,593,825,471,627,838,738,489,612,492,695,836,579,488,826,436,478,459,808,671,498,665,498,825
how long are you going to stay in california.
1078,1359,745,1081,1316,1304,1112,936,1098,648,893,827,1115,1052,1358,1172,1127,1010,1363,1244,1143,1028,1151,1057,1422,1133,805,1016,715,1040,1089,1254,1123,1118,893,669,1359,1233,902,1351,904,1122,1241,683,1378
637,441,534,794,646,474,736,626,837,612,476,384,817,474,458,464,806,630,494,462,761,633,820,468,503,845,617,476,599,464,865,493,776,817,676,589,615,425,588,442,428,737,435,618,770
i don't mind.
1204,1069,828,1303,1089,1485,1005,1145,1220,1208,1115,866,1370
454,812,576,473,735,644,495,814,743,472,725,591,824
across from the post office.
649,856,895,830,768,788,1132,936,926,1350,1230,1135,1022,1099,885,1105,1421,1355,842,1096,1152,1392,991,995,1264,925,885,1429
626,687,446,402,546,563,790,576,418,467,732,793,443,622,399,786,498,494,566,478,793,477,620,598,494,734,489,754
would you like some wine.
684,1307,858,1350,827,1093,1039,1346,1157,1080,1313,1205,1228,861,1090,785,1318,1213,866,1111,805,1228,1126,868,1405
532,467,511,602,611,815,489,455,496,806,643,502,626,492,799,589,492,717,466,804,467,515,710,447,788
generalizations of this sweeping order are apt to contain only partial truth.
937,836,846,913,979,650,1303,1204,741,663,1033,1255,1352,1128,781,1132,1330,936,1121,1006,1093,1278,776,1096,782,772,850,869,1446,1291,1174,1018,1130,1354,921,908,845,971,1146,693,900,855,1152,668,1430,1012,1148,1039,1348,1137,889,1336,1144,1040,710,1229,1132,1121,1380,1147,1359,1067,1110,1451,648,922,1067,1344,710,1380,1119,1018,950,1190,1000,1104,1394
621,490,442,415,454,645,622,437,779,682,484,456,449,748,583,780,439,625,788,474,601,418,577,793,512,410,362,344,430,398,695,586,777,468,389,609,369,414,770,588,464,380,784,619,449,448,778,432,407,786,692,431,702,410,593,393,716,784,377,694,565,406,799,434,599,447,432,446,600,582,784,477,466,460,445,604,786
he needs some new clothes.
1094,788,1080,1118,826,848,857,738,1091,779,1319,1227,841,1131,1104,823,759,1094,912,1312,1303,1013,1085,845,789,1345
580,473,799,726,429,425,583,564,824,553,472,749,441,828,760,388,424,814,712,651,465,453,615,415,558,814
armed rebels have joined the fray in recent months.
636,842,1217,802,813,1101,859,803,956,826,1339,749,1093,1058,640,859,828,1115,1146,1329,1216,1122,846,879,1115,1012,1090,839,1105,892,917,660,1038,1074,1245,1109,1115,891,813,842,821,1111,1009,1107,1167,1311,1119,1021,1087,753,1392
604,461,817,431,571,831,444,457,812,440,675,598,849,659,608,740,492,832,660,477,465,738,440,596,800,431,639,411,811,593,384,579,454,821,491,729,814,443,379,653,457,701,426,793,714,475,732,406,577,496,789
i'm good, and you.
1233,1470,1221,1159,914,1419,1429,833,1400,1167,708,1174,881,1149,1073,1404,1206,1467
497,631,789,842,622,508,479,609,798,869,654,805,600,853,493,513,515,834
would you take a message please.
733,1344,908,1364,856,1098,1053,1349,1155,1129,978,713,1291,864,1128,689,1110,1200,858,754,777,678,971,856,1123,1375,1369,885,626,745,862,1395
488,502,512,636,661,824,465,493,508,825,493,639,619,492,781,624,821,787,461,595,615,640,627,484,820,529,608,455,620,577,415,772
please call me.
i'm going to go have dinner.
1432,1381,860,644,726,840,1125,861,659,1353,1368,1110,1178,840,1380,1589,1254,1554,1295,1121,1039,1387,1227,1140,1015,1136,1077,1359,1131,1071,1357,1131,1073,680,887,833,1121,866,1308,1139,1137,825,951,1397
539,635,531,659,615,478,794,735,595,647,615,821,759,483,814,609,405,639,836,824,592,509,435,746,634,823,466,490,839,648,495,850,670,640,760,484,855,609,502,769,755,418,437,814
how do i get to the american embassy.
1112,1376,681,1104,826,1333,1132,1286,1140,961,869,1039,1153,1033,1085,897,1110,1082,1122,1157,683,1223,843,945,1295,854,680,740,1151,856,1232,1008,648,759,762,1038,1428
629,443,509,835,615,508,802,500,837,621,480,476,791,479,642,414,836,467,653,782,676,764,512,470,512,753,683,565,787,479,736,790,688,611,605,413,754
i'm looking for the post office.
1264,1538,1242,1127,1325,1349,1242,1342,1308,1141,971,1139,917,1371,926,1125,1003,1081,859,1127,1431,1336,808,1055,1160,1383,922,771,1318,893,888,1413
513,680,788,849,639,464,604,605,404,733,638,810,613,485,468,871,458,684,425,848,537,506,587,487,872,519,623,545,482,661,458,813
can you call back later.
okay.
856,628,1112,1118,1054,1326,1149,1080,876,695,1342,1340,1095,1018,710,894,1268,1114,1354,713,1032,890,979,1396,1604,1385,1300,656,1057,1431
709,606,786,881,480,493,484,877,716,580,647,638,872,760,626,798,626,868,651,621,496,421,466,830,668,506,649,654,484,828
what's your favorite food.
758,1133,684,1013,1562,783,1131,1093,1400,1213,959,1117,919,698,925,1383,937,1033,883,882,1079,961,1371,1366,880,1340
443,655,582,462,653,581,837,467,482,477,475,837,653,622,746,457,416,431,388,377,821,636,499,464,607,820
i'll be right back.
where can i rent a car.
1091,1373,1153,1153,911,787,654,909,724,1014,840,840,981,985,774,511,765,1274,1310,1598,609,978,728,815,739,1043,760,572,1045,1031,1177,1048,763,694,1015,884,1019,555,1016,773,580,814,1313
468,640,608,601,770,676,417,792,424,462,599,429,814,805,686,554,734,578,792,597,468,615,377,404,327,838,751,620,791,865,442,849,463,387,796,411,843,600,881,723,577,431,818
when do you arrive in the u.s..
625,1015,753,1011,1041,778,1249,1036,1054,1288,1080,1046,564,813,856,1172,857,743,1020,1196,1034,1036,938,1045,783,1035,1095,1290,639,1294,1287
484,617,439,813,913,654,511,872,501,494,499,885,644,463,464,514,795,460,883,425,752,860,427,623,366,837,444,853,623,848,834
do you play any sports.
718,1288,1004,948,1299,1097,1053,1354,1295,595,1014,1028,597,1070,997,1001,731,1371,1311,840,985,699,1320
618,478,889,460,462,481,868,572,690,635,487,884,652,803,445,832,609,508,503,456,457,598,775
what's the matter.
680,1026,598,944,1509,678,1062,949,1042,812,1024,1207,570,943,975,801,893,1339
415,635,543,445,657,587,848,440,619,359,839,759,598,387,411,345,375,813
on the left.
1294,1098,1080,927,1031,802,1040,1324,818,858,986,1347
473,745,852,438,623,379,846,620,383,635,428,808
cheers.
when will he be back.
786,993,721,760,849,707,1321,1569,678,1003,765,1024,1033,651,1182,1341,1343,1033,967,754,1011,917,749,1016,935,593,806,1216,1370
780,641,454,442,428,639,849,610,491,643,408,800,917,452,499,666,653,892,693,453,876,830,478,886,851,633,870,630,859
just a little.
1083,1119,641,887,1025,568,1006,1295,1190,873,900,1293,771,1325
637,449,644,500,879,615,892,655,482,448,462,673,416,828
do you study english.
i've worked there for five years.
770,1325,1027,1059,1318,1098,1041,706,948,1094,788,995,1039,774,1068,940,1302,1194,726,993,1359,1568,1193,1476,811,685,1057,632,1253,791,1212,755,797,1035,937,1009,790,891,821,1032,841,1298,875,1061,885,1185,902,812,1067,964,785,620,870,704,1389
633,473,914,446,463,488,884,618,463,444,636,482,848,489,793,692,680,492,669,677,835,652,488,655,832,508,888,491,531,482,679,432,622,862,462,659,385,420,339,856,654,482,462,862,656,510,833,474,879,487,446,598,463,615,816
will you pass me the salt please.
the whole day.
660,1240,1345,1334,1047,984,1344,1138,1059,1376,616,716,713,1067,1174,1081,985,974,1049,846,1088,774,700,1325,970,1112,1398,1332,803,614,731,805,1381,1598,943,1034,808,1039,745,1040,1305,1337,821,1095,843,627,986,1445
435,474,618,618,866,445,441,473,851,512,669,602,583,870,768,882,453,473,666,417,896,627,668,674,496,882,558,721,465,622,570,447,826,617,539,690,440,910,474,671,500,726,446,889,573,620,464,791
foster was an extremely modest, unworldly, retiring gentleman.
806,1327,703,926,783,889,1069,682,578,686,1050,604,1160,1137,822,807,997,952,880,1219,845,1348,1049,1066,1165,1307,799,825,734,1016,1276,1071,1142,1086,713,1301,867,1314,860,1298,1007,1221,1098,840,791,975,1250,815,1228,1103,950,1107,950,827,1107,976,1318,824,1180,664,1102,1386
656,521,621,400,379,419,879,422,630,579,888,655,838,925,542,827,476,424,370,836,424,718,519,895,810,484,697,468,619,443,832,868,482,732,523,520,504,680,661,659,465,819,898,529,470,452,483,506,475,771,687,878,660,511,812,469,664,460,799,604,804,839
i think i need to see a doctor.
he studies at boston university.
1255,1092,959,1057,1255,1109,1272,1126,1225,1098,1116,848,860,944,1138,1038,1343,1107,798,880,908,1111,679,1077,909,1359,899,1080,1384,935,1403,1602,1075,808,1097,792,1030,1229,914,1323,901,822,667,626,1017,1147,1053,1367,792,1059,1392,1176,1160,1208,1152,1286,1012,865,998,827,1269,1013,1098,1441
476,898,513,691,495,808,661,885,531,876,782,480,626,661,898,492,529,887,656,480,482,859,635,886,606,504,772,461,482,454,841,650,687,483,884,666,516,485,693,500,462,662,669,725,546,895,868,549,748,541,546,838,890,561,781,504,806,502,520,638,489,501,497,815
who's calling.
697,1131,1376,1542,754,1117,911,673,1443,1415,1252,1151,1009,1434
510,667,439,621,664,816,759,651,668,670,434,731,680,780
soups are presented in big tureens and can be quite good.
734,1308,1178,1468,781,1110,679,911,840,1151,1453,928,864,777,866,1164,1016,880,886,1136,1270,1161,1165,1064,1288,1052,1189,1038,1230,938,892,900,1097,807,1124,682,1122,846,1138,917,699,1129,1154,1047,883,1152,698,1220,1281,987,863,1129,974,1382,1395,899,1402
652,486,458,484,684,862,702,544,479,842,526,525,481,636,497,761,490,474,642,840,496,776,868,817,520,664,858,491,484,478,463,447,776,569,859,560,805,608,842,747,614,800,858,757,422,898,481,504,474,445,399,814,632,448,433,597,777
i like it.
good idea.
1256,1079,1318,1218,1233,839,1094,1229,977,1405,1558,999,1398,1403,896,1077,1286,866,867,693,1416
465,858,637,466,649,478,852,520,505,837,580,618,444,436,605,851,488,585,407,632,801
no, thank you.
can i have a glass of water please.
1097,1368,1307,1135,969,1129,683,1158,1354,1208,1116,1440,1251,1480,1584,853,642,1114,1125,1258,1111,1096,692,956,847,1101,662,1076,1371,663,744,763,1115,1111,1394,897,1106,781,678,1038,887,994,1079,1437,1356,911,696,813,926,1420
781,425,820,839,496,678,654,826,641,870,474,438,459,819,584,751,664,749,847,457,863,657,636,831,561,894,696,922,712,694,662,657,908,870,509,691,905,532,676,494,468,485,865,524,684,503,666,611,470,837
he's very annoying.
1100,859,1506,767,1131,947,862,940,1069,1079,684,1121,1116,1419,1074,1278,1114,1097,1471
617,483,721,630,877,774,481,465,457,875,659,801,788,483,417,477,792,678,838
i have a headache.
1288,1098,1080,657,955,843,1123,665,1112,1104,877,670,885,703,905,1082,858,1439
468,894,647,626,737,465,850,641,870,662,457,581,566,636,734,654,431,818
do you need anything.
are there any concerts.
830,1359,1056,1097,1351,1174,1054,1083,845,866,864,1067,668,1082,999,938,1064,1218,1090,1227,941,1581,655,900,824,1140,951,1093,858,956,867,1114,654,1107,1042,1042,825,1340,1133,852,785,915,1031,772,1395
633,469,902,500,509,477,890,812,454,460,648,876,706,840,482,571,672,529,812,655,715,673,671,498,398,802,456,619,438,365,375,801,626,798,410,828,751,473,745,765,404,397,412,562,799
what are you thinking about.
708,1044,594,948,1053,632,926,868,1084,1044,1396,1181,1105,974,1072,1240,1104,1261,1237,1109,1077,1129,664,979,1336,1118,1038,1437
485,624,589,482,821,585,478,393,815,437,449,472,856,474,657,483,768,621,464,762,588,879,614,771,476,443,448,772
can you throw that away for me.
you're very nice.
922,649,1144,1152,1048,1368,1191,1114,1047,1096,937,1384,831,1099,1043,1077,753,1075,1116,666,784,660,1054,1086,960,1325,990,1112,1230,881,1426,1591,1139,1385,1157,1566,898,831,1144,878,791,883,1043,1096,1172,1272,909,878,1437
754,681,780,872,536,504,535,858,486,656,443,497,426,850,452,673,529,445,862,654,441,560,425,848,654,500,499,853,782,493,844,648,518,506,511,661,529,478,821,759,486,437,485,839,736,455,779,463,824
it depends on the weather.
1291,955,1067,852,814,1444,830,1123,844,714,1110,1309,1104,1098,965,1037,1066,722,748,844,613,962,1085,826,935,1373
503,542,849,627,483,519,428,795,644,608,861,502,783,885,479,660,878,463,513,461,694,516,624,464,476,803
are you american.
affliction is allayed, grief subsides, sorrow is soothed, distress is mitigated.
605,837,734,1092,1058,1345,1145,1065,620,1175,802,907,1294,875,640,1121,1402,1577,698,911,930,1357,1227,881,974,1223,1359,1095,1103,1195,794,1091,659,1343,1337,640,1003,785,863,1269,1115,1020,926,1229,849,941,1127,791,1204,994,817,1253,878,866,783,1274,1112,772,1344,939,963,1378,808,1096,1246,789,1101,777,1341,1345,1019,873,927,920,1314,1152,897,1288,801,1070,940,867,797,799,1129,1292,786,1127,1251,1251,1009,1285,1007,706,1078,921,934,1456
736,502,450,906,560,521,536,849,705,774,523,494,494,744,672,788,839,606,719,673,679,650,517,791,527,519,501,756,856,544,646,871,698,654,655,743,463,553,697,833,875,729,539,564,536,708,850,683,461,850,695,512,678,516,684,831,886,682,549,555,550,540,551,858,524,654,856,647,507,483,504,450,468,638,811,847,624,528,651,471,462,418,604,617,834,456,624,838,813,465,520,481,705,654,481,445,620,817
there's a restaurant near here.
956,1087,820,915,848,1489,778,1120,679,1108,924,874,821,1027,705,1180,930,678,1117,1025,1160,1134,856,640,958,1121,1104,868,956,893,1446
503,639,445,443,416,640,680,837,705,849,500,460,619,459,652,450,458,677,775,445,824,792,464,664,437,837,613,398,411,401,761
can you please say that again.
910,678,1198,1158,1106,1205,1229,1131,1477,1421,905,719,784,896,1144,807,713,1057,1095,1021,1118,707,1039,1160,670,1033,712,1294,1136,1458
828,708,769,852,506,503,474,847,533,673,541,699,669,510,823,655,644,471,857,526,693,682,515,824,690,665,665,489,791,828
is that enough.
1297,748,1073,1035,1084,679,1041,1138,910,1122,1358,1182,1052,1100,1407
482,637,901,539,700,683,543,877,504,818,515,511,674,694,856
jonathan, choleric with indignation, stood by his desk, clenching his hands.
1152,1396,1131,691,1026,1114,698,1147,1308,1151,903,1130,1417,1420,840,946,1295,905,1130,789,1287,1009,1071,1098,1243,1135,904,1254,1033,1145,732,1066,1270,1414,1143,1334,1143,822,1068,1400,1383,911,1138,1072,1069,1121,1139,1383,783,1141,805,821,754,1308,1298,1123,828,1356,807,1160,883,1119,1284,1131,1016,1152,1080,1281,736,1094,1081,625,1110,837,711,1385
681,511,831,726,559,667,681,795,867,877,832,737,545,677,536,514,565,809,881,540,584,555,692,866,565,771,672,544,680,813,675,527,577,571,808,827,901,671,512,506,509,662,846,833,469,870,628,492,721,865,654,516,651,651,839,879,808,696,571,820,809,691,550,811,732,879,698,534,665,921,728,663,869,665,660,865
who was that.
699,1029,1355,1070,696,617,736,1062,968,1045,638,976,1400
597,748,529,938,584,756,719,943,587,751,724,595,903
do you have a boyfriend.
i'm not married.
793,1341,1077,1045,1356,1165,1075,1072,644,918,788,1094,663,1076,1032,1332,1032,879,943,1273,847,1153,885,1458,1598,1235,1559,1197,1117,1087,1313,958,1121,1206,668,928,937,1230,825,856,1393
656,536,942,551,517,544,911,709,727,796,539,921,746,922,846,572,514,718,520,584,522,826,710,844,653,551,685,843,900,785,530,560,893,793,690,542,545,515,513,662,827
the arab league has already suspended syria and imposed economic sanctions.
i'm bored.
926,1034,800,1070,633,880,643,963,1088,1355,843,663,993,1184,839,1117,1109,682,777,1135,691,1350,903,830,648,850,1072,1067,763,1210,745,1435,836,1161,868,843,850,1129,832,1100,951,1279,682,1093,741,1145,916,1126,1291,1232,1476,1363,784,885,898,1152,880,904,1384,1156,1416,1272,1299,890,1176,800,718,1192,924,1059,1324,1455,1203,791,1488,1631,1322,1587,1276,1186,1026,1422,927,869,911,1486
539,692,484,888,643,512,656,779,887,668,500,712,678,526,552,898,698,731,684,872,718,696,548,488,697,647,474,871,661,517,647,550,517,769,655,496,663,861,660,488,519,529,711,841,690,807,644,904,543,807,555,522,639,461,654,896,518,805,517,858,530,832,524,826,905,693,704,824,836,565,567,551,797,669,839,670,532,737,852,880,799,544,512,506,649,865
i want to show you something.
1228,979,577,474,1007,844,1014,858,1268,1034,623,980,1244,610,1001,917,1284,1060,988,647,1261,1144,689,917,1031,1190,1032,927,1345
505,886,556,658,788,502,860,486,515,882,650,670,490,466,900,506,485,502,881,631,513,767,468,450,653,492,770,615,818
i'm just looking.
is there any mail for me.
1166,1459,1154,1057,1077,1100,636,937,1050,1295,1250,1268,1180,1135,1027,926,1356,1558,1199,649,1024,908,990,749,868,800,1062,598,1075,962,1022,1195,603,1247,1332,1089,892,1302,885,1092,1216,802,1393
499,712,803,898,678,494,668,503,908,681,524,515,689,529,788,687,825,676,500,682,899,512,685,462,465,403,874,677,819,489,889,827,704,476,663,901,659,572,511,894,819,546,826
are you busy.
515,797,727,1076,1040,1309,1129,1061,908,1075,664,947,1389
665,481,413,824,481,485,477,828,790,469,642,429,761
the survey's margin of error was plus or minus four percentage points.
912,1007,768,1009,714,1113,814,857,782,988,1451,658,1084,1183,598,880,1032,1243,1100,1114,1343,931,1098,788,879,904,1386,898,1114,745,612,731,1093,1434,1386,1133,715,1092,1364,854,1105,1228,1243,1111,1118,689,1076,843,1357,1189,864,1093,1435,785,885,841,821,1151,1012,683,1040,866,1114,1476,1362,1271,1168,1074,766,1490
494,661,440,876,612,466,459,815,454,436,601,681,799,728,683,481,663,466,769,854,454,685,834,445,404,425,432,422,843,464,627,582,830,498,653,481,670,868,502,451,837,743,474,813,408,625,865,642,483,455,435,878,478,431,388,718,434,734,406,591,590,378,822,478,419,435,670,425,581,750
some specimens will appear in the papers appended to this report.
765,1367,1218,877,1107,760,1435,821,821,1250,1178,779,1089,687,1087,677,1241,1357,1360,1077,675,1460,1479,795,632,890,1101,1252,1117,1107,976,1081,812,1123,1450,611,1459,841,941,743,1111,623,1449,1458,804,1120,844,811,848,1127,1019,1367,1142,1058,1098,1274,774,1074,891,828,1431,1329,880,1080,1468
604,482,698,477,831,637,517,492,754,470,780,481,779,656,827,471,486,592,618,857,679,430,447,445,638,495,823,435,749,841,492,625,428,830,476,645,474,424,427,606,850,661,454,436,433,752,638,419,625,825,453,439,813,454,641,457,633,863,447,384,472,435,455,438,808
he needs some new clothes.
1050,737,1080,1063,752,781,800,708,1097,726,1362,1226,805,1124,1094,818,706,1091,849,1325,1342,975,1073,830,747,1393
650,518,833,753,456,457,584,593,862,624,474,749,422,840,766,409,462,840,782,643,461,450,641,486,606,810
i'm sick.
is there air conditioning in the room.
1280,1532,1212,1148,769,1228,862,1253,1401,1565,1257,772,1099,1006,1075,858,947,895,1115,707,1275,941,1109,905,1333,1151,870,1269,984,1277,1398,1140,1283,1131,1010,1164,1272,1151,1131,1004,1079,841,1142,881,1394,1401,1268,1528
479,699,807,852,672,518,774,649,804,619,507,635,821,493,670,453,461,380,843,593,492,487,831,735,505,741,588,503,449,470,474,749,462,724,618,851,445,703,840,470,657,411,831,460,474,497,795,798
how's work going.
1052,1375,695,1548,722,1112,719,1359,867,1290,1131,986,1382,1233,1152,1045,1458
699,466,497,690,669,838,472,477,476,610,841,623,500,451,698,640,809
it's seventeen dollars.
1254,949,1542,771,1112,777,856,961,831,1143,1026,875,863,1165,1146,925,1354,1507,1493,696,969,803,1437
500,469,674,654,804,608,463,747,491,756,443,421,399,773,843,620,505,721,710,649,482,645,815
can i have a receipt please.
891,630,1134,1143,1268,1141,1099,944,936,788,1156,678,1129,880,828,838,789,1297,1500,974,1149,1446,1396,843,656,784,869,1458
756,644,804,878,489,875,655,790,851,517,854,737,888,536,482,831,472,488,500,487,837,542,633,472,649,634,474,773
what time are you going to the bus station.
761,1086,663,972,1121,973,1295,1243,892,1136,686,950,900,1126,1091,1450,1236,1132,1009,1377,1234,1145,1063,1178,1088,1393,1144,1037,1102,896,1145,1013,1227,805,1145,832,1052,737,1062,1332,1414,1183,1485
504,634,651,514,867,487,456,769,479,845,658,428,436,847,477,455,423,812,626,483,454,710,640,831,463,532,804,487,653,469,834,770,455,641,845,626,494,630,526,471,466,723,770
i'd like a single room.
1331,1548,849,1133,1363,1254,1270,875,1141,702,1138,779,1247,1157,1068,1401,916,1181,964,1389,1396,1328,1495
466,673,647,838,617,515,630,503,867,665,856,620,521,803,675,677,514,882,482,545,541,804,870
i bought a shirt yesterday.
1324,1152,1047,1423,1208,1047,1120,1061,1171,738,1162,833,1122,1308,1003,1094,1174,1147,873,828,1084,936,1034,934,743,1063,1472
484,857,793,476,488,642,686,512,833,672,852,636,667,442,493,473,886,500,520,641,463,416,430,570,620,452,792
his coat of arms was emblazoned on the cover.
1114,1317,820,1107,919,1381,705,1048,1157,1408,967,1137,751,982,1280,850,1169,817,733,851,1157,908,1296,1025,1420,687,787,1400,1160,911,933,1160,1392,1182,1180,1071,1136,1159,1105,900,1337,994,866,948,1423
646,480,654,891,779,484,691,498,862,489,675,878,616,509,815,638,851,439,618,567,862,414,790,805,636,617,830,487,781,425,633,851,484,792,874,497,669,853,807,744,492,777,457,449,802
she turned toward him, her face troubled, her eyes most wistful.
what's the exchange rate.
838,1085,911,1109,968,1181,889,1097,812,883,1113,1014,1337,767,663,955,866,1119,1093,1244,1258,1324,1156,1137,848,954,1115,911,691,881,849,1121,978,893,1387,1194,1023,1379,888,900,1250,1127,1096,826,924,1161,888,1102,871,764,1153,1219,1389,848,1114,1174,804,1338,867,1107,986,1167,1421,1477,1626,761,1129,676,1029,1530,748,1134,1016,1094,878,1117,914,860,916,1147,677,1129,1049,871,1168,956,693,1051,900,1446
667,653,503,860,499,476,482,797,474,652,869,490,554,472,650,459,603,820,623,473,765,817,851,675,458,458,878,658,654,752,495,841,459,449,470,466,765,647,453,627,782,825,650,477,471,841,443,465,452,580,839,756,463,628,456,858,446,478,582,457,629,507,650,801,627,510,631,644,485,661,647,825,499,650,421,820,482,814,781,590,648,777,639,442,837,402,634,471,402,827
it's near the supermarket.
are you afraid.
1247,994,1507,820,1130,1152,886,687,956,1130,1029,1092,907,1114,825,1206,1481,917,1007,1244,719,984,1351,881,1098,1438,1620,664,936,874,1126,1129,1395,1232,1167,684,937,949,691,1246,883,1432
400,464,639,671,836,756,457,648,492,835,461,687,422,843,572,491,472,386,386,758,641,467,649,419,413,799,655,650,483,399,824,422,482,476,830,670,626,459,643,483,615,782
right there.
887,1304,1043,1100,1053,1127,999,1084,877,999,918,1445
488,486,644,636,483,883,470,673,399,430,355,835
i'm worried too.
1224,1578,1279,1167,694,1366,896,940,1256,833,873,1166,1019,1455,1416,1436
484,639,790,873,575,520,503,510,481,425,626,783,510,436,445,837
i don't mind.
when do you start work.
1238,1105,832,1372,1113,1573,998,1168,1247,1250,1148,901,1465,1584,745,1086,867,1147,1137,900,1368,1131,1169,1400,1214,1138,790,1029,726,1015,1114,1169,782,1390,987,1308,1446
524,810,656,468,752,657,558,851,757,473,744,672,765,596,493,623,412,772,859,614,462,832,482,446,454,850,617,445,587,444,451,807,423,463,449,632,794
is that ok.
1260,722,1077,956,1056,647,1002,1099,1370,1265,1451
486,711,853,540,661,657,534,856,519,663,796
what would you like to drink.
708,1089,618,971,1059,739,1359,1130,1368,883,1091,1063,1350,1159,1114,1383,1214,1291,870,1105,1043,1382,1127,901,938,1275,1136,1306,1454
522,631,639,507,860,462,489,481,627,631,860,488,477,491,805,660,464,619,495,830,443,475,855,610,411,467,769,644,809
i'm not afraid.
1267,1563,1239,1174,1161,1388,1111,1150,710,993,977,706,1272,902,1426
487,676,785,833,723,452,468,843,659,621,444,619,451,622,783
thank you sir.
988,1084,702,1143,1337,1133,1115,1402,1174,1129,843,1245,964,1329
454,648,539,784,585,839,441,434,452,820,583,483,440,731
they haven't met her yet.
1037,1122,925,1099,1074,1119,719,995,869,1169,1575,1068,1208,1257,879,1149,1185,1204,1129,833,1104,1077,858,1016,1418
529,626,443,402,819,654,662,768,496,788,625,462,853,779,435,435,831,838,646,484,859,473,458,422,795
i'll talk to you soon.
1301,1540,1369,1360,1148,990,667,1359,1245,1127,1045,1337,1132,1155,1431,1228,1156,785,1417,1413,1150,1451
471,663,638,630,835,487,637,624,633,812,494,490,826,447,468,473,815,641,465,465,756,804
what is it.
sorry, i don't have a pencil.
747,1070,672,995,1116,1287,760,1155,1291,1060,1422,1608,774,1359,894,894,1026,1279,1160,1291,1112,882,1381,1104,1541,1092,1159,1129,735,999,884,1168,677,1145,1476,860,1138,895,1293,1415,1511
512,630,591,488,817,497,668,821,472,446,767,621,635,439,498,519,424,781,833,516,878,678,520,739,704,492,843,662,644,753,443,831,612,868,534,450,811,745,504,668,789
would you ask him to come here.
753,1364,1153,1378,840,1101,1101,1384,1181,1151,695,828,1327,1152,1120,1303,1280,1204,1057,1431,1165,904,1423,1258,884,1187,1088,889,996,951,1436
454,465,472,589,582,824,434,459,481,809,628,575,591,816,617,469,769,824,468,478,820,795,491,745,393,833,658,391,403,338,782
what time does the movie start.
773,1069,670,1008,1092,1018,1233,1239,870,1110,931,1363,846,807,1120,1023,1095,901,1133,1224,1388,986,866,888,1118,787,1069,714,1102,1039,1407
475,676,588,493,859,473,529,758,436,861,642,503,396,588,828,431,641,411,818,736,451,732,395,581,842,579,442,585,434,415,818
can i see your passport please.
do you have a problem.
794,531,1069,1048,1239,1077,676,748,759,1093,991,1318,1135,810,1066,1378,609,712,725,1400,1317,856,992,1114,1389,1324,829,614,745,828,1370,1576,793,1333,1079,1043,1382,1147,1075,1050,641,708,763,1129,610,1077,1441,848,1329,997,1321,813,1192,1407
739,699,779,844,506,837,630,497,531,817,526,484,487,486,823,524,644,602,608,503,434,464,471,813,488,643,482,627,597,478,764,655,671,501,848,541,467,496,808,605,652,551,540,839,684,841,544,539,539,823,636,507,743,786
