it is being fired into enclosed areas and homes, the human rights group alleges.
1092,754,965,1095,489,959,771,522,1098,950,770,967,680,1067,659,542,570,994,1074,949,738,1181,995,572,919,648,1159,1135,519,602,616,990,422,708,615,396,508,992,423,955,616,967,924,1184,1041,580,498,1159,1022,791,939,608,994,952,1039,1083,456,965,989,707,1100,828,914,792,554,1010,836,726,1161,1003,1281,985,471,1156,1155,610,841,584,520,1296
353,354,651,352,450,635,635,398,356,587,488,714,512,366,366,333,456,640,371,570,379,385,637,368,588,581,476,377,462,373,481,663,467,384,352,452,449,622,460,543,464,651,446,369,574,364,435,567,671,343,484,325,659,488,377,556,439,564,653,327,357,476,462,338,412,638,462,337,323,348,354,615,425,416,425,327,475,347,417,649
sorry, we only accept cash.
512,1168,691,688,866,1141,987,500,616,979,1181,978,1172,873,993,469,689,679,592,1259,767,999,673,444,547,907,1233
452,343,377,372,364,565,694,373,374,669,367,559,482,366,656,444,544,565,369,371,372,645,544,451,433,447,572
what do people usually do in the summer in los angeles.
501,927,436,771,984,608,1212,994,1298,578,1197,1290,1214,575,1010,1005,527,1014,432,1219,1205,810,1012,642,1013,984,1110,1041,1011,820,993,626,1017,548,1036,1076,1076,632,740,1038,1125,1015,1025,1226,1206,572,1021,463,981,832,607,1217,610,522,1312
362,484,429,372,646,446,348,624,365,349,377,358,446,349,635,368,432,353,439,450,453,333,624,455,610,662,374,625,720,346,451,329,655,403,341,564,578,342,361,656,381,556,677,490,367,424,638,447,553,482,343,484,352,420,641
i've been here for two days.
i'm looking for the post office.
1119,1321,756,580,1017,837,590,579,950,987,937,583,678,586,989,723,1174,701,990,791,502,1170,974,627,445,853,537,1274,1489,1087,1366,1083,1039,1241,1220,1217,1134,1137,1024,806,1001,727,1227,699,998,795,977,615,1001,1310,1206,546,809,1019,1206,731,734,1107,683,587,1307
315,444,601,389,642,583,386,380,562,675,455,384,389,356,641,466,359,365,621,368,343,347,620,431,444,368,416,615,474,348,461,566,655,445,347,346,447,361,506,477,641,467,347,339,611,349,424,310,603,339,348,415,368,626,345,433,440,336,562,335,568
he sought nominal damages of one dollar from each defendant.
938,600,957,518,1163,1004,792,919,785,971,929,1138,1032,1065,941,442,1146,973,624,418,1030,418,782,583,510,950,1164,726,967,1161,951,605,955,679,1218,1212,1216,475,724,1022,767,743,1204,1096,1034,638,469,721,929,951,670,631,776,634,964,678,472,968,848,1294
482,337,654,429,348,346,455,486,363,658,563,369,557,378,518,441,438,656,464,451,548,450,473,360,420,659,357,433,628,353,539,347,675,436,353,452,451,430,360,671,454,362,351,540,657,333,419,566,417,603,431,362,450,363,541,439,439,534,361,561
i'm self employed.
great.
1088,1313,1101,1027,542,604,1207,721,1009,584,1054,1253,1177,1145,851,598,611,1264,1533,805,687,595,450,765,1303
358,453,551,670,451,370,425,451,636,349,575,366,456,359,367,328,431,578,481,482,386,361,442,380,639
is this mr. smith.
1071,507,986,767,910,1064,542,955,1030,701,1210,1002,526,1110,1170,800,949,1167
374,453,650,388,468,373,419,642,548,358,573,670,421,650,377,347,469,603
there are some apples in the refrigerator.
825,932,632,739,640,1009,470,742,651,1002,564,1204,1096,650,1021,472,1318,1314,1211,624,550,1032,1107,1000,1010,803,961,646,987,735,633,766,748,1120,845,620,724,479,828,1191,712,561
353,489,318,347,314,679,399,357,326,671,402,358,548,321,652,415,348,335,452,318,403,642,380,534,641,348,426,329,616,339,320,449,331,334,454,331,345,411,385,314,350,324
when are you leaving.
526,951,634,949,977,468,753,671,1016,902,1206,1021,965,1210,609,459,817,1108,984,865,1373
347,481,351,560,681,428,380,342,682,379,345,375,618,434,351,444,578,359,543,441,626
let's go.
my cell phone doesn't have good reception.
1214,601,793,1423,502,1020,821,1190,1251,1526,1057,867,1001,689,609,1249,1263,1043,1337,1022,1216,1027,643,1023,692,1207,650,554,963,1423,856,1085,989,482,814,670,1052,873,1254,1254,681,1023,750,633,714,648,1338,825,1122,1206,986,1297
521,335,364,483,433,676,496,366,594,503,636,386,717,565,382,527,530,694,378,475,379,556,327,647,435,358,326,388,564,493,362,638,458,427,554,349,648,484,352,342,436,634,333,323,597,339,357,363,369,347,554,591
it's not too far.
1129,843,1398,584,1062,1031,1220,826,1044,817,1199,1194,1010,754,479,758,1416
348,373,464,435,631,583,352,368,604,371,335,330,606,431,436,320,563
i need another key.
1107,988,994,601,603,625,1005,476,1001,1204,810,962,642,727,991,1135,617,959,1313
359,636,541,335,332,428,638,437,572,353,344,442,314,338,636,493,305,345,624
you're beautiful.
what makes the galumphing hubby such an enduring stock character.
890,1190,1020,1434,759,643,1039,876,613,441,1031,821,1143,740,1018,1234,1312,1532,528,938,452,807,1118,1100,505,1175,676,588,1021,839,956,656,970,826,493,1211,1003,1081,1260,948,1113,989,837,1017,965,1050,864,871,926,990,584,1021,722,951,970,515,975,674,648,1034,687,1033,752,1129,1001,865,1017,839,1190,738,1111,1112,1034,733,963,470,726,472,715,846,644,738,1398
346,316,328,492,343,306,634,575,349,417,327,359,342,460,315,416,635,475,354,480,429,380,598,643,464,493,333,414,656,359,464,326,645,454,453,482,365,582,392,454,356,544,449,636,467,331,561,559,321,616,441,351,530,446,641,444,547,472,355,544,446,342,354,331,521,457,621,387,330,532,454,464,625,580,522,441,379,436,587,366,339,371,656
it's raining.
1115,844,1379,565,1040,714,458,1116,977,1101,978,826,1303
334,372,442,438,621,381,432,358,518,372,521,460,612
you're beautiful.
905,1180,1021,1382,738,635,1046,851,613,464,1010,841,1153,768,1032,1212,1349
377,336,350,478,374,348,645,574,370,443,348,349,370,457,353,441,598
the derivation of the word thus appears to be merely accidental and adventitious.
822,926,645,988,669,628,738,1124,761,472,820,1114,1201,990,1022,1206,753,1015,822,948,659,1002,530,1192,741,703,1028,844,967,1015,589,1003,490,1257,1245,668,488,751,566,1026,837,1184,1015,880,632,951,1107,651,742,634,1211,921,994,499,725,726,1106,650,643,938,826,506,1187,997,495,920,666,952,483,654,783,645,939,850,1147,849,1133,1218,599,1006,1340
375,498,347,679,488,341,367,382,559,462,388,392,360,582,650,377,455,639,365,464,335,634,354,364,370,468,641,369,473,373,428,632,440,368,366,361,438,370,416,633,362,353,617,582,367,699,564,341,362,334,439,361,642,434,550,546,348,439,358,558,371,428,431,638,447,553,461,647,451,459,582,357,561,364,386,362,375,351,398,357,676
please wait for me.
the committee worked in accord on the bill, and it eventually passed.
1274,1200,663,471,567,653,1054,547,463,1086,818,996,758,1153,722,1003,1045,630,1287,1542,792,949,638,967,697,1205,1103,1096,1130,805,801,649,648,1026,550,1228,751,1115,654,672,1005,1124,986,999,485,713,710,1232,747,697,1061,1204,1013,1018,822,955,662,997,891,1088,1191,1193,1244,1053,537,982,709,995,1112,852,993,675,835,670,986,862,1030,522,1239,1233,978,1009,1306,532,629,615,713,736,1342
370,482,378,443,452,368,634,371,454,378,386,630,488,358,369,637,569,357,608,508,405,495,354,664,560,349,579,593,357,387,383,329,338,638,367,353,376,458,351,435,636,352,548,650,447,561,570,385,355,445,623,380,544,637,368,444,340,614,570,351,446,449,577,662,446,553,481,643,357,368,615,356,589,377,577,389,330,454,435,443,367,623,333,461,444,431,356,457,641
i want to contact our embassy.
what did you think.
1129,1029,560,469,971,841,1019,821,1212,1009,735,1198,991,821,497,721,821,1026,1175,997,751,998,668,1048,873,494,606,592,924,1278,1558,533,990,466,828,1038,663,1114,652,1035,919,1215,1057,998,799,980,1122,985,1160,1459
356,628,358,441,566,378,666,388,373,639,559,369,568,380,413,568,377,637,356,372,371,650,378,576,574,483,467,461,367,612,497,348,493,430,356,653,440,365,440,606,351,339,354,613,358,492,354,547,446,673
it's ok.
what's up.
1137,831,1364,540,1040,1226,1147,1294,1519,529,930,451,825,1431,544,1035,1014,1289,1389
333,357,473,447,636,329,430,616,483,372,467,429,360,455,439,641,354,343,680
i'm just looking.
why did you do that.
1144,1402,1148,1057,1051,1022,541,833,1034,1222,1191,1174,1103,1092,958,866,1280,1494,561,986,886,999,708,1134,696,1020,941,1235,1047,1008,649,1232,1024,808,944,487,828,1368
331,480,610,675,478,365,448,374,655,466,351,347,468,359,537,453,614,481,353,466,347,600,428,328,428,582,337,315,331,585,405,300,573,351,428,403,362,598
are you sick.
488,735,655,1009,920,1189,1006,975,586,1123,722,1107,1341
454,384,340,623,362,328,354,601,397,342,534,460,641
is there an english speaking guide.
is it nearby.
1141,573,1013,817,935,628,737,632,1016,467,954,987,642,1020,884,1262,1175,567,932,978,564,1250,663,457,1103,1077,964,858,981,849,995,1083,664,637,1273,1536,1116,612,1024,1123,818,1024,969,654,479,741,905,938,1254
340,446,634,364,448,321,346,327,621,424,559,672,352,596,495,486,364,457,455,692,460,364,383,465,484,372,555,474,648,474,351,334,469,388,614,499,376,474,646,357,369,632,570,358,429,379,586,372,623
i don't like him.
1120,1025,695,1227,1020,1322,888,1050,1245,1140,1134,662,1005,953,1154,1120,1354
344,590,474,322,519,516,355,666,455,364,467,359,646,432,339,568,647
jonathan, choleric with indignation, stood by his desk, clenching his hands.
do you like your boss.
1034,1192,1000,477,833,962,505,955,1135,1003,718,932,1182,1174,1154,648,747,1070,710,547,1103,832,942,1007,1133,997,691,1129,849,982,503,838,1131,1191,987,1140,1036,602,839,1196,1199,673,1020,898,944,1020,995,1160,600,1024,677,648,597,1129,1177,1034,733,1225,662,1003,734,943,1109,987,865,992,937,1091,593,985,911,520,926,688,587,1324,1591,687,1211,1002,935,1190,1017,988,1216,1128,1142,663,1039,989,1209,1047,762,1026,918,1224,558,555,1327
491,369,571,454,388,456,411,559,614,698,572,504,369,484,384,400,398,378,568,351,373,367,448,650,348,568,456,351,472,557,440,382,341,314,522,577,656,438,367,337,328,420,592,564,347,614,474,351,459,626,460,353,455,411,580,678,588,458,354,571,564,438,333,548,464,634,458,351,433,617,443,464,553,455,427,612,499,460,321,619,354,300,309,614,379,315,417,343,640,348,297,320,330,632,560,300,417,431,580
are you working tomorrow.
451,737,659,997,969,1236,1029,1026,556,1221,760,1129,1106,994,872,1016,836,1226,1084,1204,744,742,1189,544,1341
483,390,359,695,374,353,351,648,359,350,368,462,353,532,456,639,353,331,537,358,366,372,334,332,645
i don't like him.
1110,1010,706,1168,978,1384,863,1023,1238,1133,1146,638,1027,945,1132,1079,1340
355,635,463,366,582,480,353,632,418,332,450,365,637,436,346,575,644
his coat of arms was emblazoned on the cover.
943,1099,562,968,743,1221,481,841,1009,1197,757,997,489,758,1058,589,1005,565,506,598,1005,666,1046,890,1190,495,644,1167,979,679,711,1006,1177,982,992,813,928,662,970,725,1192,807,674,770,1235
502,389,472,716,600,377,450,379,660,353,488,635,448,398,564,427,660,357,449,439,654,361,557,574,456,462,554,343,539,361,451,617,345,540,641,359,448,337,628,562,344,570,354,363,582
it's eight forty five.
1083,788,1347,541,984,594,1060,814,911,806,978,783,1188,760,853,932,1022,776,1092,813,656,1314
359,379,446,452,659,365,372,455,449,378,634,480,368,358,359,366,659,444,366,599,363,656
my car was hit by another car.
1095,967,1018,717,459,727,1019,530,447,543,1023,968,1132,808,1022,870,912,1028,483,1008,1203,843,965,629,737,997,708,483,747,1317
607,404,716,580,464,386,694,375,458,457,655,469,372,372,653,581,365,672,447,604,415,389,493,352,371,688,591,456,363,644
how long have you been here.
did it snow yesterday.
938,1152,542,998,1166,1154,960,816,979,904,468,773,637,987,884,1153,984,943,848,607,601,958,973,925,602,729,627,1256,1449,655,1069,653,999,1079,798,984,554,957,1155,979,1019,904,634,530,810,632,732,642,483,904,1294
500,395,369,666,496,379,595,486,673,483,487,627,410,680,399,369,388,655,610,377,383,584,697,484,378,412,374,643,498,481,393,473,638,385,388,643,448,580,384,649,656,379,336,452,368,337,354,425,464,365,632
is there a store near here.
1105,549,988,829,952,647,724,655,999,480,1006,552,819,1208,726,635,987,941,639,478,744,1009,921,640,736,648,1368
369,457,661,370,473,351,368,342,660,441,665,470,391,388,373,360,671,601,366,461,388,654,477,370,391,359,641
i'm very busy.
1077,1348,1097,1035,781,631,732,965,1021,859,995,555,891,1274
354,467,605,681,582,394,386,388,669,603,354,479,404,604
where can i exchange u.s. dollars.
522,926,593,732,619,985,681,451,939,995,1128,997,605,579,673,931,452,938,786,608,982,981,1198,547,1182,981,657,1199,1200,1211,465,719,556,1312
376,495,368,392,363,665,522,463,561,660,359,633,379,558,580,453,468,561,483,373,650,355,593,437,583,674,465,363,455,460,450,383,408,654
be careful driving.
851,593,1005,675,427,683,579,716,971,1148,980,630,702,1075,766,1057,966,831,1238
618,397,717,611,495,404,372,484,337,429,664,488,401,358,585,359,597,497,619
maybe.
more than two hundreds miles.
1039,418,878,867,597,1224,1517,1091,1187,753,641,1009,828,983,521,982,1009,836,560,1181,987,936,992,967,675,747,649,670,574,1008,1045,1048,1179,649,552,1371
633,465,395,648,407,676,517,678,456,410,375,678,395,529,481,632,728,411,386,418,694,524,412,608,502,399,372,467,469,696,613,426,479,373,450,683
will you call me a taxi please.
let's go have a look.
555,1100,1184,1198,1020,925,1183,1032,986,713,470,1218,1208,1043,1063,669,1018,490,1005,815,489,622,1073,990,1267,1172,680,512,604,667,1235,1439,1205,655,838,1369,592,1026,870,1186,1009,939,518,823,685,1041,528,1027,1219,1205,1203,1111,1307
373,385,451,445,675,376,336,356,637,558,468,461,459,683,577,359,671,439,676,377,425,546,377,643,358,481,364,435,451,372,609,445,522,363,391,489,462,673,494,373,647,467,467,625,384,689,473,695,487,391,397,500,616
i'm bored.
stop.
1092,1343,1129,1077,874,1212,746,656,673,1253,1453,604,843,1164,1288,1305
383,472,616,688,592,388,391,363,450,626,503,456,403,391,394,638
the americans are seen as naive malleable tools in the hands of the brits.
836,943,675,956,500,1057,683,764,1091,713,494,967,584,1034,508,745,671,1016,598,675,674,959,996,516,602,1012,969,510,1110,816,660,1024,1053,500,1191,1196,678,513,905,1196,677,1012,1176,1179,1199,1218,619,1017,1111,974,987,840,939,651,966,919,514,962,689,594,1007,1184,788,980,843,936,675,991,881,753,1106,854,608,1312
411,503,372,673,459,617,376,397,404,581,488,602,482,689,478,425,383,695,471,400,401,576,695,476,457,692,602,473,389,630,403,688,597,476,477,479,389,481,622,464,386,669,367,373,364,465,453,673,370,570,679,386,459,365,656,448,464,579,450,454,660,378,476,654,375,459,342,652,581,378,390,396,434,626
from time to time.
730,661,1159,1093,1035,800,1105,1083,625,1029,819,1192,1026,830,1119,1084,664,1364
550,445,437,618,715,420,418,616,395,688,409,390,676,404,377,599,375,710
he likes juice but he doesn't like milk.
919,627,998,1211,1124,1123,627,560,1024,1016,963,1107,690,625,1007,846,976,826,985,913,644,985,657,1189,621,566,919,1340,822,1012,1197,1099,1128,661,1015,1084,1094,1280,1151,1267
541,392,705,479,409,510,395,477,699,511,409,387,624,405,719,642,403,425,696,513,405,694,529,399,392,479,635,483,424,698,497,404,503,404,717,623,403,474,520,673
can you give me an example.
725,451,974,1013,935,1193,995,972,814,1118,797,628,1032,1060,639,1033,485,950,990,655,650,471,1107,1290,1204,665,1296
613,520,655,738,420,373,418,655,520,406,617,436,718,607,407,710,508,619,731,404,621,493,637,419,510,404,634
where are the t shirts.
are they coming this evening.
501,944,607,709,620,975,431,728,648,987,813,935,642,979,819,1002,580,929,1086,730,832,582,1266,1536,478,738,656,1023,813,953,654,923,1019,736,1202,1105,1124,979,882,997,837,952,1107,585,990,636,820,637,968,1077,947,862,1267
390,518,368,409,378,706,475,414,381,698,399,503,363,672,394,675,446,504,409,390,392,427,631,507,482,414,374,663,391,487,346,390,674,545,364,577,384,566,459,653,356,462,376,433,653,358,558,378,574,397,577,471,607
how many people.
925,1186,522,1061,1084,499,982,941,1014,1307,598,1174,1284,1202,617,1334
482,384,356,569,615,441,621,372,715,373,362,402,371,471,366,665
that's a good school.
800,924,469,817,1403,581,1002,454,983,798,1166,1152,611,978,539,703,892,1123,1136,1161,1300
390,499,431,390,468,444,672,462,675,492,360,366,445,658,440,571,473,363,369,467,619
he cried and trembled, sobbing, while they spoke, like the child he was.
913,639,990,718,737,1118,630,676,1012,491,949,660,994,837,724,639,1067,892,1205,652,662,1136,1038,577,1199,862,874,1122,1000,867,1149,1045,549,934,1096,1206,643,1010,822,924,641,923,976,556,1225,1140,1084,652,1117,980,1192,1107,1115,648,982,822,913,646,953,737,899,1058,1170,669,975,915,649,987,559,483,566,1325
546,371,700,608,414,429,380,495,674,471,606,487,693,386,389,376,587,596,476,361,457,618,702,456,402,597,598,405,578,507,587,688,367,503,396,467,378,676,388,497,367,391,679,469,372,377,475,369,584,709,462,383,491,381,662,397,494,370,655,560,485,384,465,454,673,486,372,695,354,464,464,616
a long time ago.
are there any concerts.
492,961,1186,1160,978,840,990,822,1109,1067,631,996,486,884,1208,1277,1556,491,747,663,991,824,933,665,748,679,1005,497,972,924,1002,747,1173,992,748,659,737,847,590,1376
496,693,504,395,597,500,706,400,397,618,402,677,477,507,394,609,486,468,408,378,676,410,484,380,400,373,661,464,580,407,659,559,376,575,596,387,378,392,440,610
that smells bad.
821,932,500,831,989,580,1037,665,1190,1187,587,1009,862,463,657,1291
406,518,451,410,658,464,597,384,476,475,440,670,584,492,482,617
i'm getting ready to go out.
i'll take that one also.
1091,1360,1113,1061,864,661,824,1257,828,1138,1019,876,778,678,501,703,937,1037,791,1208,1027,856,1214,1023,1195,1024,841,1255,1500,1103,1420,1261,1268,1039,821,509,1145,671,1033,854,952,537,865,1037,1219,1040,714,1066,559,1259,655,1245,1328
390,472,599,690,505,391,410,467,405,407,563,490,376,368,444,454,396,672,387,368,640,464,358,632,344,358,367,582,492,364,494,504,498,669,378,437,485,360,656,384,481,425,393,664,386,573,358,688,446,488,439,366,617
it's not suppose to rain today.
what school did you go to.
1160,859,1421,598,1081,1043,1214,890,1062,634,1059,1337,1328,1231,645,708,1043,885,1219,1029,738,486,1148,1044,1050,849,1219,684,509,980,1293,1528,576,946,494,851,1023,568,728,927,1190,1194,1192,1054,712,1111,705,1011,938,1190,1026,989,864,1204,1022,838,1197,1332
400,405,518,477,696,618,409,404,653,479,371,396,390,376,467,394,657,399,358,693,393,444,425,574,675,395,377,445,493,391,600,502,388,518,467,411,656,454,578,498,383,380,478,676,456,402,456,639,383,351,384,632,473,366,648,387,365,622
what time is it.
537,937,465,836,1016,819,1130,1099,663,1029,1148,614,1046,1152,850,1332
388,515,464,406,677,395,359,580,362,638,392,464,655,373,379,637
sarkozy has attempted to tone down his image, becoming more discreet about his private life.
can you help me.
556,457,714,1124,1192,520,928,1035,937,472,580,1003,481,832,833,669,1074,1310,849,659,682,1052,836,1218,1039,845,1219,996,683,1035,708,1212,562,982,982,958,1089,596,996,1118,1088,510,865,679,1192,1063,900,674,737,1216,1112,1151,1000,858,1004,1082,1202,777,694,1029,739,1131,619,753,786,709,691,884,1030,568,949,1189,1035,881,997,994,1131,655,1044,1302,767,1134,824,508,866,704,1004,1230,1130,792,681,1313,1498,766,522,968,996,951,1196,1008,979,971,689,1224,1331,1053,1116,698,1312
464,499,416,533,404,562,411,683,499,464,462,669,479,417,414,378,587,378,395,361,448,653,404,368,635,409,348,554,368,652,476,353,379,556,657,444,366,455,626,355,543,467,489,390,584,684,593,407,595,373,544,382,543,521,641,572,366,387,360,649,473,364,465,564,368,352,348,403,642,449,595,332,347,371,625,504,380,459,634,347,361,351,566,472,377,329,695,471,355,487,376,624,470,601,494,621,698,399,348,370,621,498,358,464,364,661,582,359,622
in other words it never reaches the zenith, a point directly overhead.
1091,1007,1025,1204,826,949,657,756,999,551,1220,757,673,592,1010,1104,823,1010,961,665,798,652,757,1028,753,669,498,723,950,666,596,1019,832,926,972,1001,574,711,974,1100,837,926,1113,1006,520,997,1294,1199,1117,1000,843,1016,713,1135,779,661,708,858,1257,982,1042,1231,848,669,750,955,679,504,709,1332
417,626,714,409,412,494,379,399,656,388,360,412,445,493,660,384,387,634,576,399,606,400,406,674,408,393,458,591,483,393,462,655,406,474,629,777,619,418,632,418,416,472,578,689,476,677,382,372,363,581,415,677,502,382,384,377,596,420,476,410,665,367,628,402,400,527,395,474,502,673
how long have you worked here.
935,1148,547,995,1174,1150,964,846,994,919,492,802,656,1015,936,1200,1016,968,549,1198,765,1107,682,710,1027,945,674,760,680,1388
512,388,392,661,488,370,564,503,657,483,478,637,441,681,411,365,379,632,388,365,405,467,375,464,676,476,386,404,377,684
she's pretty.
i'm not busy.
595,934,673,1363,605,1058,1303,757,667,885,872,964,1253,1496,1083,1360,1125,1037,1001,1173,819,1020,881,1022,573,888,1344
489,477,400,474,464,667,370,395,376,392,385,388,645,528,400,472,583,656,580,404,398,662,588,359,466,389,637
i'd like to send this to america.
about three hundred kilometers.
1130,1367,677,1016,1190,1107,1122,658,1005,833,1179,987,606,682,979,712,985,824,941,1091,609,1003,854,1190,988,539,1059,670,783,1101,747,541,1299,1527,526,891,1173,1011,843,988,859,944,776,687,685,1029,963,1016,988,720,785,692,714,1033,1137,1109,1227,1194,1071,683,855,682,766,601,1376
373,467,474,662,468,373,476,381,663,388,370,654,448,392,561,485,665,406,497,398,471,652,389,385,653,459,596,376,397,377,591,486,635,517,486,610,366,370,388,640,392,463,376,348,350,652,476,364,557,487,386,361,466,640,480,380,461,357,560,371,400,355,391,444,635
is that ok.
it's far from here.
1109,601,1006,830,935,516,832,994,1211,1097,1297,1521,1092,842,1366,600,994,778,506,754,979,809,800,1234,1123,1065,966,670,780,688,1320
388,450,637,383,465,437,395,633,331,446,629,502,372,405,465,457,635,486,482,409,654,482,400,367,547,651,449,375,397,371,620
that's too late.
835,972,498,830,1410,605,1055,843,1251,1230,1026,1229,509,861,693,1368
391,486,472,405,505,482,677,416,358,363,641,480,467,415,380,617
you're welcome.
941,1181,1014,1400,753,662,1024,545,650,1225,738,1191,1074,671,1295
409,352,354,468,386,357,663,377,383,449,601,392,560,372,607
i think you have too many clothes.
1112,1016,866,972,1109,996,1141,1062,1008,1212,1062,986,963,535,863,709,1062,886,1236,1221,1058,1104,572,990,999,1030,769,1237,1242,858,991,695,625,1393
370,626,406,466,361,533,449,649,397,340,363,626,457,447,583,393,650,378,352,353,630,535,443,543,371,668,603,493,364,360,457,337,424,664
how do i get to the american embassy.
966,1188,558,1028,712,1210,1019,1128,1019,866,676,865,1033,858,1229,1029,869,987,730,1007,555,1081,710,810,1112,763,579,973,994,704,1114,913,524,620,614,957,1348
496,378,378,637,481,353,611,348,617,520,385,399,643,400,344,625,407,427,352,673,454,595,375,383,356,547,455,559,655,361,626,588,480,438,444,385,661
the knaves lowered their weapons and shrank back cowering before him.
842,938,689,985,1130,963,464,793,630,574,1042,1243,1205,532,666,770,676,707,1039,827,953,661,1141,749,1025,566,660,483,1318,1214,1010,602,1028,494,999,682,1015,586,944,746,495,981,1101,1011,883,491,720,1099,1007,736,1165,595,677,792,1085,977,884,1000,919,696,818,1174,774,700,995,912,1091,1077,1291
400,511,361,693,483,632,482,630,426,491,721,529,407,407,416,428,392,484,680,414,507,382,389,407,676,397,405,482,369,371,549,462,676,488,562,487,662,474,488,404,465,590,472,672,607,485,599,463,677,615,372,369,396,392,386,553,494,645,609,381,491,371,385,361,624,452,371,560,604
please tell her john called.
1224,1140,658,452,550,641,1000,811,647,1176,1166,1004,907,650,740,996,991,1135,897,938,989,730,504,1179,1170,656,696,1310
401,492,386,466,470,394,655,412,374,441,443,670,480,385,399,649,470,367,455,543,677,588,494,461,458,374,486,628
do you feel better.
707,1165,1002,905,1152,994,959,770,654,654,1178,1028,893,612,842,843,649,743,1409
479,373,637,379,346,369,631,463,360,372,424,665,584,367,419,416,364,401,604
i'll give you a call.
1076,1371,1234,1225,1039,856,1092,827,640,1016,957,1188,1022,989,524,1015,747,519,1191,1193,1334
376,474,484,474,670,509,385,628,399,670,418,366,388,641,464,656,578,486,468,465,604
who won.
have you been to boston.
564,905,1117,958,549,1124,961,1257,1553,964,489,801,660,1005,886,1196,1016,966,898,655,653,985,1007,834,1214,1009,917,1188,619,848,1182,1000,1278
371,479,361,623,368,411,559,611,523,493,457,590,378,658,426,364,391,630,578,377,378,564,692,402,355,642,608,366,459,398,367,560,622
mean spirited chants and songs are also endemic in british soccer.
clearly he would not venture to descend while his enemy moved.
1035,670,485,928,949,588,1250,1093,779,1104,863,679,705,1022,765,956,521,974,847,625,1034,536,974,701,1012,608,1197,1007,886,615,1036,511,770,712,1024,533,1217,631,1201,1011,706,1000,726,718,1126,1147,781,1043,1123,998,1028,935,786,1160,866,1140,621,943,967,598,1238,766,771,688,801,1340,1554,756,1257,697,515,774,1257,975,1031,949,719,1020,582,1180,1016,1192,721,1017,987,1165,866,1029,858,688,986,890,1029,784,715,1032,868,1203,1001,730,682,598,774,698,1005,735,1022,582,925,1073,1210,707,1017,940,1071,635,997,693,950,694,1090,968,1040,1035,1162,855,707,741,1375
587,381,458,575,675,467,380,373,398,378,402,340,435,663,571,470,476,577,389,435,650,460,583,463,653,456,371,560,487,449,652,448,404,368,655,467,469,452,351,632,373,572,476,367,581,360,556,648,362,553,687,635,398,375,392,363,452,473,653,445,353,570,581,375,384,631,484,633,489,411,483,417,475,387,678,500,370,664,373,350,367,435,466,648,561,365,371,636,600,400,583,386,333,376,359,639,393,346,619,478,393,456,599,380,549,468,646,366,476,356,429,375,638,462,368,478,621,367,566,369,561,366,636,573,365,580,383,474,743
he's a very good student.
913,632,1309,556,1012,465,1005,795,615,744,978,1046,870,1205,1207,683,999,605,868,1016,693,681,975,896,1332
521,362,483,469,674,463,677,626,416,406,421,707,540,391,384,470,687,470,421,386,470,405,577,416,615
can you recommend a good restaurant.
709,439,959,995,925,1197,1015,971,712,624,717,1228,1103,1090,669,972,693,994,499,1020,848,1210,1205,682,1016,760,674,586,866,497,1050,766,502,990,865,1335
694,596,701,789,468,413,452,725,466,436,644,449,646,661,435,643,541,732,518,746,564,447,451,512,739,435,420,512,471,512,424,444,506,633,454,696
what did you do last night.
558,939,471,832,998,680,1107,662,1003,967,1197,1007,962,686,989,1026,1294,510,580,905,1035,1009,1166,871,964,895,1288
430,548,504,446,698,500,417,503,684,431,385,409,683,483,663,627,423,490,470,411,660,636,404,533,511,434,668
that's a good school.
823,924,467,824,1370,556,988,463,1004,849,1249,1232,648,1009,570,738,937,1204,1208,1235,1292
428,544,489,428,500,492,718,513,736,567,374,378,496,704,481,648,553,385,394,500,657
she turned toward him, her face troubled, her eyes most wistful.
542,902,632,952,827,1001,719,942,656,672,982,809,1162,529,437,709,664,954,881,1038,1025,1182,982,921,633,731,941,753,459,712,637,965,837,719,1121,955,875,1163,655,694,1112,944,904,634,733,957,632,883,619,575,950,1011,1115,583,806,961,550,1044,556,821,750,936,1135,1260
532,557,460,693,454,406,443,625,418,516,703,450,425,414,499,429,493,692,538,425,618,642,724,540,414,430,712,558,519,677,472,741,495,452,415,441,690,500,439,546,646,733,537,427,450,698,423,452,402,485,712,664,435,513,462,693,423,424,512,442,568,406,466,632
here is your salad.
903,610,709,605,964,1078,554,987,903,1166,989,724,949,537,446,1179,449,646,1301
541,406,428,391,686,404,508,695,437,388,415,412,684,491,527,503,539,533,659
who are they.
547,886,1132,950,466,720,626,951,833,905,609,926,1304
384,519,368,685,505,434,396,682,405,498,377,416,656
which one is cheaper.
518,888,1022,677,868,882,1127,916,613,945,1035,527,947,676,848,610,437,1244,620,721,1335
416,531,420,635,522,690,406,597,408,689,405,492,672,629,518,427,505,410,414,424,673
i thought he said something else.
1083,981,823,924,1156,990,837,932,843,961,917,625,951,556,468,1094,642,973,557,1140,1026,628,815,910,1043,930,843,926,628,1146,570,645,1375
402,669,428,503,383,389,513,494,398,660,500,378,672,464,484,390,488,650,469,355,586,392,416,477,390,566,502,654,369,478,476,391,652
will you take me home.
513,1068,1167,1167,981,887,1131,962,936,779,452,1110,644,988,1045,656,1002,926,1135,1076,656,1342
393,407,449,456,655,406,359,397,655,403,448,503,375,707,610,397,679,475,389,585,380,656
one person said it looks like a big lime sherbet ice cream cone.
1185,1013,620,1015,1302,622,721,566,1177,978,987,545,455,1107,682,1001,1091,811,991,1197,1186,1186,1104,573,1002,1207,1087,1119,650,992,505,977,888,1093,870,1000,1175,1081,1072,641,964,580,914,635,739,862,618,827,990,1072,716,649,994,721,765,676,486,1024,993,712,1160,939,657,1239
405,569,392,679,410,386,405,468,402,582,687,462,504,380,510,649,383,406,658,459,355,354,458,458,661,448,368,484,394,676,487,685,620,383,496,656,467,365,564,393,665,479,480,368,391,597,378,403,628,366,598,386,639,588,418,409,479,563,673,597,378,556,364,585
that's a good school.
800,910,466,802,1334,553,947,463,970,819,1152,1148,648,949,540,700,875,1096,1110,1121,1350
411,518,462,420,474,479,673,483,690,521,369,366,469,643,474,614,475,365,365,455,656
i've never done that.
1074,1331,783,606,955,987,632,794,614,713,990,663,1166,966,655,966,805,915,501,820,1256
404,487,655,411,728,647,420,613,419,445,726,512,411,622,414,709,446,504,468,454,631
behind the bank.
have you done this before.
862,622,919,1072,975,664,1000,833,929,660,949,881,499,940,1061,1227,1469,919,484,788,665,996,912,1159,997,959,682,1184,961,663,980,825,921,1056,597,982,860,630,783,1194,732,666,1364
658,431,537,428,617,505,701,407,512,364,694,617,499,623,516,629,503,539,463,629,436,715,445,390,419,674,499,391,609,390,684,414,492,409,463,690,611,409,505,406,419,386,641
would you like some wine.
do you have anything cheaper.
519,1111,985,1133,656,965,917,1125,976,954,1155,1054,1079,641,973,585,1147,1027,662,952,518,1020,904,644,1242,1460,683,1130,987,899,1136,967,930,929,463,794,653,1002,454,925,919,772,893,1039,927,835,951,711,887,636,439,1229,633,733,1303
390,421,409,463,474,692,411,384,406,676,448,394,499,397,695,473,392,581,400,666,385,379,563,401,620,480,525,417,678,428,388,406,675,526,497,653,398,724,481,618,425,399,522,419,602,525,717,625,502,418,508,403,401,414,633
i need another key.
1091,994,961,662,653,683,1001,509,991,1187,842,921,673,762,987,1094,659,931,1330
420,675,637,393,394,492,712,484,618,404,406,520,359,381,698,473,365,402,651
is the bank far.
1093,564,991,792,912,624,925,842,442,907,1047,946,733,463,714,1339
409,498,648,393,474,351,670,606,503,625,489,707,511,495,415,652
where is he.
where are you.
558,940,639,725,642,992,1099,581,984,917,622,1218,1479,510,924,625,723,613,941,454,685,611,962,866,1131,938,1242
385,519,388,414,378,674,417,497,671,507,378,646,506,400,514,391,413,373,701,478,405,366,700,408,353,381,638
is it suppose to rain tomorrow.
1089,562,982,1098,808,970,580,974,1249,1241,1158,572,650,978,810,1160,964,707,471,1024,910,940,805,1123,997,1118,715,711,1114,522,1204
398,486,654,388,382,653,491,394,375,382,357,454,385,672,388,365,646,402,449,359,552,682,412,347,591,364,392,407,364,384,618
i'd like to make a reservation.
1068,1315,646,1001,1203,1078,1101,621,992,798,1162,982,1036,465,1070,657,999,486,1012,745,673,565,633,769,816,490,838,1075,1153,948,1362
393,483,495,687,492,400,502,400,686,406,378,668,589,465,464,380,656,468,667,397,373,451,390,379,582,484,392,362,327,546,623
that's alright.
811,930,490,811,1416,590,1023,514,1211,733,1089,842,927,822,1288
394,469,438,389,457,437,651,466,483,386,387,484,482,376,645
here is your salad.
932,644,725,637,1008,1133,552,996,915,1170,983,711,973,543,429,1206,437,637,1355
501,377,391,356,638,353,470,644,391,339,373,387,648,454,488,519,501,497,666
in other words it never reaches the zenith, a point directly overhead.
1090,1009,1012,1199,815,943,617,732,945,520,1192,700,670,587,983,1113,826,972,919,641,791,638,723,1028,733,660,486,720,940,648,587,1003,801,900,638,961,544,648,950,1055,798,888,1057,971,499,987,1245,1150,1054,985,821,964,693,1071,735,643,712,828,1169,916,975,1149,820,625,736,884,646,473,671,1269
400,627,713,383,396,507,351,385,715,352,371,372,464,468,673,360,357,649,584,368,587,378,371,655,370,359,436,583,450,361,433,633,377,446,350,705,549,367,597,405,389,483,586,662,444,648,340,334,340,543,345,646,469,334,361,357,526,368,398,358,623,312,560,360,361,461,339,428,450,600
the king also has tried to appease public anger over corruption.
816,910,625,947,1096,1069,964,842,999,512,1181,584,1167,973,902,492,585,1015,843,749,1092,663,679,1008,809,1173,989,513,1288,1274,673,506,592,657,1004,1289,1037,924,1242,1113,767,1003,527,962,873,701,770,1019,1187,844,685,770,1001,738,1168,775,785,997,1255,861,1092,1165,961,1318
369,497,338,646,492,369,590,476,679,467,473,454,375,670,493,476,455,656,396,371,409,357,455,645,378,364,637,451,363,358,385,445,451,390,635,361,364,616,427,349,586,663,470,550,517,368,373,624,327,602,381,381,650,579,340,388,395,367,347,392,332,326,555,596
when do we leave.
no problem.
546,937,655,963,985,684,1179,980,553,639,998,1211,678,513,817,663,1333,1561,984,1144,1008,1279,711,1162,863,1163,626,995,1285
356,464,358,543,657,441,308,613,335,361,619,483,366,445,577,361,622,458,601,377,659,344,368,332,611,445,347,590,611
are you going to take a plane or train.
444,689,603,974,906,1152,964,961,835,1155,1081,976,835,991,822,1162,969,827,526,1094,695,1007,529,1000,1294,1218,517,981,684,1025,1204,754,1021,840,737,535,1069,963,1273
465,395,360,640,379,324,349,625,480,324,328,531,471,643,368,327,631,375,428,439,345,637,421,619,320,454,445,568,351,620,339,353,617,356,344,416,331,518,579
what's the phone number.
when does it arrive.
529,912,459,809,1391,581,991,808,927,654,982,1265,956,1141,975,666,984,956,979,1033,898,645,744,1290,1595,519,943,625,971,998,670,1177,615,555,1012,1105,797,976,469,727,734,1083,807,645,1326
347,482,442,347,413,442,615,351,437,324,598,339,445,331,521,328,630,540,325,520,562,342,360,587,484,335,502,337,588,657,440,358,348,429,632,369,367,635,435,381,379,358,578,364,654
do you like to watch tv.
681,1171,1001,914,1150,994,958,1161,1069,1077,647,983,819,1143,958,556,487,842,735,901,929,855,785,1272
469,367,630,393,325,354,627,410,345,466,352,640,371,347,614,345,422,375,517,451,653,368,560,612
please write it down.
1210,1155,660,481,561,641,989,540,724,1106,810,653,980,1046,827,984,692,1152,532,970,1288
373,482,366,442,411,359,620,333,345,338,361,319,612,359,352,599,439,311,344,508,542
do you know how much it costs.
689,1174,1004,909,1165,1008,955,1078,985,1164,527,989,916,1152,520,1001,1033,982,693,885,937,1038,812,965,682,1147,547,798,554,1299
518,402,666,382,356,383,644,520,630,440,378,683,506,391,385,686,567,365,564,456,639,352,363,638,569,340,440,387,404,628
do you go to florida often.
698,1150,980,940,1151,984,932,809,1168,977,799,1141,944,738,1113,1115,723,1069,692,484,1026,1186,756,825,641,912,1268
484,369,641,369,331,351,647,481,347,638,364,330,632,476,462,334,373,432,504,474,673,388,481,375,353,625,665
go straight ahead.
i went to the supermarket, and then to the computer store.
780,1152,959,532,802,684,442,1020,799,881,784,945,469,876,666,469,663,1243,1470,1076,978,522,616,925,789,975,790,1161,980,804,890,648,926,546,957,1239,656,743,1014,494,747,1087,635,827,1151,990,476,957,648,964,805,926,638,936,954,806,1152,962,832,938,675,981,725,1171,1086,1268,982,845,661,738,990,569,843,1178,734,643,1244
495,373,675,463,401,380,449,364,475,476,385,674,453,486,366,451,480,600,465,397,653,385,397,565,394,691,391,369,652,402,459,353,646,435,371,380,357,386,602,457,406,476,356,398,613,712,451,596,463,686,387,446,358,583,689,387,349,645,378,512,365,688,580,349,586,356,335,390,356,390,663,469,417,348,400,364,646
at what time.
436,786,955,498,893,433,811,975,785,1036,1024,624,1246
473,422,679,389,492,469,395,674,397,342,590,360,649
open the window.
1122,1271,609,946,956,778,892,614,949,513,1037,921,670,1144,520,1250
409,394,383,578,676,393,472,352,664,370,371,569,491,377,370,685
where can i buy tickets.
546,956,656,760,664,983,717,474,958,1007,1147,1018,871,1002,926,982,819,1084,693,1102,620,823,541,1262
375,485,376,404,373,689,592,486,645,707,398,670,597,384,386,694,405,371,579,493,354,392,445,641
john is going on vacation tomorrow.
1015,1199,920,959,999,1139,544,1000,801,1188,1094,986,853,977,1169,962,981,785,465,704,460,817,1069,1150,966,987,820,1159,1026,1147,727,734,1137,542,1184
502,406,505,629,709,378,499,694,540,373,391,623,543,716,393,587,709,613,517,661,544,452,416,375,587,711,437,365,575,390,426,424,382,394,604
how do you spell it.
918,1145,543,987,660,992,931,950,1151,1001,956,532,1268,639,1264,1264,1019,1135,856,1278
512,407,405,658,492,658,432,435,404,435,698,503,424,415,491,500,706,410,412,658
what's wrong.
nothing else.
556,935,462,836,1336,610,1004,559,750,1200,997,872,1271,1483,987,1154,841,940,1079,986,875,998,672,1205,618,697,1275
409,519,513,428,512,495,692,434,437,383,602,520,644,511,636,426,441,505,405,599,534,698,397,483,507,419,645
have you seen this movie.
it's over there.
918,478,798,643,1000,953,1182,1014,969,573,650,640,986,1008,847,950,1075,590,1001,1033,1185,817,1081,667,1262,1518,1100,845,1361,607,1021,1189,841,689,791,1007,879,941,698,780,682,1353
499,478,637,438,689,428,365,394,670,483,404,401,559,675,407,459,385,453,655,567,392,597,386,387,651,516,427,431,492,485,664,383,629,403,410,680,423,487,377,408,376,644
be quiet.
the roads are slippery.
908,666,984,476,1006,1073,682,843,1315,1541,825,942,670,982,751,1190,506,678,559,988,490,753,675,1003,579,1205,1114,1303,1296,664,761,975,1259
633,441,705,420,409,387,390,427,625,513,440,510,395,671,423,379,482,500,485,683,513,432,406,672,500,486,406,403,405,393,405,409,669
what will the weather be like tomorrow.
523,929,451,785,989,520,1097,1190,1188,1009,867,984,718,1001,569,688,509,881,973,695,788,1038,944,725,989,1190,1129,1131,716,997,883,1190,1074,1176,805,809,1176,614,1277
394,525,496,434,672,392,404,455,466,694,432,520,378,699,386,410,468,435,470,369,396,650,602,394,717,501,407,495,387,683,424,391,574,389,420,424,371,374,657
what color is that car.
this is my mother.
594,943,511,863,1006,727,1239,1233,1235,758,1059,1122,585,1059,856,998,535,851,1018,742,534,769,1277,1451,854,974,1095,617,994,1099,622,994,1072,951,1032,1057,1171,843,935,667,767,1222
388,512,469,437,676,574,354,492,383,402,632,373,447,620,406,443,433,403,631,560,471,388,615,467,407,492,389,458,660,387,469,647,577,387,665,578,391,401,447,354,386,635
what does this word mean.
only a smattering of fans remained for all four ghastly quarters.
563,941,502,839,987,653,1183,631,557,1000,807,922,1040,580,981,548,1188,736,736,971,1094,680,506,959,1238,1471,1150,988,1161,941,1006,513,988,600,1073,508,872,865,697,775,1096,978,907,1006,1189,802,986,800,515,943,618,997,778,695,1047,531,1073,964,686,698,987,790,1152,978,529,525,1219,1212,1039,823,1206,1054,774,1026,911,1037,550,636,883,1227,960,1049,550,1016,543,815,886,713,796,624,1337
401,487,459,420,661,500,368,400,469,633,389,445,366,467,650,372,359,396,520,705,603,419,475,623,643,506,406,602,505,412,669,474,671,466,589,503,427,428,383,406,371,559,487,654,387,502,656,488,489,596,484,661,415,383,595,483,386,567,401,474,648,465,365,641,477,483,424,426,654,503,346,371,387,642,515,443,473,453,396,449,399,628,378,348,492,390,390,352,384,433,620
will you call me a taxi please.
562,1086,1180,1188,1007,946,1181,1026,971,726,497,1152,1154,1019,1055,684,1003,505,998,832,505,659,1091,1002,1271,1173,682,528,618,700,1303
363,441,429,443,685,412,351,393,661,571,489,502,493,698,598,399,685,484,687,404,445,550,359,651,343,487,397,483,483,407,639
the book is behind the table.
840,941,672,987,888,1230,1133,1033,1114,1087,625,969,894,669,933,1084,990,721,983,863,939,692,956,832,503,909,1167,675,1205
422,488,374,665,589,353,476,680,353,383,487,649,593,386,512,410,584,502,691,418,502,384,693,409,450,607,462,380,602
there's a restaurant over there, but i don't think it's very good.
831,920,669,750,671,1362,614,1021,485,1027,737,647,562,824,510,999,744,527,958,846,986,1178,831,652,753,997,848,911,669,768,659,1152,1001,881,1001,840,990,1099,995,703,1166,962,1300,994,845,846,965,1094,990,1188,1016,1107,864,1367,624,1004,834,669,756,1020,1025,872,1170,1174,718,1263
444,521,402,426,401,506,517,707,511,708,466,442,525,462,505,392,432,497,584,443,661,378,635,417,421,678,429,482,409,431,410,596,692,646,380,412,654,390,639,504,355,574,473,674,428,422,508,423,589,497,696,425,433,503,506,704,654,453,450,439,695,513,415,410,486,637
do you understand.
699,981,940,1149,988,947,1009,990,726,686,780,612,610,867,529,977,715,1305
518,689,449,392,429,693,423,631,554,444,445,484,503,454,503,619,525,685
it's seventeen dollars.
that's a good school.
1061,830,1288,604,1003,582,653,802,674,987,839,674,659,975,994,687,1178,1171,1170,503,747,600,1243,1422,839,938,524,840,1346,611,1006,514,1009,861,1178,1166,719,978,608,734,910,1122,1141,1214,1332
416,449,508,530,696,531,453,631,436,614,442,406,408,579,694,523,374,473,485,495,445,484,612,472,451,541,507,455,512,529,702,540,674,544,391,436,537,676,511,613,517,408,408,520,705
what time do you go to work everyday.
584,942,512,852,994,847,1110,1086,702,1013,717,1206,1020,939,1178,1009,976,876,1195,1012,847,1180,995,569,1172,762,1069,998,670,807,659,753,973,704,538,978,1247
428,534,505,455,695,462,390,609,409,691,502,390,664,441,379,408,658,520,384,656,410,368,653,417,362,431,487,666,421,617,442,435,430,505,526,458,659
he never gives me anything.
928,685,955,945,645,808,644,730,1009,847,1091,775,648,598,1050,1056,689,984,520,1025,950,805,980,1082,971,885,1254
522,426,695,613,426,609,435,436,710,546,402,665,471,528,711,608,439,728,508,633,467,434,555,480,652,546,715
you have a very nice car.
943,1145,1015,956,923,462,798,656,934,475,971,816,658,747,979,1006,982,1088,740,666,987,732,504,763,1269
454,388,407,680,530,506,645,455,712,530,694,671,471,464,476,739,631,435,648,450,752,656,530,464,677
i want to send this package to the united states.
1075,982,554,478,964,821,993,852,1202,1001,615,706,968,709,979,854,952,1060,624,974,1243,500,731,1054,499,852,669,980,846,969,847,873,983,715,1000,1050,1026,1146,872,700,728,986,596,871,531,870,694,628,1303
457,720,449,539,644,481,753,486,431,733,549,466,623,545,723,471,527,456,522,718,447,534,658,539,534,588,455,724,468,709,466,445,529,404,715,433,660,448,469,424,524,736,503,476,522,474,424,521,656
are you sure.
are you going to help her.
496,782,697,1005,965,1160,1013,974,649,1002,776,696,1236,1486,501,738,661,986,940,1129,999,949,860,1158,1084,971,869,980,844,1146,979,974,700,1182,1310,1032,949,682,785,1247
542,496,449,710,480,426,467,712,544,459,461,425,671,527,535,481,442,709,466,391,433,685,553,389,419,606,563,729,449,421,724,559,427,532,423,712,544,429,445,664
go straight ahead.
where is an atm.
863,1148,970,570,846,724,494,1068,862,935,852,980,509,915,707,527,717,1287,1446,580,949,708,806,723,1010,1090,609,989,494,979,990,537,839,1077,1274
562,432,730,520,492,462,530,427,538,541,462,705,525,544,444,524,537,659,526,444,530,444,470,436,673,474,537,727,546,616,736,508,450,644,686
it's delicious.
take me downtown.
1087,840,1303,612,1003,715,673,1199,1095,727,1096,1163,989,623,1190,1398,843,505,1109,707,1010,1066,698,977,784,1188,604,1003,879,1185,612,986,1339
431,465,501,525,705,544,464,502,413,650,430,411,409,559,663,509,464,525,531,448,713,637,445,718,540,444,419,654,450,430,421,654,690
i only have five dollars.
you have a very nice car.
1090,1020,1224,1009,1230,982,1070,969,547,872,726,1044,833,1111,872,710,1022,752,1204,1199,1193,551,794,644,1305,1512,960,1174,1032,981,941,516,836,692,1041,526,1051,857,672,778,992,1018,1000,1107,755,685,1006,766,510,767,1283
443,686,417,615,513,432,695,518,493,638,462,698,507,425,652,438,705,540,391,488,511,504,460,481,627,501,469,395,421,686,522,507,620,435,698,508,641,641,439,442,445,727,640,446,617,425,713,631,527,423,627
they're the same.
835,956,693,971,1370,770,683,1031,868,977,680,989,632,517,1060,710,1197
434,534,420,454,507,431,413,697,449,514,413,693,489,518,674,438,678
that's fine.
862,966,539,864,1337,612,1004,833,1144,994,709,1257
465,556,498,463,526,506,737,553,418,613,429,643
are you comfortable.
512,758,683,1002,952,1174,1000,970,753,1176,1064,817,1204,768,871,543,911,1199,710,1313
509,452,420,701,433,371,421,661,597,376,581,516,385,421,421,485,617,463,424,636
