can you hold this for me.
please take me to this address.
967,702,1303,1251,1086,1506,1326,1234,1212,1508,1495,919,1240,1040,1209,1379,826,1203,1037,1453,981,1242,1367,880,1503,1598,1597,1464,883,688,817,880,1260,1016,690,1411,866,1264,1365,873,1257,1034,1468,1257,1025,1225,1401,820,1244,699,907,904,964,869,817,819,1473
708,601,731,853,565,545,560,848,698,544,661,598,843,537,676,549,599,865,628,536,518,872,733,494,765,588,536,683,494,583,569,485,841,525,596,619,496,853,719,494,854,528,538,850,530,682,558,550,869,592,566,564,505,478,551,552,809
there's plenty of time.
a little.
1038,1254,883,961,872,1632,816,1282,1555,1472,879,1297,1039,1300,1232,1432,1055,1254,1059,1370,1340,905,1494,1583,730,1263,1496,1413,1416,1038,1504,897,1510
526,664,488,503,490,668,557,835,578,700,484,777,527,555,875,550,618,874,539,561,762,503,756,577,591,873,656,567,576,544,650,511,780
tell him that i need to talk to him.
1065,905,1485,1481,1275,1233,1410,1382,1277,1036,1288,719,1036,1253,1421,1258,1299,903,895,931,1272,1054,1461,1272,1049,721,1505,1416,1279,1032,1466,1259,1238,1397,1366,1515
548,494,660,665,854,694,556,762,860,540,651,597,541,880,560,881,773,481,472,564,874,537,568,861,540,586,645,676,862,536,544,877,716,557,773,809
i'm twenty six years old.
1431,1645,1464,1288,1045,829,896,1294,1045,1149,1238,843,1394,787,1236,1067,900,700,950,828,1249,1418,1476,922,1531
528,605,737,858,528,497,473,733,523,524,857,559,540,744,898,553,492,582,517,559,898,562,699,588,816
you speak english very well.
1089,1500,1326,1261,848,1602,905,738,1441,1280,911,1296,1093,1519,1400,859,1246,1266,1132,953,1022,1173,1256,860,938,1525,1532,1510
563,562,593,889,618,573,522,613,682,876,501,810,616,694,579,588,690,910,733,521,536,547,922,524,503,651,657,816
can you show me.
1036,775,1363,1309,1135,1536,1376,1292,892,1278,1514,880,1296,1476,948,1568
727,620,752,876,593,583,608,885,608,727,600,525,900,769,512,794
do you know where my glasses are.
i've never seen that before.
962,1500,1281,1123,1340,1277,1249,1432,1292,1494,862,1262,865,1245,936,998,924,1382,1431,1133,1276,1126,1465,767,870,867,935,868,1287,758,996,907,1498,1586,1423,1519,1071,885,1304,1337,945,1106,954,1023,1308,859,924,922,1313,1311,1084,744,1084,1304,1185,911,1106,1052,1481,1000,903,1487
615,546,860,584,602,883,932,677,810,604,520,913,526,717,524,535,518,827,788,548,911,658,702,628,606,624,525,579,918,618,538,510,845,632,580,635,753,532,893,773,519,713,516,538,905,588,501,505,781,918,548,615,551,919,841,485,655,628,517,523,502,818
have you eaten yet.
1289,713,1113,936,1274,1124,1470,1303,1260,936,734,1127,923,1306,1294,1134,930,1193,1512
680,619,735,515,907,577,569,594,886,515,623,565,502,817,928,561,492,555,835
yet fox needed all the strength that he could muster.
1164,912,1109,1257,1069,1480,911,1274,1320,918,923,942,909,936,1216,756,1461,1476,1250,1084,1246,923,1239,852,1114,1015,912,1321,1135,1089,1260,1258,1085,1272,740,1084,1248,1256,918,1255,1039,1510,1313,1525,964,1269,1362,1321,874,1116,910,1002,1499
557,472,525,894,628,574,756,909,795,506,503,625,477,619,896,624,649,664,897,548,683,511,910,598,553,518,494,838,633,524,673,911,537,689,609,526,932,703,502,930,750,585,602,680,664,913,826,573,601,556,514,522,824
who sent this letter.
803,1243,1503,1254,820,887,1315,1065,1262,1053,1228,1405,831,1260,1467,885,1079,1077,876,975,1484
500,666,545,863,608,478,809,519,881,529,686,565,595,885,680,486,522,529,488,514,818
it's far from here.
what's this.
1400,1068,1549,847,1223,1041,720,1008,1233,1053,986,1441,1347,1250,1227,926,1001,911,1493,1549,848,741,1105,1614,1507,849,1257,1069,1238,1393,832,1488
527,525,710,618,875,590,610,483,928,656,500,579,781,917,710,512,512,493,800,630,503,592,527,665,653,597,903,522,706,576,587,818
here it is.
1292,901,976,887,1252,1454,1061,1246,1438,843,1512
676,498,519,498,866,531,528,859,539,573,817
i'm tired.
where is he.
1405,1476,1402,1276,1075,1417,978,895,949,1538,1547,933,1311,954,1026,937,1239,1378,858,1254,1236,912,1536
527,656,788,878,543,545,521,497,608,795,624,515,648,493,526,495,897,561,583,889,701,500,814
just a moment.
1369,1337,840,1061,1261,737,1274,1355,1485,1373,909,1288,1118,1532
652,541,595,538,875,605,877,800,582,796,512,788,556,837
can you call back later.
1028,730,1321,1296,1091,1522,1357,1256,1025,751,1492,1491,1285,1278,927,1042,1427,1296,1517,733,1097,904,989,1476
721,592,726,873,574,565,586,813,701,596,594,608,872,759,513,733,606,865,619,586,551,499,520,801
where did you learn it.
is it ready.
852,1298,929,989,909,1274,951,1417,947,1275,1139,1515,1324,1277,1519,958,761,1029,1310,1289,1389,1101,1528,1623,1434,880,1272,1442,1015,1257,978,904,726,919,1163,1490
507,691,503,530,502,888,606,564,592,878,575,577,619,890,702,520,594,535,807,912,585,549,824,624,575,584,884,543,520,905,519,512,600,601,560,807
can you translate this for me.
1027,744,1342,1303,1145,1539,1352,1295,1143,1036,764,1334,867,1518,773,1128,938,1308,1066,1273,1438,880,1231,1057,1467,1045,1276,1367,935,1543
750,618,788,903,588,594,616,906,598,549,626,836,611,719,618,573,516,908,546,729,596,606,936,665,572,553,912,786,540,804
i think those shoes are very good looking.
my father is a lawyer.
1415,1256,1102,1220,1453,1307,1428,1293,1102,1249,1473,877,942,1255,872,1316,1513,931,873,1279,777,1003,924,1275,1116,967,1040,1252,1225,1152,1460,1454,983,1261,1494,1480,1477,1427,1401,1295,1159,1498,1588,1426,1190,1238,1084,740,1129,1289,969,1054,1234,1406,900,1237,745,1238,1498,765,859,1151,960,1047,1488
522,882,568,709,574,809,712,887,565,725,581,622,532,878,617,750,607,540,600,885,619,536,527,899,792,538,556,567,930,698,528,529,616,889,676,558,564,695,584,809,676,835,633,838,594,906,634,639,594,678,555,577,899,587,611,897,633,900,684,637,520,613,540,570,824
how much is this.
1256,1537,895,1291,1399,1359,1057,1303,1277,1432,917,1283,1114,1261,1448,911,1539
715,563,527,870,815,577,792,633,870,536,644,874,590,689,560,623,805
do you have the number for a taxi.
1023,1555,1308,1178,1555,1378,1302,1284,791,1167,956,1271,1169,1298,1006,1242,1308,1385,1407,1285,1000,1072,1286,1141,1516,1073,1280,816,1277,1135,797,935,1457,1597
660,543,878,621,572,592,884,652,659,760,538,911,629,665,565,930,854,581,823,861,545,574,934,689,588,586,924,658,938,590,654,800,543,834
can you give me an example.
how much are these earrings.
1086,808,1398,1333,1179,1554,1377,1295,1183,1499,1202,997,1313,1434,1008,1335,824,1313,1330,1000,993,769,1411,1611,1534,963,1604,1646,1310,1595,914,1328,1434,1398,1061,1303,1318,818,1073,976,1333,1149,1318,990,913,984,1331,990,783,1141,1132,1480,1340,1220,916,1575
771,664,781,913,629,569,594,902,709,559,826,577,912,790,584,918,659,819,940,550,779,647,814,614,741,548,848,635,742,599,559,935,863,628,797,727,947,677,598,571,938,615,708,599,693,571,921,556,671,606,606,606,824,703,638,849
good evening sir.
1238,1556,1575,1020,1327,1001,1350,1003,1396,1487,1385,838,1260,959,1490,1114,1566
707,574,563,675,939,541,875,562,872,621,855,956,931,674,555,596,834
what are you two talking about.
will you hand me a towel please.
907,1359,795,1146,1329,790,1045,965,1330,1196,1566,1399,1328,1176,926,1538,1255,1126,822,1523,1454,1438,1356,1201,1319,834,1242,1520,1347,1180,1547,1634,909,1424,1550,1546,1337,1196,1558,1369,1229,1306,809,1308,1014,1295,1417,996,1310,815,1291,1141,1557,905,983,1544,1291,1596,1498,984,773,917,979,1552
568,671,661,607,908,651,577,554,901,635,596,617,915,627,583,615,932,598,665,673,705,554,795,694,907,664,829,578,608,621,822,691,554,604,719,737,914,638,601,631,957,650,654,833,640,911,792,537,916,658,918,590,582,541,529,690,918,614,722,531,642,635,537,874
how do you pronounce that.
do you have enough money.
1311,1565,894,1303,1025,1589,1324,1175,1597,1390,1320,1643,1077,1528,1301,1555,1349,1361,1122,994,1319,1149,1322,820,1144,1546,1688,1069,1550,1329,1166,1563,1363,1319,1312,817,1162,1009,1330,1015,1342,1566,1398,1190,1306,1330,1406,1547,1332,990,1167,1585
678,546,534,866,653,551,865,599,564,594,874,575,572,576,802,592,590,807,786,541,904,599,692,655,593,818,670,681,572,902,626,591,633,927,724,663,790,566,931,570,838,611,615,705,753,944,844,630,844,545,599,883
my name is john smith.
where did you learn english.
1465,1133,1252,1265,793,1443,957,1257,1416,895,1276,1360,1555,1249,1398,1295,907,1400,1425,1141,1259,1513,1665,897,1309,983,1052,964,1289,1017,1009,1293,1176,1566,1350,1292,1232,1459,980,807,1077,1272,1260,979,1285,1169,1486,1349,957,1281,1484
741,541,950,853,636,815,525,933,581,603,925,741,614,753,868,927,649,839,611,584,724,857,623,530,730,536,550,529,944,677,680,929,584,615,638,938,935,695,541,635,550,802,936,522,835,675,707,614,625,745,849
certainly.
thank you.
1112,1005,1089,1184,808,1416,1299,1540,1233,1533,1622,1087,1300,813,1275,1424,1287,1182,1513,1301,1477
805,556,573,595,661,547,783,648,584,825,611,524,639,628,809,653,914,605,584,628,839
my watch has been stolen.
1455,1224,1288,914,791,1161,1109,1297,1291,1326,820,935,1295,1298,1003,998,1392,1304,935,1107,1505,1536,995,1320,1534
777,539,894,553,644,589,773,716,909,691,657,665,908,866,561,558,823,927,637,564,580,734,537,846,850
are you hungry.
i can't hear you clearly.
812,1051,962,1300,1185,1564,1362,1298,1268,1343,1353,1192,1101,1247,1574,1650,1451,1311,1113,858,1381,1590,1151,1339,1309,1026,843,1106,1321,1187,1531,1367,1310,1103,1586,1039,847,1101,1576,1238,1606
648,558,531,898,594,573,609,923,771,608,855,706,571,620,841,652,577,916,796,635,810,721,578,896,744,566,634,572,923,599,601,627,939,799,712,601,640,585,755,607,856
i have pain in my arm.
1489,1324,1363,803,828,1173,1311,1615,803,1455,1309,1336,1497,1327,1329,1460,1233,1207,744,994,1368,845
579,943,685,625,928,808,913,575,626,577,822,908,569,792,919,816,580,916,625,560,781,628
can you do me a favor.
i went to the supermarket, and then to the computer store.
1050,771,1336,1271,1143,1551,1341,1266,1004,1498,1282,1398,962,1282,786,1295,1164,782,1140,1515,1039,1547,1621,1420,1276,880,954,1351,1184,1282,1141,1518,1283,1140,1288,983,1293,913,1371,1604,969,1047,1424,765,1046,1465,952,1151,1521,1316,803,1343,990,1128,1104,1319,958,1340,1312,1110,1509,1298,1110,1275,962,1299,1090,1498,1395,1613,1378,1128,944,1014,1291,894,1117,1525,1028,938,1581
761,638,752,859,601,544,582,874,665,551,870,772,526,874,636,890,657,627,769,534,550,779,618,556,906,527,514,805,595,895,580,563,897,582,693,527,920,635,592,569,536,563,809,621,545,677,502,574,779,908,631,774,629,569,558,637,516,794,910,553,524,904,563,697,519,928,771,563,791,594,585,543,487,520,897,570,542,543,524,504,793
open the door.
1470,1623,961,1347,1316,1123,1318,968,1302,1011,1529,1538,1054,1543
542,534,501,723,853,544,626,511,859,626,522,519,531,795
i live in california.
1514,1348,1615,1515,1174,1013,1361,1499,1385,1372,1096,815,1610,1502,1135,1608,1072,1399,1514,821,1609
485,849,607,506,752,503,848,518,764,863,747,620,612,528,640,516,533,777,542,638,810
they are here erecting a fine stone edifice for an episcopal church.
is there any mail for me.
1150,1347,994,1272,1310,822,1085,996,1325,1323,1001,1085,998,1318,1013,1073,1003,1077,1202,1497,1376,1250,1334,858,1329,1138,1489,1355,1033,1330,962,1194,1557,1348,1041,1338,1039,1072,1489,1166,1505,1146,1040,1324,1172,1563,1121,1333,870,1349,1033,1634,1477,979,1109,1596,1646,877,1572,1336,1132,1310,1395,1065,1143,1150,1338,1547,1609,1440,964,1308,1191,1318,1032,1102,1021,1301,838,1344,1287,1313,1416,859,1423,1549,1320,1150,1525,1147,1327,1417,1024,1538
559,684,504,573,900,620,547,519,895,713,502,543,518,898,515,537,515,763,572,574,802,683,903,626,903,664,578,835,536,908,605,560,589,828,532,901,505,653,588,658,591,820,521,933,678,585,547,911,627,916,524,605,611,617,755,582,620,629,726,910,755,725,635,540,550,774,705,823,659,586,624,895,581,687,550,558,538,908,624,845,603,930,831,638,613,692,894,668,510,547,893,796,516,837
do you sell medicine.
1077,1568,1302,1243,1591,1385,1318,961,1013,1567,1581,1347,1437,1019,1064,1482,1153,1510,1367,1047,1586
671,524,891,577,559,597,889,636,514,673,684,880,798,482,625,581,752,575,821,503,809
he's a very good student.
1275,1032,1627,970,1302,865,1296,1210,1033,1120,1300,1309,1186,1521,1531,1061,1316,969,1183,1397,1064,1023,1364,1206,1537
717,523,709,602,905,631,919,760,537,540,556,930,689,598,601,653,916,625,572,635,676,546,851,576,873
his coat of arms was emblazoned on the cover.
1299,1481,992,1336,1140,1558,879,1165,1331,1590,1152,1329,851,1099,1468,966,1356,956,828,971,1351,1024,1437,1295,1583,862,940,1558,1390,1023,1046,1372,1567,1381,1365,1186,1369,1039,1351,1160,1600,1234,1053,1138,1604
740,582,628,910,762,620,647,550,922,590,683,923,636,541,871,605,906,513,615,601,908,510,855,867,704,640,771,613,852,516,651,915,638,828,948,578,723,544,942,749,619,790,557,570,858
do you have anything cheaper.
have they met her yet.
1089,1574,1307,1269,1536,1366,1326,1371,900,1261,1097,1336,897,1313,1134,1096,1260,1419,1340,1261,1298,1134,1322,1049,849,1602,1026,1099,1544,1657,1320,836,1174,1022,1311,1213,1324,1006,1291,1313,1438,1018,1190,1318,1315,1038,1105,1313,1235,989,1098,1541
683,526,859,636,569,607,894,678,641,821,572,898,677,871,559,559,731,608,871,661,932,795,725,586,665,615,563,572,828,680,737,655,780,560,935,603,731,544,621,942,844,548,577,929,766,558,571,941,594,551,548,819
nothing else.
she turned toward him, her face troubled, her eyes most wistful.
1311,1556,1198,1283,1479,1341,1273,1313,1064,1504,994,1047,1542,1671,978,1328,1035,1321,1221,1417,1109,1382,1040,1067,1300,1181,1529,978,858,1098,1060,1310,1308,1428,1434,1521,1329,1332,1041,1113,1336,1144,868,1145,1044,1335,1223,1118,1551,1377,1228,1542,1067,1093,1477,1339,1311,1060,1122,1340,1039,1267,1062,997,1346,1406,1528,987,1215,1336,967,1436,984,1188,1020,994,1508,1541
865,607,571,726,598,852,661,951,533,681,616,532,834,683,650,731,541,945,594,633,558,857,574,685,905,570,549,541,633,549,623,895,735,581,805,800,913,699,541,554,902,644,652,762,542,926,581,562,609,633,799,694,555,666,825,947,749,543,563,935,540,584,530,627,947,845,641,617,575,943,540,627,645,559,666,525,719,863
where can i find a hospital.
866,1331,942,1008,925,1268,1070,782,1351,1295,1452,1293,1071,1466,1351,1005,1301,823,1296,1261,1516,920,1617,1414,1107,804,1518,1536
523,668,512,531,501,908,806,609,761,886,531,895,650,540,805,663,893,651,904,735,575,625,589,594,556,635,729,892
how's business.
1296,1552,907,1662,923,1303,1263,1380,934,1443,1347,988,924,925,1518
730,565,519,678,636,897,822,562,626,563,808,523,620,622,808
hordes of puzzled tourists, many with rolling suitcases attached, poured down the staircases.
1163,1585,1058,1028,989,936,1317,1554,1088,1323,1638,1375,955,972,1542,975,1024,1352,1156,1576,1394,1063,1490,924,1168,944,1478,1352,1421,840,1333,1220,1335,931,1438,1153,1298,1323,1048,1458,1500,1507,1423,1323,1208,1323,958,1364,1473,1128,1116,830,946,1022,949,1326,834,1162,1161,834,1067,1317,1012,1041,1460,1333,1586,1458,1295,1102,1007,1055,1309,1054,1508,942,1312,1317,1172,1293,1030,1304,962,1186,840,1431,1102,1108,839,954,1015,950,1571
682,556,549,644,523,623,885,563,638,872,582,609,863,867,636,520,665,899,600,578,602,592,578,664,610,636,802,914,821,665,819,610,955,558,615,602,737,964,593,621,753,753,612,833,684,967,683,651,630,590,808,658,679,571,637,949,656,595,598,661,765,754,543,659,825,944,614,632,671,598,549,693,950,693,619,585,847,955,599,746,568,970,640,598,642,644,578,811,652,672,566,646,838
does he like the school.
i want to ask you a question.
1055,1559,1013,962,1341,1308,1011,1323,1549,1434,1467,1012,1340,1173,1318,1017,1321,969,1099,1284,1528,1536,1543,1578,1649,1494,1338,971,854,1360,1194,1343,1185,1524,1328,874,973,1491,1350,1230,1376,1346,877,860,1311,843,1383,989,946,1159,1417,1508,1325,1556
691,580,575,657,903,704,550,929,722,618,730,570,912,593,713,561,933,662,798,777,601,752,750,839,673,603,938,597,663,872,591,943,610,615,950,674,635,723,951,612,688,967,666,663,932,541,618,530,590,577,619,604,800,786
where are the t shirts.
930,1323,1002,1077,1000,1291,802,1085,1316,1163,1153,1309,1017,1306,1165,1307,954,1303,1498,1067,1165,958,1539
537,691,528,543,524,915,618,540,897,567,559,666,534,896,560,906,667,711,568,537,557,612,810
i need another key.
where can i exchange u.s. dollars.
1483,1339,1370,1020,1008,1059,1366,864,1363,1574,1194,1340,1038,1118,1347,1516,1003,1238,1601,1664,962,1360,1032,1101,1019,1342,1109,859,1397,1353,1481,1341,1024,998,1076,1369,859,1370,1193,1009,1340,1435,1564,979,1574,1347,1080,1553,1577,1586,859,1093,963,1596
540,897,793,519,510,618,906,638,818,583,579,692,542,567,911,712,517,583,825,660,552,721,545,555,534,915,783,629,763,904,573,914,543,792,809,649,647,818,695,525,915,588,810,605,807,928,644,559,716,735,638,568,622,834
i'd like to go for a walk.
1503,1504,1056,1340,1528,1425,1453,1032,1344,1178,1537,1342,1209,1574,1342,1101,1543,1106,1343,876,1342,964,861,1578,1461,1567
521,636,662,911,685,596,721,577,909,590,563,899,710,555,902,703,577,577,916,645,882,550,614,647,667,807
i don't have a girlfriend.
1498,1365,1077,1541,1368,1591,1220,1381,1349,873,1213,1065,1372,874,1367,1190,1501,1144,1586,1101,1138,1514,1053,1385,1095,1587
526,874,646,544,784,622,580,890,695,653,732,540,905,639,899,684,574,578,711,684,577,575,536,826,652,827
they arrived yesterday.
i've never done that.
1222,1379,1044,1288,1371,868,1138,1145,1534,1188,1038,1080,1385,1216,1033,985,1199,1051,1123,1069,880,1315,1575,1708,1517,1643,1187,1058,1378,1415,1058,1213,1076,1163,1370,1117,1615,1410,1061,1380,1247,1389,881,1230,1607
595,686,521,615,923,655,592,597,575,829,531,672,894,595,538,626,587,544,570,655,657,602,849,690,599,714,817,567,931,796,555,829,556,588,942,690,584,836,549,932,601,713,638,593,857
where are you.
988,1392,1064,1137,1052,1374,871,1137,1047,1367,977,1617,1428,1595
543,692,543,570,542,904,635,563,535,913,540,583,635,828
they charge twenty seven dollars per day.
1220,1376,1058,1313,1361,1191,1374,902,1164,1234,1061,1368,1255,1003,1070,1411,1229,1300,1339,990,1048,1192,1053,1424,1375,1093,1574,1594,1593,841,1139,981,1361,1655,1045,1111,1070,1071,851,1243,1575
579,667,521,580,908,751,706,647,575,682,542,904,593,537,522,820,574,582,938,616,531,771,549,792,904,628,574,694,721,639,561,585,908,593,525,549,642,649,670,573,810
are you going to take a plane or train.
862,1101,1020,1372,1278,1604,1404,1363,1094,1588,1504,1406,1236,1389,1162,1588,1383,1173,866,1508,1058,1403,895,1389,1634,1575,885,1366,1043,1385,1566,1123,1386,1216,1121,864,1487,1364,1573
637,548,513,904,601,576,626,915,662,626,616,811,664,920,551,582,919,559,644,715,548,916,642,918,617,734,642,822,541,936,589,549,914,559,539,648,629,829,839
no, thank you.
1325,1589,1465,1371,1207,1356,876,1369,1510,1295,1194,1584,1362,1498
848,568,820,933,566,692,645,819,661,918,560,548,598,783
where did you work before you worked here.
what does this say.
968,1345,1035,1097,1020,1331,1088,1471,1075,1353,1230,1610,1403,1365,986,1558,1125,1502,1372,1297,1032,1171,1533,1123,1037,1369,1252,1578,1374,1354,985,1540,1128,1502,1053,1081,1365,1330,1054,1130,1045,1585,1683,985,1363,866,1255,1373,1084,1537,1058,993,1375,1221,1335,1497,1006,1376,1015,880,1306,1600
524,688,517,535,511,890,628,477,608,825,560,505,556,847,519,535,528,676,868,818,495,637,538,538,519,903,555,547,601,908,509,551,516,697,477,586,904,703,487,511,500,791,580,516,690,608,551,907,616,575,476,586,901,538,698,567,587,895,609,618,572,814
what time does it start.
i get off of work at six.
1031,1365,897,1252,1359,1238,1497,1471,1084,1377,1142,1584,1083,1032,1374,1498,1231,1373,1031,1158,886,1129,1179,1584,1725,1505,1402,1235,1075,1267,1387,1582,1299,1290,1397,1574,1294,1396,1017,1577,1175,1514,1412,916,1170,1406,1022,1517,1084,1631
518,644,590,534,894,538,563,748,492,876,607,542,485,591,890,576,523,889,573,501,597,485,501,825,653,580,858,627,498,534,900,547,616,618,894,542,626,894,494,546,504,666,887,606,502,892,559,570,728,817
the book is next to the table.
1233,1373,1084,1379,1270,1587,1594,1540,1397,1498,1039,1388,1399,1101,1073,1245,1402,1242,1586,1399,1251,1383,1096,1393,1241,903,1342,1610,1092,1636
546,674,516,913,769,559,565,683,911,570,609,920,813,489,752,544,901,552,547,916,557,716,530,940,550,616,857,672,520,832
i don't have a girlfriend.
1501,1370,1137,1613,1408,1703,1302,1410,1368,933,1273,1120,1397,956,1396,1147,1543,1186,1623,1198,1152,1515,1073,1404,1135,1607
584,941,664,572,853,657,563,918,753,627,738,538,954,640,957,635,604,563,704,666,540,592,499,817,644,823
would you ask him to call me back please.
1023,1596,1409,1617,1169,1386,1271,1611,1422,1380,954,1052,1576,1407,1371,1517,1528,1420,1251,1607,1419,1169,950,1637,1645,1440,1528,1103,1439,1297,949,1203,1554,1446,1678,1567,1077,902,1014,1082,1579
539,558,603,649,663,887,560,549,597,893,635,612,679,898,719,555,777,897,556,538,897,760,628,649,676,884,752,520,899,754,615,750,659,897,491,647,500,616,593,490,794
for a time, indeed, he had fancied that things were changed.
i only have five dollars.
1171,1593,1160,1409,931,1413,1231,1537,1498,1081,1570,1436,1527,1446,1127,1072,1074,1129,1513,1436,1387,1084,1428,1423,916,1111,1217,1153,830,1148,1346,1503,1044,1076,1348,1197,1358,841,1201,1353,1330,1516,1367,1371,1285,1020,1385,1005,1079,1144,1062,1385,1188,1399,887,1399,1272,1072,1104,1641,1704,1543,1394,1614,1404,1634,1306,1409,1369,892,1237,1093,1407,1199,1551,1248,1081,1400,1127,1580,1612,1614,914,1131,1025,1605
614,526,518,896,618,887,541,576,772,510,772,896,578,793,637,486,480,590,803,900,710,490,927,710,614,581,615,627,641,755,828,547,529,641,896,595,677,627,594,905,699,555,828,788,672,625,885,543,526,560,528,889,770,655,633,796,653,511,625,793,579,530,889,553,812,661,569,894,705,629,757,550,913,653,557,804,549,923,653,574,705,702,641,565,623,790
my name is john smith.
1464,1301,1410,1391,920,1488,1092,1428,1525,1042,1423,1456,1618,1268,1439,1444,1043,1520,1530,1210,1378,1626
791,559,921,801,642,798,568,944,603,615,932,724,608,657,782,924,629,810,596,580,730,812
i've been here for two days.
is it close.
1497,1654,1253,1084,1416,1395,1097,1093,1500,1435,1407,1115,1173,1092,1410,1223,1585,1151,1423,1026,1085,1591,1407,1129,901,1309,1053,1601,1672,1523,1049,1405,1544,1244,1382,1217,1561,1474,1047,1104,1600
544,657,794,545,889,767,556,547,779,923,699,550,577,541,892,647,522,562,889,546,528,538,913,625,636,592,644,817,624,563,654,917,568,595,880,764,626,559,658,566,794
is everything ok.
1519,1057,1378,1096,1284,1110,1185,1393,1299,1440,1542,1455,1327,1397,1612,1550,1624
553,659,898,559,780,559,589,729,614,725,571,808,674,899,547,725,819
how's the weather.
1345,1604,1027,1655,1041,1387,1240,1372,1103,1370,1033,1115,919,1277,1390,1104,1189,1625
713,559,562,684,672,908,586,690,562,924,548,546,643,594,691,535,570,829
can it be cheaper.
1172,910,1409,1389,1524,1254,1381,1332,1097,1406,1204,1412,1106,904,1675,1102,1174,1626
777,645,781,938,587,596,940,881,550,936,791,702,562,641,596,558,580,831
a long time ago.
outside the hotel.
946,1576,1580,1546,1428,1331,1408,1226,1516,1490,1114,1426,921,1300,1582,1644,1693,1629,1432,1253,1042,1526,1137,1103,1414,1272,1399,1116,1407,1358,1596,1260,1103,1600,1656
662,692,665,532,772,650,920,574,597,789,546,899,637,660,578,761,642,583,641,587,634,602,682,570,927,596,730,547,938,773,603,593,538,723,834
that looks great.
1276,1409,931,1287,1406,1625,1597,1599,1550,1076,1424,1322,1191,1107,934,1271,1637
600,710,634,595,935,753,612,616,729,640,923,687,558,531,645,581,847
can you help me.
1245,957,1485,1407,1337,1651,1476,1402,1377,1142,1653,1703,1444,1539,1138,1642
748,644,736,913,620,593,620,926,742,555,695,594,941,817,563,814
give me a call.
1304,1600,1295,1148,1444,1530,1154,1448,978,1448,1216,976,1630,1634,1699
678,565,797,551,928,764,562,917,646,927,771,641,696,704,837
turn right.
now or later.
1216,1530,1134,1446,1441,1198,1545,1309,1412,1256,1624,1692,1420,1647,1066,1426,1649,1214,1445,1657,951,1304,1121,1192,1594
564,584,546,794,926,558,584,702,722,577,826,639,805,589,539,928,584,567,912,673,632,588,546,564,815
he volunteered a modicum of advice, limited in quantity, but valuable.
1377,988,1323,1085,1591,1573,1384,1375,1211,1051,1046,1124,1037,1076,1340,873,1349,1425,1560,1075,1488,1124,1396,1478,1359,1574,1184,1349,904,1083,1222,1519,1116,1084,1532,1351,1601,1496,1465,1512,1226,1069,1092,1369,1511,1387,1376,870,1434,890,1371,1217,1497,1212,1347,1595,1383,1351,1487,1277,1361,1221,923,1611,1419,926,1293,1565,1091,1591
683,562,909,840,561,683,592,799,618,576,576,588,521,675,892,638,895,800,593,650,579,794,579,780,886,555,684,895,638,638,797,545,788,578,787,898,717,584,799,582,594,543,665,909,582,781,898,560,584,642,818,575,588,582,607,803,911,819,538,601,905,795,638,649,578,638,828,654,550,820
we have two boys and one girl.
970,1035,1281,1366,856,1213,1033,1300,1182,968,1511,1295,1251,1566,1238,963,1317,884,1352,1053,1321,1557,1355,1045,1326,1189,1504,1124,1604,1579
538,520,964,661,608,787,525,915,592,541,568,928,870,580,600,645,928,648,821,637,929,582,827,553,935,670,578,561,711,833
an honest, quiet laugh often mantled his pale earnest visage.
898,1359,1360,1340,1587,1352,1039,980,1167,1484,1352,839,1437,1534,1018,1196,1332,1583,853,1375,1236,1332,1326,1582,1083,1203,1046,1378,1350,1468,868,1373,1208,1548,1052,1069,1363,1329,1488,994,1356,1618,888,1559,1036,1370,1041,871,1097,1369,1027,960,1204,1377,1182,1515,1001,883,1257,1039,1585
639,805,913,710,557,836,507,573,545,804,916,506,569,562,511,562,883,656,617,565,665,678,910,539,664,567,519,774,901,777,601,796,556,676,486,604,889,692,554,613,897,576,616,673,513,905,508,610,528,802,503,584,555,906,749,561,620,614,631,511,807
where can i find a hospital.
now or later.
965,1382,1051,1126,1033,1364,1117,876,1411,1379,1495,1358,1153,1512,1405,1073,1375,898,1364,1340,1549,984,1672,1468,1163,857,1527,1580,1682,1358,1612,967,1363,881,1099,1376,1567,860,1240,1024,1109,1603
508,666,505,531,493,893,757,607,760,885,529,900,636,560,781,648,906,623,914,720,580,597,580,574,538,609,681,840,635,804,563,520,912,607,532,896,674,597,575,514,525,842
that looks great.
1204,1358,849,1213,1343,1557,1537,1551,1466,996,1346,1256,1131,1037,865,1215,1606
564,675,596,562,899,723,573,576,686,611,898,676,538,507,615,563,816
do you want to go to the movies.
1090,1591,1342,1269,1601,1402,1336,1015,895,1407,1237,1355,1226,1574,1350,1208,1617,1372,1219,1570,1353,1226,1334,1076,1359,1453,1591,1202,1489,1082,1010,1614
681,539,878,593,565,596,912,540,605,788,564,926,567,565,922,677,465,931,563,558,914,571,715,534,930,839,619,763,592,555,625,810
it's suppose to rain tomorrow.
1531,1195,1711,1009,1391,1002,1440,1675,1678,1568,1004,1072,1375,1223,1604,1381,1107,880,1528,1400,1406,1210,1601,1493,1595,1152,1146,1589,989,1623
546,545,677,631,902,631,576,559,576,570,632,546,893,573,547,884,543,619,574,795,929,553,558,805,594,555,551,574,540,818
do you know where she is.
1109,1632,1383,1246,1439,1381,1382,1523,1402,1629,990,1374,982,1387,1060,1131,1044,1374,991,1381,1054,1372,1504,1005,1612
665,532,886,573,593,895,915,621,774,547,518,917,547,634,519,531,518,897,665,671,501,911,574,622,797
you speak english very well.
1235,1639,1423,1371,1001,1673,1064,896,1534,1392,1065,1412,1269,1638,1484,1028,1340,1374,1282,1082,1164,1358,1342,1005,1054,1581,1581,1632
570,543,593,892,640,574,549,636,685,899,527,825,661,690,574,635,678,913,828,543,569,538,896,535,524,679,685,808
who are you looking for.
1007,1385,1627,1387,915,1144,1044,1413,1256,1664,1461,1396,1625,1625,1632,1562,1570,1448,1306,1415,1217,1625,1169,1658
533,705,560,921,628,541,503,886,567,556,592,909,633,504,518,630,502,708,665,877,661,535,554,789
what's up.
the book is near the table.
1006,1420,892,1261,1721,1020,1411,1450,1688,1612,1712,1242,1376,1082,1293,1618,1617,1555,1395,1516,1041,1390,1414,1091,908,1183,1405,1258,1366,1088,1385,1230,1184,881,1317,1609,1055,1581
519,672,613,572,636,617,887,580,536,775,657,576,679,543,797,545,556,698,910,557,636,922,799,539,613,555,910,581,696,526,927,563,565,620,810,661,503,827
what is the area code.
996,1372,898,1266,1369,1500,1016,1380,1235,1370,1074,1382,910,1147,1058,873,1384,1208,1618,1140,1086,1650
503,692,597,537,903,541,571,890,534,654,493,905,594,507,485,581,915,753,532,673,523,820
it's really hot.
1522,1207,1678,1015,1398,1130,1057,881,1611,1628,1299,1384,1335,1569,1132,1660
536,512,682,600,890,503,518,603,657,664,545,923,756,593,518,798
i don't care.
1523,1386,1168,1606,1415,1659,1280,1427,1243,931,1171,1088,1662
553,897,650,541,805,655,557,894,794,616,534,519,836
this is very difficult.
1262,1376,1526,1031,1396,1536,1029,1389,1257,1084,1157,1076,1343,1116,1537,1197,1200,1542,1238,1461,1627,1280,1644
556,705,561,606,889,562,591,896,776,521,511,515,580,643,472,651,636,502,789,514,584,587,817
i'm not sure.
1509,1656,1545,1430,1409,1624,1274,1411,1034,1466,1175,1095,1624
581,672,818,926,827,592,582,920,671,619,564,555,825
please call me.
1681,1560,1101,923,1019,1096,1418,1181,926,1619,1622,1437,1522,1099,1616
559,715,564,640,626,541,895,743,637,673,684,904,799,544,912
what kind of music do you like.
how strange it is that our dreams often prognosticate coming events.
990,1439,866,1228,1437,1544,1517,1429,1099,1416,1573,1173,1416,1512,1468,1008,1556,1152,1421,1125,1620,1407,1253,1612,1428,1408,1627,1517,1532,1095,1612,1705,1388,1617,1010,1408,1012,1235,1134,890,1406,1272,1065,1415,1513,1235,1402,1514,1017,1411,1216,1384,884,1224,1406,1616,1452,1290,1403,1268,1149,1058,892,1487,1006,1432,1576,1287,1232,1066,1402,1425,1653,1160,1557,1216,1400,1610,1036,1217,1505,1183,913,1244,1080,1393,1212,1602,1467,1499,1405,1279,1403,1100,1277,1092,1439,1255,1026,1611
522,675,618,550,928,702,613,831,659,941,594,662,953,871,648,657,621,760,945,658,596,942,608,615,668,968,738,641,744,566,861,734,770,619,578,959,672,615,572,645,851,709,544,967,638,593,973,643,630,983,587,766,639,589,976,623,659,626,984,654,548,532,639,818,626,945,613,648,569,532,821,940,599,559,610,656,829,613,632,563,618,751,643,575,527,945,756,571,809,598,774,647,928,510,771,531,813,565,617,857
what time do you go to work everyday.
when does it arrive.
1002,1390,922,1243,1393,1237,1513,1493,1075,1403,1133,1552,1380,1262,1616,1416,1388,1329,1608,1393,1257,1612,1397,1009,1601,1163,1551,1420,1081,1309,1092,1167,1325,1169,910,1336,1649,1695,988,1401,1068,1422,1430,1117,1600,1084,1024,1425,1566,1207,1423,1144,1141,1154,1541,1242,1077,1632
534,711,653,565,925,563,611,801,530,882,627,517,882,566,531,596,891,657,509,889,562,526,903,518,549,529,678,894,512,759,513,534,572,635,640,551,790,657,542,695,516,794,925,667,566,538,603,913,581,566,926,578,577,573,613,753,549,834
where is main street.
1012,1411,1089,1161,1082,1413,1518,1028,1426,1516,925,1533,1454,1440,1030,1268,1151,1075,1077,1301,1649
547,695,528,554,528,924,593,594,904,811,641,603,796,918,607,609,547,542,539,604,850
that looks old.
1201,1441,895,1210,1448,1616,1585,1586,1553,1043,1415,1602,1616,1141,1658
571,718,644,573,910,688,569,580,708,636,924,521,673,666,844
where is an atm.
1031,1448,1102,1161,1086,1421,1573,1047,1438,933,1448,1416,911,1244,1528,1659
546,695,542,548,529,899,573,616,895,642,901,908,627,551,799,802
never mind.
1439,1107,1295,1103,1190,1424,1559,1561,1446,1298,1674
813,514,767,510,540,918,809,508,777,633,817
there's a restaurant near here.
1247,1430,1102,1180,1088,1716,1047,1444,921,1443,1166,1084,1021,1233,904,1473,1156,904,1439,1277,1431,1432,1112,901,1194,1436,1397,1103,1178,1098,1657
567,718,530,547,521,677,618,917,632,926,539,540,599,555,633,639,539,635,837,572,948,838,537,626,541,940,755,520,542,521,838
who was your teacher.
would you like a glass of water.
1036,1420,1638,1438,1038,921,1053,1436,1298,1656,1476,1219,1435,1309,1122,926,1260,1446,1147,1218,1667,1725,1063,1665,1473,1669,1167,1459,1320,1665,1490,1451,1661,1553,1576,1145,1459,963,1460,1303,1662,986,1082,1087,1461,1626,1231,1460,1065,949,1316,1114,1209,1708
545,692,567,895,539,627,611,901,592,577,620,559,916,597,521,626,771,694,536,562,819,668,553,585,640,715,666,919,602,597,645,944,731,627,735,572,936,645,934,659,685,647,655,647,931,600,652,928,545,627,599,530,559,827
happy birthday.
bring me my shirt please.
1441,958,1702,1716,1329,1451,1299,1559,1227,1310,1414,1184,953,1393,1655,1744,1358,1192,1610,1486,1293,1451,1565,1130,1467,1552,1353,1461,1067,1415,1576,1185,1321,1437,1693,1604,1129,956,1078,1142,1718
712,647,593,598,596,926,757,608,567,595,707,659,651,558,839,688,855,566,607,816,713,951,807,586,945,828,603,963,666,755,622,601,607,971,648,765,580,665,649,562,816
see you tonight.
1069,1130,1122,1417,1371,1688,1488,1406,1290,1662,1431,1591,1356,1428,1333,1679
662,565,565,925,634,581,621,939,611,621,869,607,702,750,619,847
a one way ticket.
an honest, quiet laugh often mantled his pale earnest visage.
995,1417,1660,1446,1136,1440,1070,956,1378,1444,1187,1564,1272,1566,1161,1318,1675,1705,1021,1402,1444,1422,1658,1455,1149,1077,1282,1584,1454,928,1507,1576,1120,1300,1427,1606,950,1439,1297,1414,1407,1633,1301,1308,1141,1450,1449,1529,989,1443,1318,1147,1624,1147,1176,1398,1569,1095,1441,1687,994,1626,1140,1453,1139,951,1209,1463,1127,1062,1263,1451,1284,1567,1112,995,1341,1146,1649
672,927,590,823,592,939,578,674,604,943,572,597,822,696,579,636,833,668,702,838,945,741,602,867,589,662,606,828,963,570,644,526,567,600,958,725,664,633,712,725,961,610,736,618,580,818,935,812,673,837,616,561,705,560,662,748,589,667,942,611,690,722,570,929,569,659,578,807,558,616,591,943,819,613,684,672,687,559,799
what's the temperature.
1060,1427,924,1267,1705,1065,1446,1423,1118,1428,1278,1113,1515,1663,1113,1179,1103,926,1285,1478,1187,1114,1653
564,731,645,577,697,619,915,716,546,947,585,537,817,617,542,559,578,656,592,635,564,553,836
what kind of music do you like.
1035,1397,904,1326,1402,1564,1534,1447,1167,1418,1612,1293,1390,1498,1471,1074,1542,1208,1398,1169,1594,1396,1310,1644,1445,1405,1652,1517,1543,1147,1635
560,690,649,599,918,730,574,791,665,908,564,657,953,821,626,649,605,757,935,684,582,939,615,609,652,934,683,631,735,581,816
it's not very expensive.
1518,1203,1679,1063,1399,1410,1625,1286,1398,1301,1132,1218,1383,1407,1144,1205,1683,1134,1427,1073,1500,1294,1131,1656
581,560,700,648,944,799,609,590,947,804,560,582,609,956,546,772,616,549,836,643,627,779,540,830
his coat of arms was emblazoned on the cover.
1380,1539,1075,1423,1226,1610,987,1279,1416,1605,1245,1420,956,1190,1506,1058,1444,1055,933,1066,1437,1140,1484,1358,1630,964,1444,1031,1610,1467,1126,1145,1440,1634,1456,1443,1256,1406,1121,1422,1257,1669,1320,1113,1212
743,580,630,924,774,595,663,585,942,584,668,943,644,558,810,616,941,540,634,635,949,550,818,851,676,646,820,752,592,844,522,640,961,598,842,971,581,731,546,966,785,579,834,533,568
i'd like to use the internet.
1495,1671,1110,1409,1609,1485,1534,1419,1182,1603,1421,1425,1004,1063,1216,1384,1242,1365,1087,1390,1510,1408,1263,1072,1144,1387,1066,1260,1592
581,642,649,917,725,596,719,937,555,561,947,627,653,550,567,917,581,701,544,940,591,833,594,540,550,832,529,574,835
do you have a swimming pool.
1129,1613,1363,1284,1645,1433,1370,1306,929,1306,1149,1391,954,1396,1052,1000,1545,1443,1445,1526,1434,1280,1406,1672,1547,1543,1612,1650
701,536,918,622,540,599,917,713,649,805,584,941,692,931,663,561,586,821,818,600,827,680,958,595,612,621,735,872
the committee worked in accord on the bill, and it eventually passed.
1176,1364,1063,1381,1197,1578,1494,1498,1495,1253,1259,1079,1083,1402,993,1571,1142,1540,1056,1102,1371,1536,1414,1400,917,1159,1135,1596,1146,1114,1397,1587,1400,1413,1237,1383,1084,1400,1311,1568,1218,1209,1545,1446,928,1115,1404,1537,1247,1395,1096,1278,1098,1264,1459,936,1621,1623,1639,1628,1297,1400,1619,900,1026,1023,1101,1136,1627
590,713,568,947,808,596,816,817,607,612,613,558,568,959,546,529,561,675,524,636,955,598,828,953,673,753,790,594,573,675,967,622,825,965,591,752,541,967,805,616,598,591,865,970,673,616,973,616,585,976,539,770,539,603,615,665,715,728,707,719,573,992,663,667,663,666,548,665,861
but the ocean remains an unpredictable place, fraught with hazards.
i have money.
1313,1535,1267,1400,1268,1372,1107,1408,1612,1235,1111,928,1437,1413,1176,1104,1511,955,1542,1452,1054,1427,953,1432,1435,1496,1492,1688,1186,1099,1140,1551,1174,1240,919,1279,1638,1114,1459,1688,1622,922,1234,1119,1581,1455,1237,1189,931,1453,1339,1400,1278,1404,1047,1526,1280,1382,1397,1348,961,995,965,1196,1128,1049,1667,1705,1525,1423,1284,941,1313,1144,1436,1522,1654,1438,1112,1349,1654
852,559,596,935,597,712,553,913,547,792,571,665,789,900,563,571,772,664,573,783,649,911,676,810,918,593,790,555,571,543,645,578,762,581,656,777,638,573,925,576,701,660,757,559,781,920,676,572,657,566,720,688,593,909,561,566,594,711,934,699,657,741,651,561,647,646,797,630,565,929,687,655,764,558,933,809,569,805,546,580,830
where do you want to go.
how much money do you have.
993,1385,1092,1173,1072,1400,1104,1598,1394,1250,1618,1432,1395,1018,904,1435,1253,1411,1245,1584,1408,1127,1574,1655,1729,1391,1638,1012,1428,1526,1493,1210,1410,1438,1525,1669,1437,1088,1308,1438,1153,1596,1423,1280,1611,1439,1408,1272,930,1291,1138,1642
549,699,560,557,520,920,640,576,920,567,567,621,943,551,639,829,569,947,565,580,950,649,573,775,629,707,558,549,898,805,600,752,721,927,814,585,816,547,580,947,654,592,950,597,599,653,957,673,655,757,553,828
where are the t shirts.
do you have the number for a taxi.
1021,1408,1109,1174,1096,1391,917,1172,1070,1379,1238,1373,1098,1244,1379,1054,1375,1387,1528,1168,1259,1046,1596,1674,1143,1612,1387,1288,1447,1392,1366,1403,942,1304,1123,1381,1273,1390,1122,1399,1422,1490,1543,1386,1118,1175,1095,1396,1226,1181,1430,924,1437,1235,939,1074,1555,1660
560,735,561,573,560,914,661,568,541,946,583,695,552,581,954,629,726,709,545,583,588,653,810,618,682,562,919,605,627,945,896,636,659,726,561,903,600,671,552,906,803,555,760,782,543,560,542,929,659,560,872,669,882,577,668,789,515,786
what's the temperature.
i'm very busy. i don't have time now.
1016,1411,905,1222,1668,1021,1401,1246,1384,1084,1397,1231,1073,1503,1650,1075,1140,890,1232,1463,1144,1067,1632,1700,1481,1679,1545,1408,1276,1106,1171,1351,1406,1385,1493,1047,1293,1643,1438,1539,1433,1150,1640,1448,1727,1290,1454,1429,944,1303,1131,1446,1278,1579,1543,1120,1461,1450,1658,1060,1669
546,701,655,568,682,620,924,569,715,535,952,564,534,824,597,531,545,650,563,622,549,541,847,660,595,665,819,939,767,548,560,580,959,851,601,632,588,837,936,582,950,658,588,835,674,584,934,717,659,744,562,937,607,619,793,559,941,818,617,565,818
i'm leaving tomorrow.
1510,1692,1561,1443,1614,1118,930,1265,1574,1477,1340,1438,1235,1633,1542,1624,1211,1193,1627,1044,1645
596,653,825,949,702,556,656,784,595,807,688,947,568,583,816,599,577,572,506,544,799
try to say it.
1298,1199,1410,1408,1257,1597,1419,1063,944,1385,1420,1535,1244,1649
592,563,579,918,593,570,915,635,672,589,938,616,570,826
not recently.
1417,1660,1247,1417,1189,1112,1246,1138,1474,1257,1584,1337,1649
826,565,565,929,559,538,764,561,795,561,704,582,825
can you speak louder please.
1223,954,1477,1449,1315,1483,1440,1417,1071,1665,1123,957,1580,1438,1652,1611,1424,1163,1128,1199,1435,1658,1592,1114,947,1046,1106,1673
774,632,767,924,597,616,919,875,632,548,566,655,668,902,677,562,603,664,552,567,903,572,684,560,668,637,540,797
can i see your passport please.
1220,955,1492,1427,1546,1437,1059,1113,1113,1439,1327,1669,1473,1436,1707,948,1051,1054,1696,1684,1571,1198,1363,1436,1655,1576,1104,928,1041,1111,1653
757,656,761,898,542,898,640,547,547,910,590,581,619,928,570,663,635,626,583,545,566,574,567,908,570,677,558,667,636,551,806
your things are all here.
1275,1663,1469,1142,1420,1281,1415,1573,1473,1348,1066,1426,956,1207,1116,1436,943,1610,1619,1440,1402,1117,1199,1113,1687
587,541,579,549,932,584,703,563,812,678,637,930,664,568,553,925,667,673,692,930,748,552,562,541,845
i need to change clothes.
1539,1420,1476,1131,1119,1169,1432,1297,1641,1429,1272,1436,979,1462,1363,1151,1447,1251,1626,1607,1302,1416,1143,1083,1684
557,921,817,527,519,659,939,582,579,953,781,734,647,849,659,558,962,770,733,601,591,735,549,634,871
thanks.
i haven't been there.
1262,1410,962,1446,1569,1063,1639,1700,1559,1433,1443,956,1298,1131,1491,1697,1311,1465,1384,1140,1135,1496,1467,1286,1436,1139,1216,1126,1666
589,658,672,782,633,629,825,583,554,935,685,667,764,559,785,679,578,930,854,561,557,827,944,581,739,554,572,554,850
tell me.
it's not suppose to rain today.
1288,1100,1587,1604,1393,1445,1119,1605,1418,1513,1282,1689,1058,1424,1446,1673,1178,1432,1050,1469,1700,1692,1586,1053,1106,1413,1270,1618,1420,1186,943,1543,1429,1428,1194,1637,1153,944,1360,1663
581,541,657,641,891,799,546,821,901,580,579,654,612,914,821,580,559,919,657,620,583,591,587,653,568,934,570,572,932,581,664,617,811,949,555,591,658,673,563,820
the river is a perpetual enjoyment, always something going on.
i need a doctor.
1264,1388,1107,1383,1167,1558,1295,1118,1180,1402,1532,1055,955,1415,1383,1637,1094,1164,1650,1084,1251,1441,911,1606,1412,1091,1401,1506,1634,1323,1506,1120,1428,1253,1570,1443,937,1619,1041,918,1286,1047,1439,1050,1587,1506,1105,1267,1420,1587,1479,1342,1424,1346,1637,1548,1459,1356,1425,1635,1435,1638,1721,1562,1425,1457,1134,1129,1164,1433,952,1438,1163,1642,1217,1303,1633,1206,1685
599,709,565,937,576,589,783,572,583,930,606,645,678,946,866,524,566,575,532,554,578,579,665,647,895,547,800,661,562,589,802,559,795,568,805,925,657,679,543,656,579,603,932,601,600,815,540,577,691,579,803,660,944,674,604,601,809,672,938,599,831,822,644,560,939,838,558,539,643,934,656,932,658,580,751,598,594,583,801
are you going to help her.
959,1175,1084,1394,1280,1672,1458,1394,1309,1634,1526,1426,1307,1404,1295,1607,1409,1174,1139,1613,1686,1428,1390,1121,1205,1664
668,579,532,911,597,586,623,930,687,606,600,800,682,934,596,590,923,693,568,717,592,925,766,524,562,816
my name is john smith.
1500,1342,1429,1411,971,1537,1138,1437,1548,1073,1426,1448,1664,1301,1433,1426,1077,1519,1534,1260,1386,1656
810,597,940,810,655,822,530,962,634,618,888,665,555,666,790,898,648,793,577,594,691,796
what time does the store open.
that's not enough.
1237,1410,923,1359,1398,1236,1536,1512,1096,1434,1188,1593,1136,1065,1383,1279,1399,1128,1388,1066,1214,1615,1167,1093,1393,1592,1689,1100,1420,1644,1742,1431,1203,1424,1221,1723,1071,1443,1443,1654,1235,1430,1126,1411,1646,1458,1316,1396,1640
578,695,646,597,939,563,620,826,535,934,657,591,535,622,904,569,665,526,907,638,548,560,546,537,915,579,580,534,789,798,618,897,555,684,548,632,609,916,824,590,561,927,526,805,564,585,641,703,798
which one do you want.
1057,1409,1566,1247,1412,1399,1652,1464,1135,1417,1173,1663,1422,1318,1471,1422,1413,1076,957,1461,1295,1667
561,674,550,760,704,906,573,781,554,893,686,556,890,597,611,915,864,527,622,789,574,808
my son studies computers.
it's shorter than three miles.
1551,1364,1431,1092,1648,1450,1449,1082,1212,1522,1167,1618,1138,1078,1243,1620,1522,1722,1525,1330,1269,1104,1181,1052,1690,1742,1575,1260,1707,1067,1065,1054,1424,1672,1162,1287,1107,1168,1382,1265,1387,910,1402,1390,1280,1380,1175,1088,1082,1414,1476,1516,1646,1096,1034,1671
781,599,889,658,572,794,892,664,564,579,666,570,546,639,747,579,774,583,597,598,575,531,550,603,821,618,566,558,669,632,633,610,605,487,530,558,523,537,878,552,658,629,773,879,558,668,527,519,524,849,764,546,597,519,580,775
no, thank you.
1492,1644,1597,1419,1276,1427,944,1445,1581,1412,1341,1670,1454,1643
801,549,802,890,565,676,617,805,646,903,596,545,605,824
will you pass me the salt please.
1016,1485,1604,1591,1388,1318,1636,1433,1370,1687,936,1028,1029,1393,1555,1093,1407,1273,1379,1103,1389,1045,936,1599,1339,1394,1670,1589,1106,924,1030,1093,1595
509,573,676,706,885,565,560,593,882,556,630,600,594,889,777,504,880,551,673,514,890,603,627,652,569,898,586,702,520,628,624,487,857
i was about to leave the restaurant when my friends arrived.
1456,1343,1009,905,1019,1366,936,1319,1602,1388,1256,1357,1255,1575,1368,1589,1094,897,1274,1090,1376,1253,1377,1090,1361,1148,1072,1013,1166,878,1433,1120,870,1370,1273,1371,1016,1369,1078,1411,1386,1492,1323,1399,1199,1149,1523,1059,1417,1101,1021,1398,915,1130,1135,1542,1227,1052,1103,1650
556,917,558,647,639,918,683,862,596,618,613,926,607,582,926,741,572,662,747,561,916,591,690,548,922,562,544,616,556,655,574,547,657,808,583,922,528,721,515,805,918,789,557,916,655,560,596,519,806,628,626,925,655,556,556,579,741,523,625,798
do you know what this says.
1185,1605,1385,1270,1643,1437,1380,1536,1428,1634,1024,1401,1024,1379,901,1257,1385,1236,1364,1509,1027,1345,1022,905,1331,1035,1608
669,521,881,590,545,596,900,676,817,564,563,899,558,695,638,568,914,563,707,582,602,923,632,659,544,634,836
