it was awesome.
i've been there.
1137,796,1016,610,518,639,1039,583,669,737,680,1233,1104,759,1383,1476,1198,1443,934,786,1097,1006,773,786,1071,1110,941,1059,806,907,805,1416
526,604,903,639,730,710,925,749,612,634,689,608,767,615,821,679,616,677,825,623,962,843,609,632,830,929,633,711,597,601,579,838
the book is near the table.
975,1130,838,1216,1047,1321,1318,1251,1181,1257,826,1214,1154,861,734,948,1217,1024,1157,859,1234,1037,736,1116,1389,894,1437
645,732,671,944,875,674,675,755,979,644,754,977,880,639,769,662,962,675,752,628,977,656,752,859,703,599,883
what time is it.
820,1189,763,1054,1332,1024,1323,1233,884,1233,1324,866,1232,1339,1053,1446
611,712,745,636,589,619,597,783,649,934,578,732,941,580,638,812
the recovering economy is bringing more people back into the market.
1004,875,1220,979,977,888,960,1359,1084,925,996,1321,1179,1089,1227,917,989,1423,1224,1382,1288,1137,1219,1325,879,1255,1150,1018,1355,1231,1130,1325,1205,1074,1284,1312,1416,999,932,1256,1486,938,1399,1454,1407,943,1257,1171,795,1046,1360,1261,1357,1206,1084,1442,1277,1117,1215,937,1261,1295,788,995,1361,961,1126,1501
618,612,926,622,633,567,787,574,820,593,612,559,785,695,922,613,795,568,808,579,804,558,936,543,712,919,831,641,585,798,700,627,788,693,921,824,610,598,612,937,574,588,561,550,659,608,928,832,742,818,691,928,603,833,654,604,965,637,710,600,931,862,726,627,723,572,625,829
found a safeway. picking up a few staples.
998,1396,1426,1249,1230,961,1284,819,888,810,1032,939,868,803,1157,1434,1225,1458,1321,1016,1325,1314,1207,1098,1253,1255,1465,1431,788,1250,1035,919,884,1240,909,1113,804,1482,1402,975,911,1453
732,572,1037,586,822,698,900,750,690,711,704,594,617,695,594,816,917,601,541,737,688,583,798,701,937,582,573,981,707,925,690,589,611,942,683,625,698,499,647,601,690,824
for anything shorter, it would be insane.
1026,1385,1014,1212,799,1179,1151,1076,1217,1336,1207,1093,1270,872,1193,1403,1023,1100,938,1000,1361,1277,1337,1114,1259,885,1411,1286,1433,960,1254,1136,941,1259,1335,1198,907,811,1301,959,1482
736,679,669,1042,813,920,683,734,792,685,884,793,1005,793,793,693,760,760,698,717,959,928,657,673,980,660,624,618,723,728,990,852,634,982,654,851,782,761,871,664,858
behaviours have changed and attitudes have changed.
he's an engineer.
1124,913,1038,593,883,1170,1262,1101,813,715,1096,1036,582,903,772,1098,837,1041,580,1066,905,726,754,1108,600,1047,791,1102,617,917,899,1185,904,1105,795,783,733,1122,1053,592,911,791,1134,810,1053,592,1058,942,753,779,1328,1541,1052,754,1394,713,1132,603,1081,1129,740,1068,923,1192,1066,749,765,842,1333
824,619,732,737,808,635,627,606,667,741,974,746,743,824,661,973,835,746,744,867,753,611,693,984,741,860,718,969,732,668,650,624,660,616,729,616,737,989,720,714,858,644,967,858,731,731,840,746,583,674,838,646,714,623,715,719,970,729,843,952,617,847,720,599,825,625,617,642,832
there are many people here.
843,1024,730,785,737,1070,574,791,729,1061,1109,594,1006,981,1077,1302,735,1219,1303,1225,768,1108,1019,765,841,784,1261
668,709,626,637,604,938,704,635,606,965,829,716,825,615,945,588,618,559,559,667,623,942,713,597,628,613,847
can we have a menu please.
833,626,1064,1115,693,783,1112,1045,606,916,786,1131,617,1153,1134,772,1071,1116,1108,1297,1243,783,613,715,783,1332
839,741,831,949,640,632,939,733,705,801,632,951,718,932,827,632,865,564,934,622,688,645,721,713,638,867
bachelor's degree from an accredited institution in engineering.
no plans today, going back to sleep i guess.
979,581,827,1055,763,1282,1261,821,1437,702,1127,802,781,940,847,785,788,1124,881,848,1261,1161,1153,658,1078,1154,664,861,860,856,787,810,1213,948,810,825,1151,1216,1074,750,950,1195,941,1128,927,1222,1296,1073,1151,1208,1076,1146,813,1076,904,1191,1066,744,743,819,1194,1061,943,1352,1499,1056,1265,1146,1322,1271,616,1077,737,1151,920,1284,828,644,1046,1270,1154,967,1325,1234,1110,946,1172,993,648,880,1247,1189,962,1354,1142,773,1321,791,810,1402,1205,1277,1190,984,1189,793,753,750,1394
873,728,810,705,631,688,608,645,689,714,951,717,622,742,671,641,636,914,716,629,594,788,897,728,763,898,741,786,773,640,615,730,580,635,618,723,912,596,755,702,647,613,645,590,644,579,598,783,910,582,803,937,621,812,719,607,793,605,599,622,584,803,708,834,662,811,616,928,617,668,707,809,705,914,659,631,712,742,578,822,865,731,578,565,791,731,927,828,725,808,649,913,673,597,920,722,688,604,603,607,910,563,921,737,599,617,710,714,850
where can i exchange u.s. dollars.
679,1069,780,849,768,1117,860,625,1084,1130,1218,1138,771,773,865,1092,643,1106,958,791,1164,1157,1325,730,1364,1139,833,1301,1301,1301,654,881,727,1396
638,721,618,652,616,933,812,742,792,933,606,932,626,808,837,722,741,794,731,615,915,598,809,694,808,916,704,582,676,676,673,627,664,807
obama got a standing ovation.
mr. phelps is regarded here as the ultimate example of an irritating local gadfly.
1332,1028,644,1183,629,1164,981,1324,942,1156,674,1169,737,943,665,1114,846,1245,1100,941,1169,1323,936,677,956,1209,1311,1069,756,1443,1181,853,1355,1152,1344,1084,752,1281,1352,727,1138,1202,730,1154,848,783,983,640,862,817,816,849,1180,1117,809,865,836,1141,644,761,1151,948,1112,819,1183,1154,1319,965,1237,1186,663,967,828,1160,833,834,681,1243,1383,1311,834,1173,1338,923,1190,666,1125,1168,1233,869,899,1196,934,643,935,1227,1080,964,1154,1294,1292,894,664,1295,1136,982,678,866,925,1310,1054,1346
583,804,719,779,716,909,741,616,657,907,731,906,675,620,690,711,664,565,720,699,895,564,788,720,640,594,591,757,660,609,769,651,747,890,645,712,632,689,599,687,940,614,690,937,636,598,734,713,647,702,608,700,916,697,608,645,619,903,713,679,911,657,694,605,904,610,657,644,575,789,722,652,592,916,654,785,736,802,626,678,618,905,592,703,897,721,770,895,603,623,626,622,650,716,651,578,767,716,932,679,611,782,739,675,963,711,741,697,721,683,608,836
are they coming this evening.
665,850,794,1144,909,1091,791,1052,1162,875,1298,1176,1260,1117,957,1176,932,1129,1247,775,1181,826,938,826,1112,1256,1103,980,1377
738,649,602,946,658,708,622,604,941,766,628,790,589,744,707,930,637,709,595,704,942,638,789,629,802,597,811,733,800
guess i'll be retiring my g and start using my developer g
912,1147,800,768,767,1131,1230,1376,947,941,1162,1023,834,1172,901,825,978,1257,897,1240,1096,963,1174,1220,1071,1172,978,1198,659,1151,861,1211,794,1035,707,936,1009,1203,1187,774,1258,1122,966,1200,1224,1092,1175,874,848,980,840,1357,1351,1405,848,911,1223,1036
775,679,671,769,770,964,622,688,662,660,925,867,645,939,672,633,676,620,654,632,824,711,935,824,623,938,745,928,726,792,690,933,741,673,754,665,657,934,612,711,583,803,732,960,824,605,942,703,610,834,615,706,570,565,637,635,929,754
brand new canon dslr camera canon.
995,896,684,1136,868,1193,1123,838,775,1199,895,714,1142,1335,1129,1208,883,797,1354,920,1210,931,717,1214,838,918,702,1210,933,715,1147,1363,1137,1431
851,633,737,798,737,943,809,632,668,946,828,773,828,627,831,952,721,734,712,650,958,810,779,831,632,661,763,960,836,789,839,645,852,875
follow me.
would rather go to the dentist.
899,1327,1328,1328,1339,794,1205,1220,869,1384,1541,791,1355,1184,1395,914,1176,938,740,1039,1147,879,977,1205,1055,1358,1213,1038,1356,1218,1054,1150,871,1209,919,906,1160,1041,1281,822,1059,1411
734,631,769,762,651,685,977,849,673,889,681,680,620,668,725,772,976,693,782,717,747,676,692,962,801,641,956,689,664,961,694,753,666,976,751,634,869,699,651,760,667,829
affliction is allayed, grief subsides, sorrow is soothed, distress is mitigated.
it's august twentieth fifth.
510,775,775,1197,1124,779,831,1151,1243,1016,1099,1167,648,1099,561,1258,1253,547,964,724,766,1241,1103,911,837,1147,765,870,1092,720,1107,960,717,1183,813,791,746,1235,1114,726,1294,855,859,1303,738,1132,1216,740,1148,741,1304,1309,940,1092,794,828,1257,1117,828,1185,733,958,858,792,740,744,1155,1221,750,1138,1160,1230,957,1226,981,622,929,801,813,1318,1504,1222,956,1513,727,1148,614,1142,952,1153,735,928,1122,923,684,768,1076,903,1208,783,935,1074,1117,888,1186,885,958,1060,1329
693,705,695,670,598,781,655,578,599,762,898,577,694,912,719,669,658,715,572,590,714,850,916,749,667,556,625,753,914,724,604,839,718,608,736,635,756,829,917,735,572,668,682,581,644,913,581,694,932,695,617,612,689,703,629,712,857,916,745,595,759,707,679,643,745,736,935,583,742,943,798,583,684,590,767,734,684,612,701,807,599,581,681,664,717,970,730,621,753,618,715,678,943,687,643,618,787,673,607,618,683,696,926,748,629,753,697,736,806
got some.
they call every number.
873,1256,873,1076,690,1251,1121,755,1317,1453,862,1061,736,1039,1103,842,608,1277,1288,1116,746,924,780,843,1053,1119,1059,1122,1166,1007,784,866,1392
841,675,731,960,787,671,874,698,850,689,681,740,661,578,932,857,757,685,678,951,638,857,642,651,617,961,814,597,830,858,627,645,819
if you want to join, text.
my mistake.
1194,858,1089,1060,1300,1137,1106,710,655,925,1129,915,1304,1118,1111,1298,1210,1102,961,1298,1107,942,795,793,972,1372,1513,1176,1059,1168,1194,1291,748,961,658,1288,826,1393
618,745,947,644,612,627,949,641,742,660,958,671,638,944,740,571,556,837,759,866,947,641,612,780,635,853,667,848,638,930,834,576,741,657,768,732,632,840
blip shows up as the second entry.
the knight was gallant not only in war, but in love also.
1031,1375,1267,1399,1197,757,1119,1370,761,801,1211,1194,1419,1149,718,817,1172,1010,1149,849,1167,813,866,951,1345,1170,884,1211,860,1162,1033,920,1118,1389,1571,998,1134,841,1173,1298,1166,1278,1028,1136,1019,1189,756,698,796,1212,1001,674,1379,1377,668,1140,1014,1203,1144,1349,1002,1186,1384,1149,1362,1135,1184,1299,1149,1205,766,708,944,1302,1210,998,1162,1025,1201,1269,1130,1182,1364,1348,1014,849,1188,723,1386,838,1358,1353
858,700,593,619,943,759,716,617,642,761,957,632,606,945,775,756,950,669,717,648,967,769,622,853,617,820,742,996,630,836,668,677,631,853,640,676,717,657,934,726,867,601,772,729,655,959,654,755,759,968,736,760,699,699,719,826,667,969,834,632,683,976,608,834,711,614,930,582,847,1000,650,797,681,908,983,926,622,685,970,613,828,961,702,606,860,631,984,793,731,780,604,855
bachelor's degree from an accredited institution in engineering.
1036,611,896,1096,798,1339,1313,887,1454,769,1136,847,828,1004,901,849,841,1154,955,919,1319,1226,1215,704,1151,1212,665,913,919,903,822,856,1265,1009,848,881,1152,1260,1117,799,1026,1257,1013,1166,1026,1250,1337,1113,1185,1256,1124,1182,868,1111,965,1227,1111,825,826,908,1241,1101,1000,1428
840,728,824,722,637,705,596,665,699,726,1001,701,644,756,660,645,635,960,760,654,618,809,966,758,845,961,725,833,824,664,628,735,592,663,618,735,975,607,850,728,668,612,662,623,656,596,611,820,976,604,846,978,623,864,709,578,803,614,611,619,576,753,733,723
have you arrived.
1095,613,924,784,1146,1093,1307,1172,1124,693,896,918,1236,941,810,841,1373
670,716,839,610,947,592,553,558,892,691,601,594,560,844,585,736,864
back when i worked for nike we had one fav word.
1021,659,872,1261,1154,789,1105,810,1112,1168,1265,1174,778,1340,916,1225,834,858,1174,946,925,1175,1159,1116,1268,1242,866,1156,788,863,1186,1133,667,881,1165,1358,1154,880,1177,972,703,957,861,810,1310,947,913,1369
879,730,828,645,937,641,697,597,765,913,545,917,618,549,625,665,577,708,945,737,633,952,979,844,609,731,619,973,632,643,992,750,724,725,1002,633,847,642,993,734,752,868,617,654,625,656,726,884
is in san francisco at bay to breakers.
1199,707,1152,1233,1073,1113,724,629,1077,1124,861,823,640,1061,844,1206,747,837,1254,1147,655,939,1098,996,627,1044,1120,919,1313,1133,950,888,785,666,1212,821,881,757,1341
541,686,887,529,717,822,657,688,747,882,671,578,714,782,815,550,673,781,548,910,721,617,959,821,690,504,920,618,540,886,841,641,614,740,683,590,627,704,874
sorry, i don't have a pencil.
794,1304,846,859,1055,1254,1208,1253,1181,857,1342,1079,1525,971,1162,1102,667,970,842,1167,693,1151,1416,821,1110,903,1249,1340,1390
726,596,652,653,595,850,952,544,904,714,531,765,680,637,944,694,731,834,600,979,749,927,574,613,828,858,553,659,831
can we have a menu please.
746,502,960,1013,593,670,1008,967,535,800,680,1028,556,1030,1082,694,1006,1045,1039,1257,1195,715,557,692,737,1236
808,750,819,959,669,660,950,718,753,842,643,947,772,946,844,640,808,561,935,569,699,603,732,717,642,866
be quiet.
how many languages do you speak.
949,726,1070,574,1076,1167,731,919,1274,1491,1034,1318,708,1127,1142,569,1052,1021,1052,1297,625,1077,909,1147,595,926,760,719,1103,806,1301,1080,1060,1298,1171,1107,714,1315,768,614,1218,1309
877,659,950,652,609,535,627,652,831,670,722,594,677,930,832,745,879,614,971,707,740,869,747,604,718,749,627,715,962,729,630,949,627,587,598,976,720,587,634,753,683,846
soups are presented in big tureens and can be quite good.
718,1253,1121,1321,729,1137,646,845,1084,1129,1357,866,803,741,809,1073,971,825,822,1149,1225,1096,1164,977,1238,1000,1142,976,1138,871,799,823,1092,766,1149,688,1104,877,1153,894,714,1113,1156,1035,843,1147,677,1163,1239,971,811,1159,992,1309,1323,862,1372
740,600,582,625,760,962,776,675,901,880,550,666,643,726,602,791,664,625,708,939,582,789,928,864,571,716,942,668,595,639,623,627,830,699,943,753,837,721,937,863,775,831,965,846,605,959,620,627,561,649,639,963,757,603,602,735,881
when are they coming.
i'm going to bed.
708,1061,784,1104,1137,657,866,1150,959,942,1092,798,1077,1153,873,1317,1167,1242,1106,982,1371,1589,1264,1478,1231,1161,982,1342,1260,1137,981,1195,978,1321,1177,1020,857,881,1383
675,711,638,834,953,763,661,942,689,642,715,638,573,918,840,599,827,601,807,769,858,707,588,700,867,916,758,600,593,792,750,945,673,618,903,865,635,754,865
everything is fine.
that's not fair.
745,892,775,851,1038,953,1082,1205,1064,932,1177,1232,757,1159,878,1232,1122,801,1396,1573,957,1098,657,981,1511,762,1157,1188,1327,984,1172,932,657,1242,917,1336
609,850,640,661,594,674,700,581,784,746,935,582,741,952,797,619,821,647,849,673,678,718,766,685,730,743,976,857,633,676,983,786,764,582,694,851
when are you moving.
733,1130,802,1105,1145,663,881,812,1142,1071,1298,1150,1105,1157,1286,939,1226,1105,996,1388
677,716,645,814,942,751,677,640,945,651,589,611,958,887,643,866,623,835,749,845
i just finished watching your stanford iphone class session.
1256,1152,1164,1135,784,995,1137,904,1242,1096,1229,773,1093,810,846,1141,737,692,1016,926,1129,1270,1125,959,1165,1111,1341,1200,855,1120,779,968,677,1122,909,1325,846,852,1128,1229,1351,1070,1292,1089,796,1138,883,1298,673,781,782,1129,782,839,777,783,1220,1108,991,1335
585,899,670,560,715,645,909,738,575,796,576,729,697,610,690,942,628,729,647,848,705,589,796,695,909,603,562,568,626,941,755,647,727,844,734,578,636,720,950,598,632,714,599,847,603,953,762,680,698,711,710,951,706,609,717,719,602,769,741,891
i know.
is your house like this one.
1242,1141,1239,1133,1355,781,1371,1566,1279,796,1206,1137,1341,1222,880,1186,1117,1359,1203,811,846,1186,1370,1287,1274,857,1195,1015,1147,1295,806,1188,1380,1168,850,1370
612,961,675,842,600,664,885,640,609,735,961,652,600,600,678,967,738,608,580,748,654,988,745,610,756,662,997,661,757,637,769,991,640,843,675,899
i love the lakers.
1288,1156,1327,1359,1002,849,1196,996,1135,865,1187,1347,707,1261,885,937,827,1400
621,977,741,631,875,656,981,715,752,681,977,770,791,762,676,704,788,940
nobody is helping us.
1092,1291,1047,1312,839,1064,1200,1258,790,1199,1119,853,1353,1400,1250,1148,1020,1152,1185,809,1366
871,668,915,697,696,580,959,592,761,957,723,642,699,609,532,822,774,968,600,748,869
lakers played great.
1313,675,1233,833,898,781,1189,1387,1332,665,1082,837,890,1166,1019,914,853,732,970,1270
735,768,754,637,682,754,963,606,675,765,570,644,726,928,774,675,672,774,678,882
i'll have a cup of tea please.
while each animal wandered through the maze, its brain was working furiously.
1300,1444,1364,1351,1158,1090,626,915,784,1132,684,1136,894,1114,1333,1143,1294,914,1135,945,811,684,1113,1343,1258,817,673,774,828,1333,1459,717,1084,1224,1305,786,1112,788,653,863,1071,1107,648,1095,1210,1168,621,1296,1129,723,621,1090,821,801,886,831,851,1135,986,1085,870,1301,1153,985,1107,1114,968,1106,799,1112,1181,656,764,818,1289,1195,1242,986,768,1190,1024,918,700,1287,1133,1182,776,693,774,1143,769,1343,917,1257,1278,1133,998,1173,942,1170,909,1246,1309,1155,813,1329,1069,1340
621,696,722,719,965,729,734,826,644,971,790,973,808,611,602,937,614,747,941,689,646,760,952,635,716,638,736,752,644,863,631,660,692,582,657,627,931,637,751,872,747,944,737,837,601,832,728,699,934,644,714,817,714,627,651,624,698,968,669,730,653,589,588,752,723,936,666,717,616,950,844,761,743,616,898,935,580,659,712,931,866,665,770,600,827,948,665,740,729,945,645,630,646,747,607,828,755,975,779,603,664,579,595,571,752,652,559,868
but the ocean remains an unpredictable place, fraught with hazards.
950,1098,960,1157,958,1108,823,1142,1336,882,821,676,1105,1149,892,819,1216,678,1275,1125,781,1169,710,1114,1188,1151,1097,1376,893,827,860,1236,911,994,648,1043,1348,847,1144,1361,1312,697,896,827,1245,1171,946,914,692,1152,1013,1112,984,1122,724,1251,957,1107,1160,1094,603,682,639,862,821,760,1344
902,605,696,935,697,727,665,946,596,854,655,754,841,964,673,630,846,772,575,793,736,932,790,827,930,617,849,623,666,633,740,605,824,678,761,876,676,635,972,632,701,753,846,642,902,959,759,665,757,627,792,754,675,988,668,626,676,745,959,760,746,855,764,670,747,803,877
that's not fair.
908,1068,654,932,1429,728,1135,1084,1330,918,1110,873,657,1190,861,1326
691,713,769,677,673,741,972,775,577,681,960,773,748,594,657,793
are they coming this evening.
620,843,756,1160,944,1077,780,1057,1133,848,1306,1159,1229,1104,960,1167,927,1121,1257,729,1160,779,938,791,1122,1227,1112,960,1333
763,659,620,923,676,704,654,581,943,832,594,822,587,792,732,956,659,699,556,708,980,632,874,634,882,625,818,780,884
where's the post office.
692,1098,775,879,802,1429,753,1166,961,1093,800,1163,1366,1314,771,983,1155,1316,921,924,1243,887,837,1341
656,694,614,664,637,689,734,981,694,719,648,962,598,558,751,683,947,606,768,773,605,873,625,877
i've never done that.
1261,1362,933,823,1160,1110,809,944,808,900,1175,851,1341,1147,981,1218,974,1125,685,977,1372
602,674,874,659,958,834,667,831,634,666,991,781,594,776,756,953,674,719,761,678,885
i hate revision, it's so boring.
1276,1175,1129,629,942,797,1161,856,793,905,1284,771,1260,1347,1121,1310,1223,1252,961,1474,751,1204,772,1336,1167,999,1324,896,1264,1125,1001,1338
593,937,715,763,670,641,945,657,640,836,582,770,606,596,790,867,947,585,664,726,765,981,774,587,937,871,617,673,568,827,798,839
blink by malcolm gladwell amazing book and the tipping point.
it's delicious.
1007,1332,1248,1117,1272,1173,1005,1107,1146,1260,663,1397,870,1395,1401,1254,1254,999,1377,691,866,772,844,1374,1374,1197,718,1263,725,774,1301,1168,1013,1208,1043,1395,1388,1310,1209,723,1176,905,1204,1014,1154,854,1197,1028,1287,1421,1418,1282,1165,1026,1205,1419,1343,1298,1169,1032,1342,1543,1305,1022,1520,832,1212,924,917,1377,1297,956,1280,1376,1205,858,1397
896,738,604,831,709,962,876,639,933,899,766,726,846,603,751,865,984,760,716,760,756,671,657,732,719,977,792,893,776,904,596,825,778,984,906,627,634,751,980,752,854,742,968,700,742,654,980,683,647,648,639,570,843,788,997,616,559,546,837,713,814,622,585,680,698,756,988,762,652,757,617,868,625,615,577,777,864
that's not fair.
947,1128,696,984,1496,786,1152,1135,1363,999,1162,931,695,1267,919,1362
666,687,762,675,686,737,938,818,585,673,957,776,765,586,677,878
he's not in right now.
1118,810,1493,784,1204,1159,1384,992,1208,1275,1135,1173,922,1262,1036,1139,1021,1182,1124,1372,803,1367
711,636,666,731,969,816,583,664,971,608,825,962,680,620,793,735,663,981,852,615,676,861
i'll come back later.
1296,1455,1387,1378,1150,929,1358,1221,864,1207,1085,718,934,1299,1203,1389,705,1040,901,965,1398
625,718,735,734,977,897,660,884,667,991,917,786,898,712,984,731,771,719,669,712,956
how strange it is that our dreams often prognosticate coming events.
1107,1336,738,1140,775,1008,903,692,1115,1012,841,1175,1284,1000,1175,1244,795,1016,989,1152,702,1023,1190,1357,1211,930,1200,893,943,866,720,1246,808,1211,1381,962,1042,869,1181,1206,1423,944,1334,1048,1192,1393,827,1057,1287,946,750,1065,882,1231,944,1395,1253,1324,1186,1075,1230,883,1043,916,1206,1056,822,1417
760,611,692,984,755,719,694,779,881,807,655,972,618,698,976,613,767,690,692,735,775,711,957,598,576,669,978,735,662,668,788,871,738,964,600,780,693,626,866,969,600,669,573,767,868,582,742,678,600,857,791,673,672,998,837,594,849,580,822,776,1002,655,921,647,890,706,738,868
then a match was kindled and fire applied.
should've mentioned i worked on the mustang with my dad.
888,1059,754,1080,1130,654,1128,1189,660,967,843,1074,1161,730,673,776,1140,1264,1298,1101,861,1367,864,869,1171,678,1140,850,1181,942,1257,917,824,1175,683,1391,1372,1348,1274,839,858,1360,1556,796,1117,1348,1173,1352,871,1562,993,816,1169,1227,838,1174,1002,1313,1388,1148,850,893,1186,1302,1190,797,1385,944,1291,874,912,1207,1374,1174,1222,1031,1151,885,1204,1226,1189,838,1056,744,1188,1028,1198,820,1305,1029,1154,1199,1259,1137,1228,897,739,916,1394
661,718,654,847,958,778,949,868,781,688,865,732,963,684,806,790,979,708,575,855,773,731,649,778,1002,793,855,775,1021,800,631,682,654,1019,800,648,647,775,613,665,752,905,697,780,736,640,593,749,737,737,897,689,1002,868,671,861,704,607,620,794,646,741,969,602,951,663,628,664,730,656,769,978,632,841,982,708,749,678,956,900,650,793,707,794,877,786,980,674,652,692,761,980,885,653,933,779,806,755,904
have you finished studying.
1076,617,908,785,1159,1080,1302,1157,1118,923,1231,1077,1226,768,1094,815,840,1148,778,998,1176,873,1091,1261,1127,1012,1378
737,768,826,642,942,639,586,595,975,761,610,848,599,761,728,606,723,987,783,680,651,765,640,571,807,799,854
can you speak louder please.
people picking apart michael lewis and malcolm gladwell.
902,626,1090,1137,1109,1337,1197,1143,756,1377,815,680,1270,1179,1348,1326,1172,873,844,922,1174,1388,1320,842,701,801,865,1391,1522,1411,828,1342,1376,1298,862,1155,1352,1198,916,1237,1117,1019,995,1145,696,1410,686,934,1018,1116,1192,1252,912,1118,725,860,1328,1170,1349,850,797,1274,822,1181,707,1144,904,1176,1189,670,1329,894,1309,1318,1218,1121,873,1269,632,789,694,766,1255,1253,1290
911,772,836,964,671,628,646,960,752,649,667,798,745,967,722,616,615,768,679,684,976,625,715,686,814,761,667,907,670,639,665,633,665,736,691,997,670,575,868,715,890,756,774,1017,784,638,789,695,718,1016,894,671,872,794,790,686,774,1010,770,677,684,659,762,1000,791,881,729,1024,857,780,694,868,749,597,868,976,743,707,793,728,669,644,750,747,910
really helpful and informative for starting off.
846,768,681,1326,1320,1091,1115,1137,810,1355,1430,934,1191,1345,1173,694,1163,882,1186,1292,1122,958,1355,953,1262,723,1039,1303,1048,877,1179,994,1401,977,1193,855,1062,726,958,1056,1318,1169,1051,1210,1392,1015,1018,1431
656,630,759,722,716,626,963,713,620,731,572,740,579,660,941,746,809,677,974,604,818,720,598,652,831,739,660,575,857,602,987,747,602,656,977,749,679,757,651,660,598,824,750,983,626,770,760,904
what's your favorite movie.
in the case of mobile connectivity, a rising tide does not lift all boats.
676,1111,609,922,1516,748,1129,1111,1334,1191,877,1173,924,650,946,1360,916,1258,991,822,1150,1181,1340,961,1250,835,1374,1568,1170,1081,1185,952,1114,817,1162,893,688,785,847,1153,1358,956,1148,1241,1375,1050,1291,1373,870,1221,928,1353,1152,1166,854,919,1021,1296,991,1286,1032,1143,1310,1224,754,1218,962,1318,857,1321,1184,1027,1188,1016,1295,899,878,1208,921,1363,866,826,1189,1122,1365,1037,1175,1360,1271,990,1059,1185,738,1380,1380,1150,1050,1348,722,1019,832,1399
635,720,721,652,715,723,987,636,598,592,659,951,733,757,856,634,663,589,670,632,971,865,604,886,609,630,890,658,651,838,976,654,753,635,972,827,760,752,641,997,645,754,1016,877,635,888,608,765,660,967,839,612,840,829,641,830,673,627,853,651,669,634,932,980,803,976,694,636,796,637,828,781,1006,669,636,738,640,1010,756,642,655,742,1031,901,653,691,1056,779,646,785,710,1013,786,762,762,1034,882,583,780,701,737,904
who wins.
brand new canon dslr camera canon.
692,1087,1316,1119,750,1244,1102,781,1335,1573,1060,936,712,1174,914,1177,1129,857,798,1154,944,695,1120,1339,1122,1151,904,814,1353,957,1137,928,734,1210,868,946,724,1168,916,715,1142,1340,1119,1379
657,732,650,957,666,630,822,729,882,709,896,704,791,870,785,997,884,683,692,1023,860,774,894,666,898,1015,756,794,755,692,1030,850,805,894,667,685,787,1018,896,780,894,690,865,885
check this video out.
864,1116,829,895,1252,1179,999,1117,1258,799,1161,991,1248,881,862,1349,1160,1325,1197,1016,1366
827,751,682,886,721,978,713,750,641,760,962,921,641,794,674,648,1028,663,654,714,884
she's older than me.
769,1085,826,1461,776,1172,1358,1333,885,866,939,1169,1037,1122,703,1121,1154,1238,838,1388
765,747,675,731,764,981,621,741,788,681,690,990,718,779,774,880,995,873,668,871
i usually drink coffee at breakfast.
1258,1162,1172,788,1191,694,1330,1319,1089,1164,888,917,1278,1133,1294,1216,914,1365,962,963,863,863,1174,722,1016,1190,1028,952,878,738,1285,966,703,825,1009,1370
613,970,625,775,636,786,703,685,618,980,770,693,635,839,736,999,883,631,791,772,663,678,993,808,734,993,914,707,683,801,774,790,782,760,717,893
nobody in the nba comes even close.
1121,1366,1027,1347,866,1089,1128,1312,1144,1220,1002,1165,861,1225,1179,1030,723,1188,965,1366,1224,874,827,1180,865,1017,880,1191,1224,952,1379,1349,835,879,1415
850,679,900,678,780,638,957,625,873,1000,702,753,666,983,867,904,785,1005,873,647,871,702,760,997,694,891,680,873,1007,862,759,669,788,690,918
it's august twentieth fifth.
the knight was gallant not only in war, but in love also.
1330,1007,1549,814,1218,715,1194,1041,1201,831,1050,1228,1042,869,1155,1153,1015,1325,878,1036,1173,1225,911,1321,948,1002,1158,1423,1625,822,1090,706,1086,1169,1047,1175,890,1096,915,1115,659,610,711,1107,935,611,1323,1327,595,1068,913,1119,1068,1284,947,1126,1299,1069,1280,1041,1126,1207,1075,1154,740,654,895,1258,1167,1008,1138,996,1145,1239,1109,1188,1340,1335,957,825,1174,666,1317,768,1291,1318
643,699,757,767,1016,779,655,794,646,767,704,1017,719,630,906,882,694,669,652,683,762,1003,753,656,770,695,785,917,729,657,670,594,926,654,861,573,701,682,601,934,602,711,702,949,717,705,671,656,724,838,643,972,824,635,656,957,627,867,734,625,996,613,876,993,637,722,646,935,1001,877,613,648,1045,595,845,980,728,602,858,652,993,752,740,757,635,913
time warner is the devil.
904,1183,1141,784,1143,718,626,859,1094,811,888,1156,1218,752,1139,978,1088,821,1146,822,833,956,1237,1332,1402
649,616,815,626,972,636,708,642,869,598,618,953,606,708,985,660,742,618,968,678,615,865,617,733,902
in other words, the rejection was a bureaucratic, procedural decision.
1190,1057,1114,1268,909,1057,772,834,1131,709,1257,845,829,744,1215,1156,946,1078,802,1134,862,792,1170,821,868,969,1260,1311,1094,1161,766,685,775,1156,700,1153,1033,1164,915,842,693,1156,888,908,659,993,1235,881,1271,1165,1349,905,1285,885,840,846,1137,893,696,1306,1135,891,848,893,1250,797,1243,1324,1107,1387
609,820,954,608,644,695,608,647,939,655,606,647,724,738,886,936,665,717,631,953,651,618,713,632,828,664,577,620,817,967,655,717,712,952,755,956,860,632,650,618,733,637,835,655,721,674,641,838,925,971,635,653,636,837,621,781,634,675,778,774,1020,757,650,860,645,750,653,653,864,894
i love lebron.
1229,1131,1333,1338,962,815,1146,1327,843,1027,919,1298,1187,1377
594,970,710,617,869,633,977,716,640,876,672,668,811,827
do you want to go with me.
835,1337,1155,1085,1314,1184,1156,713,645,1126,959,1172,956,1340,1172,994,1359,1175,760,1301,965,1117,1175,1238,826,1447
715,594,918,612,539,525,888,575,646,747,621,923,623,580,904,703,551,904,585,528,595,665,892,793,547,817
i want to meet this dude.
1273,1212,747,659,1167,979,1221,983,1382,1205,1138,812,811,990,1173,964,1142,1261,739,1182,881,1200,891,877,1362
545,888,569,634,765,614,920,622,569,906,694,489,482,533,823,536,600,507,543,868,632,549,635,550,750
i'm ok.
only a smattering of fans remained for all four ghastly quarters.
1232,1387,1192,1176,1352,1259,1408,1476,1390,1118,1345,1114,1105,662,1148,745,1237,668,978,969,859,903,1302,1165,1025,1184,1378,951,1188,968,733,1160,824,1256,927,880,1274,733,1327,1175,902,914,1229,987,1374,960,1218,753,1374,1384,1219,990,1369,1208,969,1206,976,1149,678,798,1018,1378,1149,1187,685,1205,711,953,1036,848,935,807,1384
537,638,831,918,549,637,756,638,526,738,633,548,873,652,915,619,772,665,570,567,528,552,539,721,650,944,563,661,900,661,676,787,660,872,580,564,811,697,558,769,543,641,952,692,553,580,878,655,632,611,943,693,570,562,573,899,678,685,697,679,635,702,606,947,606,588,711,612,632,563,589,663,847
do you want to come with me.
856,1358,1184,1114,1322,1190,1129,729,664,1132,971,1183,979,1349,1184,904,1351,1208,842,1224,751,1259,984,1194,1232,830,1395,1349
640,546,923,540,496,523,909,584,679,766,607,935,614,576,957,798,596,771,567,978,581,508,597,917,775,577,820,885
hordes of puzzled tourists, many with rolling suitcases attached, poured down the staircases.
ust got back from church, and i totally hate insects.
1117,1290,847,828,813,759,1234,1373,933,1183,1427,1207,723,757,1400,873,886,1197,995,1341,1176,906,1256,816,1011,812,1310,1206,1238,699,1156,1127,1174,801,1257,1032,1130,1177,924,1356,1350,1366,1307,1152,1027,1223,821,1227,1303,1014,945,726,845,895,830,1282,740,1047,1039,735,925,1145,875,918,1323,1222,1431,1359,1236,953,878,918,1180,907,1375,819,1129,1190,1024,1166,861,1210,823,1022,725,1311,935,944,722,852,896,840,1395,1589,1213,830,1016,1227,1074,1415,1060,1246,1111,803,962,1311,1211,1000,958,1401,1295,1267,972,1188,1226,962,948,1189,1331,1257,784,963,1254,1230,1338,1250,1081,1396,1062,776,1408,1417,1150,1195,1171,754,1071,939,1247,1339,1197,905,948,988,1080,904,1444
657,486,559,646,553,642,897,538,690,911,522,501,733,755,636,527,663,964,602,554,521,578,522,661,592,667,779,927,788,665,799,558,897,576,552,588,681,916,570,556,669,644,540,764,676,937,682,597,559,604,734,664,673,556,644,885,675,597,598,661,815,702,545,671,807,894,515,490,508,547,500,622,870,598,504,520,739,885,559,598,484,841,593,537,583,483,507,682,580,622,506,578,793,546,489,583,537,855,641,475,546,856,763,644,752,600,871,629,537,511,715,891,732,634,542,543,725,640,769,888,652,627,896,916,518,889,594,535,577,655,636,618,527,889,677,641,577,519,895,527,716,616,527,714,542,641,759
such an inclined passage following a seam of coal is known as a slope.
656,1110,774,1019,1062,571,1058,1131,1190,1070,776,1260,1195,1045,723,745,1097,1333,577,678,685,577,909,731,1121,849,1244,1257,1250,1274,685,1201,1054,939,1111,635,1122,728,759,628,1151,1132,1272,890,1131,850,1258,635,1308,1126,1219,754,1129,1181,1054,1287,713,1076,1116,640,745,1092,641,1110,743,1268,1252,1324,800,1332
742,661,829,748,975,779,813,971,640,813,842,705,621,863,665,728,1004,638,764,770,763,779,787,654,985,794,650,749,731,641,672,629,851,792,1006,781,964,765,660,777,831,988,634,798,981,864,619,796,728,1012,634,765,1005,759,905,676,671,894,1014,779,759,1004,790,985,779,757,669,675,645,902
today is a good day.
857,1270,769,595,1041,1081,1231,715,1133,605,1125,934,1327,1321,820,1115,823,630,1036,1359
707,646,756,792,642,985,663,770,994,792,994,790,665,672,793,1011,769,806,636,908
lets go lakers.
what day of the week is it.
1298,789,934,717,1119,956,1325,1128,1302,632,1212,791,873,723,1338,1538,717,1111,615,934,1164,819,627,1053,1131,1326,912,1184,955,1114,790,1149,734,816,810,1258,1153,1263,765,1164,1252,955,1362
704,702,721,774,1001,840,651,988,732,788,734,674,692,751,887,636,661,736,774,694,977,753,786,621,963,618,805,983,696,744,675,987,673,640,660,756,1031,657,771,1014,633,716,882
when are you moving.
therefore he made up his mind to accede to his uncle's desire.
715,1086,780,1109,1156,631,853,789,1143,1100,1308,1175,1165,1197,1317,911,1289,1133,992,1411,1565,943,1114,778,875,793,890,1325,883,792,1195,1124,802,1188,1207,629,830,816,1203,1199,1403,1191,1147,1312,760,1183,1220,1308,1138,854,1208,960,1403,1186,700,859,866,836,847,841,1210,985,1388,1182,1146,1305,771,1204,1214,1125,879,1352,847,1496,782,1224,868,865,834,1309,923,858,1490
685,725,665,839,964,791,692,674,1005,682,625,645,984,848,652,894,640,850,803,870,618,687,734,657,681,651,772,631,676,658,983,756,666,990,830,780,738,667,977,651,626,920,727,587,754,964,819,613,845,786,991,712,621,989,799,847,867,656,781,655,985,709,653,986,769,641,750,1007,627,881,877,707,683,741,773,1019,781,672,813,658,692,693,906
he's an engineer.
1092,747,1408,741,1159,641,1111,1157,773,1100,982,1268,1133,815,822,888,1403
736,658,708,762,993,794,827,995,678,906,814,646,864,653,649,682,887
great stanford course.
965,808,887,673,978,1165,778,983,669,1122,910,1361,904,844,1136,869,1300,1164,895,767,836,1406
791,669,685,798,709,998,793,711,798,895,823,639,690,802,991,887,651,639,684,783,675,887
what's your favorite movie.
723,1111,667,979,1468,776,1170,1170,1362,1248,902,1162,892,678,931,1377,898,1263,972,833,1166,1191,1345,971,1273,825,1373
682,741,765,700,666,745,995,637,599,651,692,960,770,789,875,628,681,614,683,657,979,799,576,865,594,653,833
is there anything cheaper.
1227,734,1123,953,1110,818,884,828,1134,647,1103,1091,955,1092,1227,1090,955,1148,856,1090,773,663,1377,807,888,1392
600,721,952,668,709,642,654,634,950,742,838,611,676,740,620,795,735,968,864,752,640,773,640,632,654,856
on my way to see star trek
1292,1127,1173,1212,1104,1155,729,683,1100,1151,973,1330,1167,748,809,820,1151,778,983,670,892,1166,1000,898,831,1247
587,825,930,825,589,946,669,758,634,966,689,637,978,764,651,653,990,757,688,749,673,988,691,659,648,761
i'll call back later.
they call every number.
1232,1509,1383,1364,1172,853,656,1285,1303,1129,1028,699,901,1256,1175,1353,703,942,824,911,1365,1503,963,1132,819,1117,1155,873,677,1395,1393,1205,825,977,845,911,1122,1170,1228,1221,1242,1072,884,955,1443
644,723,731,726,971,816,774,742,718,999,870,772,871,681,1000,709,789,671,628,676,947,652,701,747,655,570,980,868,751,694,695,1009,651,924,657,684,640,1017,866,601,891,913,666,681,883
can i borrow some money.
would you like to watch tv.
870,690,1154,1196,1301,1210,1023,1385,936,956,1378,811,1208,828,1392,1265,865,1220,1270,1367,1203,841,1123,1459,1582,768,1333,1217,1382,877,1188,1131,1361,1246,1210,1371,1304,1298,816,1237,1016,1398,1209,785,718,1011,911,1144,1217,998,978,1390
887,784,847,984,637,970,882,625,700,700,636,672,978,759,659,864,660,987,849,653,843,664,617,864,633,656,606,583,698,751,990,645,580,588,1014,749,608,724,650,986,697,606,991,661,724,676,837,750,1012,681,892,904
is john here.
1318,812,1226,1166,1376,1166,1175,1208,1148,843,923,846,1400
609,779,962,749,621,747,863,1029,779,673,699,672,891
it's there.
613,983,1376,802,1205,992,1171,843,931,847,1363
768,695,689,756,1019,712,753,661,699,665,886
dear nike, stop with the fly wire.
863,840,740,936,1190,1155,1287,1302,854,1348,1228,818,1020,1366,1442,1209,790,1302,994,1169,1186,1006,1174,848,1174,951,1372,1132,1198,800,1299,941,851,1404
759,654,788,693,969,845,633,722,671,866,978,779,693,614,631,1004,678,629,672,742,993,682,743,623,1011,760,718,660,1028,665,650,669,616,890
when did you arrive in boston.
787,1167,856,1091,1198,896,1287,898,1205,1158,1369,1227,1211,678,905,910,1296,990,832,1192,1285,1133,1198,1049,1356,834,1014,1364,1136,1430
669,727,632,881,986,751,621,742,979,655,610,628,995,771,686,679,615,877,648,993,617,859,994,890,622,767,681,633,833,856
how's business.
1137,1410,812,1522,832,1221,1094,1257,859,1340,1184,881,844,845,1411
737,617,685,693,783,985,895,652,773,637,870,679,764,764,905
my primary debit card is visa electron.
here's a case study on how to use viral marketing to add people to your list
1239,1160,1199,1431,942,1301,1275,715,955,1178,1217,916,899,1075,1320,1056,1215,950,753,951,912,1232,1348,847,1232,1015,1331,845,735,1232,887,1399,898,941,1048,933,1391,1194,1419,1598,1146,854,937,862,1558,828,1242,745,1242,938,753,842,902,1235,848,1039,1228,923,1152,1209,1386,1200,1245,1189,1451,828,1247,1051,1422,1251,1244,856,926,1274,997,1341,962,764,1454,1259,1310,767,975,1356,898,1069,1359,1206,1059,1254,1014,1354,1223,751,941,938,1237,1418,895,1387,1417,1356,905,1185,1050,1386,1182,1138,1363,1227,953,1189,1383,1315,850,1052
839,660,990,636,693,616,874,776,696,657,980,759,669,877,625,715,975,870,784,694,755,975,647,772,982,894,650,797,791,985,689,745,677,865,703,684,670,870,873,690,730,650,679,645,707,733,987,762,987,871,782,769,667,985,765,695,646,750,661,962,657,836,1009,753,647,666,1000,710,671,991,648,771,666,1020,887,619,700,786,745,1018,872,803,696,768,669,711,672,867,793,1028,736,654,967,789,750,736,1001,642,660,626,724,742,674,1024,713,695,1016,713,657,677,709,1009,782,682,786,709
this is mrs. smith.
928,1136,1251,786,1154,1246,815,1161,1198,877,786,1365,1228,813,1273,1314,1022,1167,1398
692,733,627,742,962,657,756,959,832,684,767,851,967,762,843,634,712,738,841
has been a bit crazy, with steep learning curve.
1122,617,782,1192,1045,821,845,1127,1176,682,1199,1045,1267,1037,1193,909,902,708,756,1072,1308,1155,794,1272,1010,1120,1175,817,1025,873,881,1391,1172,1306,849,725,938,1124,1275,1118,1017,1180,899,1189,917,977,840,1339
733,771,755,973,882,664,670,833,989,779,987,881,650,694,974,889,699,807,868,644,901,981,692,631,693,743,984,763,711,651,653,682,971,747,660,780,692,863,660,842,775,1010,837,688,667,864,647,868
do you believe that.
does this road go to new york.
904,1364,1205,1174,1398,1263,1218,1028,838,1336,1271,848,1004,851,1189,999,1127,714,1007,1350,1548,876,1357,848,811,1193,1014,1152,1274,822,1181,906,1346,715,900,1192,1024,1386,1198,1007,1381,1188,1135,862,805,1199,1120,1337,917,1256,1385
760,677,983,698,636,653,959,799,631,679,585,650,824,648,932,706,731,757,694,837,665,733,616,632,714,977,693,741,632,732,961,690,639,777,737,973,774,656,970,717,655,990,827,658,669,987,685,616,667,750,844
would you like to watch tv.
768,1338,1186,1381,899,1191,1140,1376,1243,1170,1383,1326,1298,843,1210,996,1347,1184,814,756,1019,909,1163,1229,1004,964,1380
693,642,656,732,750,1000,689,651,668,990,752,647,743,649,1016,708,619,957,697,768,676,846,728,966,696,904,860
in other words, the rejection was a bureaucratic, procedural decision.
1319,1130,1205,1391,973,1148,849,930,1198,788,1400,933,887,822,1324,1222,1011,1141,866,1184,876,817,1174,823,855,974,1296,1371,1118,1192,786,698,795,1185,720,1190,1049,1194,924,858,730,1206,930,926,724,1041,1272,925,1263,1227,1395,923,1318,919,851,886,1170,916,722,1341,1187,916,881,949,1278,839,1260,1371,1135,1332
598,779,944,608,676,708,640,669,921,653,606,662,707,760,859,958,686,716,645,957,667,626,713,625,807,649,591,616,788,972,676,737,746,977,775,975,869,652,685,646,749,641,841,673,767,704,629,854,820,912,617,674,603,836,635,756,627,678,743,745,987,722,634,826,631,729,594,584,807,799
please take me to the airport.
1409,1338,846,689,807,881,1183,1032,736,1242,886,1186,1216,863,1196,1025,1381,1182,1033,1146,888,1200,743,1272,946,1438,1359,956,1053,1403
625,710,652,742,716,639,968,667,749,692,644,971,836,628,975,676,632,968,682,755,632,979,765,626,650,636,577,667,687,851
i'll have a cup of tea please.
1291,1479,1384,1376,1209,1147,730,1002,861,1225,744,1229,925,1207,1436,1209,1377,977,1221,1019,885,749,1192,1418,1354,862,747,839,907,1408
612,689,699,693,971,748,747,812,618,951,741,962,821,617,620,959,627,737,966,657,598,724,958,636,692,601,742,712,617,857
do you have an appointment.
so much fun.
893,1349,1204,1160,1367,1248,1182,1162,691,1009,862,1220,700,1174,1205,716,1452,1443,1398,1348,1171,1055,1255,898,1173,1057,1446,1568,843,1419,1212,1246,1231,928,1143,1209,985,1274,1137,1444
692,615,958,636,593,591,959,736,713,808,619,971,720,799,978,727,628,627,562,545,813,654,830,616,838,651,820,654,714,588,985,809,616,835,731,970,731,593,832,811
where did it happen.
are you burning more cash than chrysler and gm.
825,1160,849,936,858,1193,890,1313,904,1207,1326,1021,1211,1159,696,1472,1448,862,1171,1448,1618,713,919,853,1171,1169,1422,1276,1193,1038,1269,924,1167,1327,1159,1021,1228,1263,1410,945,862,1217,922,704,823,1110,1203,1001,1175,729,1142,1206,925,1133,906,1130,831,1359,891,959,1212,761,1166,934,1217,1077,1279,1491
654,708,612,645,603,967,696,609,695,956,591,655,937,721,727,621,632,612,835,808,637,734,655,613,951,635,575,583,931,836,615,644,830,611,793,737,948,827,622,646,612,979,793,732,708,739,939,654,718,716,815,961,802,719,641,622,738,690,601,615,967,740,808,724,981,755,812,776
guess i'll be retiring my g and start using my developer g
then a match was kindled and fire applied.
919,1130,764,730,732,1118,1217,1476,1340,1338,1134,986,806,1125,851,794,943,1227,863,1211,1079,967,1133,1180,1046,1095,964,1109,641,1086,852,1143,769,979,642,894,976,1150,1154,759,1227,1097,986,1133,1170,1063,1130,865,844,957,841,1294,1287,1384,835,922,1148,1019,1518,974,1116,678,1126,1160,688,1179,1199,683,989,905,1110,1167,767,682,782,1171,1250,1276,1111,873,1331,829,861,1152,708,1115,874,1155,955,1253,935,856,1168,695,1357,1354,1295,1212,822,872,1349
705,584,621,692,696,911,586,656,673,669,924,833,627,927,647,616,659,588,632,600,783,718,940,809,618,934,743,951,718,809,689,964,710,649,711,651,652,946,620,718,600,760,745,956,839,641,967,734,628,837,610,730,628,596,618,636,935,756,709,687,734,731,814,942,745,937,846,747,676,818,743,943,647,746,710,937,707,620,817,712,713,632,711,983,753,834,697,972,771,632,676,642,934,748,663,668,711,639,628,725,842
i'll have a cup of tea please.
1292,1494,1418,1398,1188,1137,689,1008,852,1169,708,1191,882,1217,1419,1193,1396,960,1203,994,848,693,1183,1423,1352,850,716,811,883,1433
611,710,716,720,971,733,765,836,655,979,759,964,836,632,620,945,637,756,977,670,652,738,988,653,701,632,738,741,651,857
best athlete of our generation, if not all time.
1025,827,786,1013,1168,696,1022,1158,1345,846,1006,861,1189,1366,966,1170,1363,1222,922,1208,1036,863,1169,865,943,701,997,1305,1392,1154,1328,1243,1293,968,1196,1165,1392,1027,1206,721,1403,1382,1214,1013,1302,1233,882,1412
849,647,732,684,950,759,677,708,674,645,674,633,946,617,753,963,673,603,669,958,775,622,839,631,656,717,669,608,631,824,872,966,607,748,956,810,620,690,1002,758,695,703,983,703,625,824,654,810
i'm not married.
call the police.
1257,1421,1296,1253,1172,1390,984,1209,1265,712,944,943,1301,884,902,1414,1512,946,745,1411,1414,1194,1021,1168,872,1212,1432,1354,1385,1322,938,885,1410
609,703,847,964,827,635,683,968,847,763,645,649,654,600,708,856,702,831,767,692,692,981,690,743,636,949,652,614,746,632,856,676,827
when i went to the store, they didn't have any apples.
658,1018,734,999,1054,1164,1074,645,734,1005,856,1052,869,1240,1082,913,1054,768,1078,722,927,1246,839,776,1214,1112,927,1053,785,1031,1105,824,1206,822,1064,1428,961,1115,1065,610,906,768,1114,635,1072,1012,1064,665,1295,1298,1232,804,757,1304
628,633,585,747,892,531,883,598,587,750,620,911,640,560,909,636,654,586,915,689,627,530,606,601,808,925,676,676,597,538,906,729,540,714,793,647,656,946,679,717,793,602,953,732,813,564,949,734,579,579,657,627,722,831
his detective work is fascinating and wide ranging.
1024,1180,712,1113,836,805,925,809,841,936,1189,911,792,1125,727,1318,879,1214,1137,1244,749,1145,896,673,753,866,1245,1091,661,963,1238,1096,970,1133,670,1102,851,1130,771,1224,875,846,1132,899,679,1080,963,1229,1071,976,1347
723,584,694,920,741,630,664,605,777,626,580,851,610,934,638,593,644,695,942,578,716,949,724,736,696,829,599,828,739,671,609,837,743,973,776,838,698,984,673,618,745,641,951,672,753,822,767,616,783,760,843
but despite racking up world titles, olympic gold was eluding him.
989,1157,947,1115,831,796,759,1338,1201,971,805,1158,867,659,847,1231,1256,1079,961,1145,1166,1379,1192,748,1355,881,1311,866,1150,988,1249,984,1332,851,796,1291,1204,1325,1370,1117,1235,1402,1233,876,1172,1010,1330,1324,884,1162,781,698,810,1157,856,1330,1186,905,1276,1148,1035,1197,1118,1278,1231,1415
856,584,652,929,717,615,716,582,538,655,624,929,648,737,851,657,581,775,743,945,605,586,888,651,565,646,700,721,977,673,609,679,675,626,713,833,951,599,716,609,822,581,535,838,939,758,588,692,734,953,652,737,753,956,637,719,605,747,595,795,778,979,716,597,806,811
she later found work as a teacher's aide in a head start program in harlem.
737,1112,803,1148,1322,660,970,819,904,1130,924,1296,1150,1101,856,1152,783,1340,907,1235,1157,707,801,1158,670,1156,981,829,696,881,1098,848,918,1512,791,1150,697,1292,895,858,1159,1259,1123,1177,687,1175,1131,854,689,902,1202,808,1013,715,937,1022,1180,1412,897,1336,1024,916,711,1233,1216,1270,1148,1212,1157,684,924,1343,866,1235,1437
717,701,635,925,679,724,690,627,671,952,747,603,597,831,709,967,649,599,666,696,947,764,741,956,741,959,686,635,751,844,737,616,657,690,709,972,748,620,738,644,959,634,832,971,742,964,737,642,737,717,964,730,693,748,687,683,952,623,668,633,766,672,753,794,947,641,795,958,729,731,674,715,642,818,864
the great indian tamasha truly will unfold.
955,1100,820,1155,1013,907,818,690,1014,1132,1273,1117,888,1244,717,1107,1147,1008,669,1205,689,809,1129,720,1180,1033,929,1174,1358,1117,1150,799,1243,1332,1331,1156,1180,1120,972,1339,1323,892,1369
688,680,626,912,778,670,635,747,669,957,603,792,732,621,768,852,986,686,724,831,737,726,748,750,947,718,669,657,692,627,949,654,618,684,691,973,638,831,773,623,710,750,843
you're welcome.
1111,1338,1192,1468,911,854,1127,765,843,1337,876,1344,1173,811,1397
602,564,571,694,660,652,938,637,615,680,844,601,774,638,790
is your father home.
check out his dinner speech on cnn.
1209,723,1111,1077,1318,1174,854,1127,903,674,971,1114,843,935,1126,1099,1316,1206,828,1371,1588,863,1112,810,855,1267,1153,1338,1196,999,1146,1112,1308,803,1184,873,1144,1135,863,953,1182,1179,828,1390,866,879,891,1129,1153,1322,1095,1161,898,1128,1111,1334
550,734,878,597,557,564,656,929,734,743,672,681,613,647,909,697,606,755,627,766,625,802,694,623,786,657,934,600,605,657,937,732,578,679,925,708,770,769,614,652,944,916,712,580,617,630,821,707,942,626,812,962,833,848,832,824
i am sick of scams out there.
1272,1170,685,1236,1205,779,1303,882,1292,1204,1389,940,1184,808,915,694,1250,812,1229,1404,1246,1022,1185,1001,1154,867,939,862,1418
560,896,706,754,926,688,562,772,640,920,579,700,912,693,801,725,786,715,899,587,569,654,910,677,674,599,637,608,770
now i wish he was with nike and not adidas.
1153,1358,761,1167,1278,1167,764,1260,872,1131,1167,1133,835,1169,773,702,812,1178,780,1295,1002,1105,1160,1136,1259,1258,833,1165,687,1124,878,1180,1128,1352,982,1163,696,876,1242,882,699,803,1354
770,572,632,920,570,919,621,582,779,683,911,687,628,952,627,706,688,950,626,593,655,710,938,793,597,680,605,959,735,809,697,969,860,629,669,977,742,697,617,710,736,705,805
excuse me.
can i help you.
871,857,903,1183,823,868,1206,1264,868,1447,1502,954,746,1212,1239,1348,1231,1167,849,1437,1483,1195,1174,1417,1253,1355
628,786,857,602,719,624,927,810,636,809,654,825,749,805,948,607,962,734,627,686,608,966,634,594,594,903
that's too expensive.
my exam went good.
965,1170,741,1012,1519,821,1207,1050,1393,1340,1223,884,896,1475,881,1204,847,1317,1027,863,1437,1604,1261,1186,1218,881,854,718,1315,1232,754,852,1205,1001,1233,1024,1392,1399,917,1467
692,712,769,687,683,695,984,674,626,620,965,627,822,642,623,850,712,623,843,617,849,669,839,631,978,631,788,765,830,967,647,626,844,665,951,781,614,613,722,820
i still love my kindle.
his detective work is fascinating and wide ranging.
941,858,448,621,974,973,1050,886,1050,1069,668,514,920,934,826,847,964,977,833,580,1107,527,1146,1328,859,1001,505,931,577,572,718,589,624,754,1035,764,591,936,549,1099,693,1019,938,1036,578,948,727,477,596,693,1031,900,471,777,1048,902,791,949,479,904,657,957,594,1035,667,640,951,718,495,932,804,1061,919,793,1205
503,825,675,609,497,499,560,842,541,493,796,574,892,714,539,843,638,509,771,684,642,579,736,593,641,510,670,892,688,580,618,572,831,618,528,847,586,910,607,511,612,653,938,541,706,928,715,727,703,831,575,772,728,655,574,751,737,929,742,778,678,931,648,576,731,597,943,645,713,784,752,600,766,737,791
is your father home.
1052,589,951,908,1147,988,677,965,734,478,776,939,642,714,956,897,1131,1026,644,1222
541,710,922,608,557,566,635,940,730,729,658,698,622,647,930,709,601,775,614,795
i still have a lot of things to buy.
i'm twenty six years old.
1077,971,610,771,1051,1117,1138,960,937,462,769,611,986,512,983,1149,1136,806,981,1152,760,994,831,941,1091,933,815,634,1021,813,1165,976,856,961,890,1187,1419,1117,1313,1093,1024,831,625,674,974,858,931,987,636,1096,691,1012,934,687,539,766,650,982,1172,1175,738,1287
574,907,703,641,575,657,647,937,710,714,793,598,956,716,977,710,614,649,983,636,747,993,670,728,621,816,739,724,982,679,616,964,863,599,597,812,659,572,716,847,991,670,607,570,810,651,604,940,733,587,803,965,619,623,716,655,698,974,637,715,715,836
warren buffet became the richest man in the united states.
580,538,749,757,670,931,1017,864,1040,792,794,700,849,1002,888,714,756,575,1115,723,1045,866,1018,726,1036,785,1126,761,1000,707,658,869,1026,1058,578,1009,1047,1150,983,1054,870,993,734,1035,1040,1006,1119,866,770,766,1055,709,898,541,884,724,694,1265
632,723,652,638,589,819,930,836,575,713,708,594,646,920,842,630,801,740,797,642,955,680,709,628,949,652,595,799,708,620,704,665,954,833,724,867,976,599,825,969,664,713,599,958,618,829,597,641,595,691,953,693,661,694,664,594,694,809
his detective work is fascinating and wide ranging.
963,1117,662,983,735,729,864,728,775,860,1124,878,743,1051,648,1209,798,1127,1052,1137,713,1069,827,612,706,806,1152,1011,595,915,1150,1006,888,1036,605,1007,804,1052,677,1150,794,764,1054,800,592,1017,906,1152,1000,911,1301
702,574,693,939,681,626,684,636,848,659,577,851,622,923,635,590,655,691,964,585,771,948,752,787,739,858,579,827,757,699,604,793,769,960,734,844,734,971,645,596,753,630,963,670,767,836,788,631,809,784,829
it's a bank holiday, yet i'm only out of work now.
1119,865,1316,722,1077,606,1071,946,621,1041,1146,1085,1014,1248,1223,1158,813,622,987,1181,1123,1001,807,919,1119,1183,1369,1150,1095,1273,1058,1264,1035,1054,1252,1091,950,1079,1250,888,1072,734,1272,885,1168,1095,1036,1272,760,1313
608,671,690,722,972,758,974,894,766,808,692,960,733,602,693,572,769,766,600,856,948,621,622,675,942,621,700,837,970,626,842,733,633,969,624,596,702,982,623,800,988,679,631,700,735,996,885,628,666,851
the survey's margin of error was plus or minus four percentage points.
863,1026,754,1065,720,1080,853,885,761,1018,1429,726,1089,1174,627,862,954,1204,1037,1120,1309,872,1093,805,847,858,1294,863,1092,731,658,751,1118,1341,1282,1145,772,1112,1318,880,1081,1152,1201,1077,1095,768,1107,904,1305,1152,885,1115,1372,807,888,844,806,1067,960,678,978,823,1130,1325,1262,1185,1072,984,761,1369
677,688,660,927,751,622,683,865,648,601,693,731,966,825,744,675,786,623,826,965,634,754,969,665,689,688,623,695,959,665,741,743,977,639,712,595,751,963,606,689,964,827,634,838,640,736,968,773,613,607,686,978,637,634,675,828,625,866,696,756,771,633,982,512,500,531,809,680,764,841
china doesn't even like you anymore.
801,1046,1196,1064,638,1100,816,1263,770,743,1084,1410,927,1103,783,905,806,1072,1096,1295,1217,1184,809,1111,1073,1292,1168,1084,632,1066,1015,1166,1305,883,801,1332
883,719,598,792,795,959,782,623,657,770,844,675,695,996,669,895,668,867,1010,712,612,712,664,965,642,598,599,958,778,798,619,838,619,692,668,843
i got in an accident.
1201,1088,958,1303,962,1101,1214,1077,1141,646,1094,1135,673,879,896,1211,844,834,1073,979,1325
574,929,791,600,703,923,626,768,944,760,818,940,762,826,828,625,736,655,847,706,849
math review. im going to fail the exam.
sorry, we don't accept credit cards.
1167,640,919,1080,1108,831,780,891,1208,793,734,1275,1159,1222,1165,1138,980,1311,1236,1086,978,1140,965,1313,1132,917,678,1210,1282,1116,971,1077,839,1110,844,830,696,1213,1302,1514,808,1306,907,918,1076,1240,1170,774,854,1147,872,1099,1509,1471,973,1161,713,914,912,849,1381,995,1145,930,926,859,889,1241,1041,1152,920,724,940,913,841,1410
790,757,672,718,948,682,645,847,620,635,665,865,947,626,823,956,764,644,627,843,791,993,713,664,997,796,764,656,743,1001,709,769,654,1002,652,837,771,857,844,667,788,631,693,703,650,884,970,662,643,957,742,795,721,732,713,973,766,826,844,644,643,702,967,870,685,655,769,618,797,943,908,756,708,799,803,827
for anything shorter, it would be insane.
912,1304,888,1103,665,1080,1057,949,1059,1191,1059,942,1149,749,1079,1327,894,993,818,908,1289,1171,1233,989,1146,767,1321,1169,1340,895,1157,1056,885,1140,1267,1106,809,700,1114,851,1365
746,599,683,921,761,767,623,693,717,602,775,736,969,731,717,596,674,692,629,675,878,950,589,692,959,655,575,590,685,730,948,897,657,970,618,825,761,749,850,649,836
they call more than those car warranty guys.
936,1113,827,1075,1127,912,677,1338,1341,1156,1207,1362,913,852,1173,988,1128,684,1134,1167,992,1133,1348,819,857,1146,946,730,941,1169,771,724,921,935,708,1124,1003,1106,1136,1032,1178,1077,821,1388
686,676,651,561,940,810,743,665,657,940,798,615,684,653,955,709,728,743,807,955,689,716,616,714,630,989,831,771,689,980,647,750,662,669,727,887,700,668,955,807,621,624,733,838
it's suppose to rain tomorrow.
1237,978,1444,824,1190,810,1172,1401,1395,1330,805,863,1192,1015,1355,1178,924,709,1271,1113,1168,1016,1343,1230,1356,941,947,1359,816,1388
599,682,679,742,943,723,609,596,596,543,734,626,928,685,608,933,693,746,587,789,943,702,610,794,617,693,696,624,655,852
waiting in line at safe way.
811,736,1250,1022,1257,1132,1022,1187,1283,1146,1211,1339,1283,1127,874,1212,720,1021,1167,833,728,976,880,1170,813,717,1071,1360
664,728,598,680,596,753,748,938,603,789,927,692,588,822,627,940,722,673,943,712,735,750,628,970,643,714,602,830
it's not very expensive.
take this medicine.
1247,1029,1497,828,1163,1142,1367,1024,1171,998,878,947,1106,1182,874,861,1411,847,1140,844,1272,1015,896,1410,1535,1021,732,1302,896,1211,1023,1156,1285,867,1203,1250,890,926,1300,956,1288,1157,932,1409
605,673,679,699,982,822,611,675,950,868,630,667,615,940,621,814,596,599,827,720,624,822,628,809,618,689,738,653,631,952,682,727,608,723,958,810,625,756,617,859,622,802,629,801
can you give me an example.
901,722,1156,1210,1139,1362,1234,1169,1005,1282,1002,870,1210,1236,875,1215,733,1172,1219,877,862,735,1275,1420,1374,887,1445
865,756,779,932,622,575,588,920,772,574,851,631,942,785,629,953,737,809,946,641,801,742,819,604,673,624,815
the minute stain on the document was not visible to the naked eye.
can i help you.
988,1140,846,1180,1187,1273,1132,1174,1002,863,1195,811,1017,733,1323,1161,1214,1379,1167,1225,1015,1166,861,1185,886,1353,917,1218,1233,865,1172,1043,1200,819,732,850,1205,1140,1365,1023,1189,971,1284,852,1276,1101,1375,855,1151,1011,1376,1162,1018,1137,886,1148,1124,720,1240,885,909,1155,886,1117,879,1354,1547,940,726,1161,1231,1311,1209,1112,866,1347,1422,1205,1145,1370,1209,1352
669,654,609,904,810,554,779,575,630,626,923,702,628,711,571,790,938,574,779,926,665,668,604,934,714,561,834,583,823,614,817,651,948,626,722,734,965,812,595,648,946,815,599,735,604,865,687,610,917,669,588,907,663,690,625,931,808,705,700,598,676,956,607,618,608,827,639,776,719,813,925,594,943,729,606,697,593,914,628,563,594,829
