warren buffet on the economy.
i'd like to buy a bottle of water, please.
668,615,828,829,741,1049,1068,923,1122,868,865,765,875,1075,1271,1064,1061,889,1048,758,1077,763,809,1265,1069,1265,1149,966,1332,1574,1211,1437,790,1076,1244,1173,1186,774,1101,896,1263,1094,966,1139,994,1097,655,1088,956,1278,926,931,1273,785,1097,1288,877,1108,707,652,899,790,851,1322,1085,1358,1288,780,651,721,1369,1361
562,647,585,588,562,777,894,717,607,634,637,549,547,873,586,787,906,565,701,540,887,551,743,597,840,599,809,580,798,700,603,704,602,858,688,599,676,546,862,574,590,855,713,607,590,865,653,866,728,586,575,568,683,530,867,589,627,852,543,638,571,543,560,806,875,607,722,539,616,636,826,818
i really liked learning jquery book.
1224,1131,836,774,642,1276,1291,961,1126,1276,1206,1210,782,808,1104,1275,780,652,849,1100,1196,1092,932,1086,1121,619,1130,802,858,989,1083,988,1275,1279,1210,1344
582,837,566,540,622,693,691,572,851,701,610,700,544,632,870,699,539,623,553,808,610,808,641,902,689,545,603,545,571,581,887,729,589,587,684,798
my name is john smith.
1165,966,1103,1102,659,1167,791,1108,1217,740,1108,1137,1314,1056,1085,1062,742,1173,1212,915,1073,1333
778,573,877,802,639,806,553,888,615,616,889,716,596,736,868,927,651,815,621,581,712,800
next time, i'll call myself nike.
1110,778,760,922,1109,921,1190,1160,792,1217,1095,1210,1419,1303,1295,1112,838,676,1293,1302,1117,1162,979,740,802,1301,891,1137,1101,1230,1224,813,1352
773,523,706,576,881,579,542,810,570,788,887,596,697,693,696,873,730,648,696,693,878,779,589,633,539,698,636,869,785,593,680,570,778
i want to send this package to the united states.
1241,1110,735,678,1108,931,1127,931,1296,1125,745,810,1114,825,1132,920,1080,1205,751,1108,1376,671,866,1240,666,958,808,1123,930,1302,1122,962,1092,812,1131,1179,1122,1224,928,806,810,1141,728,919,660,908,789,730,1371
536,854,556,642,786,593,865,592,597,867,630,559,781,636,867,582,700,614,632,879,593,630,714,675,621,656,540,875,594,602,881,584,708,566,873,599,818,622,581,562,643,885,617,577,619,577,555,632,806
it's a good school.
1246,915,1435,751,1126,676,1137,935,1323,1323,825,1143,752,854,1110,1310,1309,1320,1400
582,579,695,615,858,640,863,652,601,600,631,865,635,727,709,604,609,688,813
where is he.
725,1086,813,882,812,1092,1213,724,1075,1077,798,1351
559,668,563,584,553,865,538,637,853,659,553,755
nobody wants to read that.
1099,1305,961,1314,821,998,1113,729,665,1110,929,750,1109,927,1290,1104,871,797,652,813,1113,921,1093,674,929,1369
803,574,730,576,630,592,878,571,642,777,578,623,879,587,607,882,579,550,618,630,875,586,711,628,587,802
when i went to the store, they didn't have any apples.
747,1122,821,1113,1120,1251,1142,750,823,1126,937,1128,941,1292,1122,941,1095,817,1121,764,951,1302,886,824,1217,1099,933,1097,821,1012,1115,840,1211,835,1100,1418,992,1114,1146,694,936,837,1121,706,1103,1018,1122,690,1394,1389,1306,820,762,1354
556,697,555,783,888,608,884,564,556,783,587,892,597,633,900,584,731,559,901,637,597,579,601,567,776,891,599,724,578,607,888,644,636,636,817,726,594,904,627,622,722,560,885,652,777,612,878,653,612,609,711,564,654,794
very good, thanks.
928,820,899,1016,1129,968,1314,1314,836,1278,1129,937,1115,691,1110,1250,765,1372
726,572,582,605,891,676,621,618,629,779,890,596,702,644,809,678,631,807
i'm lost.
it's delicious.
1263,1458,1208,1139,1310,1323,754,957,1389,1504,1243,929,1432,760,1139,835,828,1301,1209,876,1197,1328,1162,768,1344
603,696,787,890,698,610,650,605,806,698,626,597,712,655,904,652,585,731,572,744,582,566,577,655,757
blip shows up as the second entry.
988,1316,1233,1400,1136,776,1093,1317,764,777,1140,1190,1387,1126,708,784,1141,941,1089,840,1115,778,841,883,1266,1099,859,1111,836,1085,935,898,1027,1369
737,661,574,567,853,658,695,587,568,667,862,616,600,863,655,649,864,618,682,585,878,669,578,738,605,813,652,906,585,807,618,597,625,798
i was going to the library.
1229,1129,740,689,770,1128,956,1289,1221,1114,967,1124,949,1294,1121,949,1063,834,1112,1256,1183,988,892,691,905,1028,1413
604,874,558,651,645,878,664,616,614,781,670,889,609,577,850,609,706,572,868,701,617,735,596,647,597,611,791
i seriously underestimated malcolm gladwell.
what should i wear.
1223,1119,765,827,898,1216,1329,1174,766,1303,1014,1126,1163,1109,854,848,920,836,776,950,1225,1182,701,954,825,836,1126,1202,697,1303,875,1299,1311,1197,1133,960,1301,693,853,765,835,1304,1308,1387,1570,766,1102,700,962,1127,779,1085,1340,1188,1335,864,1134,1242,1139,768,844,700,907,1414
607,878,656,584,596,625,601,611,663,707,616,871,600,794,629,568,594,549,649,604,617,779,646,598,546,644,888,800,642,715,726,601,702,801,882,655,719,644,639,572,563,714,710,827,698,576,723,647,604,899,646,721,612,626,722,656,897,618,886,589,580,663,602,793
scientists have been conducting studies of individual genes for years.
776,884,1256,840,1139,956,1242,778,963,780,1120,1099,715,956,847,1147,1009,848,845,1130,1101,888,1302,1150,858,1179,901,956,1209,1115,983,1126,792,972,1156,886,1221,866,797,1123,1296,941,1127,1208,1114,866,1207,958,1210,880,1154,721,1292,1122,986,848,1114,843,785,1110,938,1290,921,1132,1033,843,718,918,785,1427
665,738,625,588,801,619,631,675,620,654,910,714,647,752,590,871,749,592,582,817,920,753,611,798,639,531,744,612,596,801,682,877,615,625,620,685,602,597,690,879,603,678,873,616,800,666,618,769,615,682,630,689,702,885,705,602,822,609,676,904,679,613,626,881,633,585,692,601,683,787
his coat of arms was emblazoned on the cover.
how much are these earrings.
1115,1242,806,1134,909,1330,728,971,1145,1320,940,1160,724,932,1200,795,1139,789,726,806,1145,866,1194,1037,1325,726,754,1366,1145,854,874,1130,1320,1121,1112,977,1106,850,1139,894,1318,989,870,941,1399,1564,1107,1339,786,1148,1201,1177,904,1115,1138,730,928,860,1144,972,1103,867,801,868,1116,855,728,930,931,1235,1121,996,798,1343
715,623,657,907,776,615,681,630,896,625,699,895,680,620,819,671,910,602,673,679,907,600,809,776,744,656,758,617,845,597,682,923,642,838,936,629,748,598,919,772,633,786,609,623,810,722,749,639,599,909,810,640,781,749,921,678,621,599,916,636,735,609,674,599,930,616,695,626,621,642,821,698,682,805
can i have a receipt please.
906,723,1139,1150,1262,1142,1122,719,969,873,1142,723,1144,936,863,911,879,1236,1390,992,1148,1398,1329,862,727,798,865,1428
775,692,826,900,632,919,750,676,786,616,923,684,921,643,615,778,639,657,651,646,920,655,740,616,704,701,608,823
i love the nerdy stanford human biology videos.
1255,1162,1317,1351,954,869,1174,981,1129,865,1146,1131,867,934,887,1054,1154,803,982,720,1137,940,1307,923,873,1156,1123,1169,1234,726,1145,1145,1022,1254,1339,1336,1356,999,1057,1160,969,1258,873,858,1351,798,1388
647,908,729,634,763,603,906,643,733,598,923,826,599,629,683,659,920,677,636,698,848,715,656,636,690,924,764,653,827,693,856,926,789,639,633,754,632,708,647,919,782,639,697,615,630,683,824
a one way ticket.
720,1159,1359,1144,853,1164,789,722,1036,1171,984,1265,897,1268,866,1000,1409
657,906,622,785,598,904,616,675,646,899,642,644,764,725,626,639,798
i don't understand.
1265,1180,870,1374,1146,1482,960,1178,1213,1144,873,867,945,795,987,714,1171,856,1403
640,897,674,621,800,725,623,907,650,807,665,603,623,684,621,676,817,656,800
where did you go.
do you sell batteries.
777,1139,854,920,851,1148,870,1249,870,1142,1028,1351,1208,1152,1016,1396,1398,1542,859,1363,1146,1011,1370,1215,1139,775,841,1355,1346,1160,1022,715,971,971,848,916,1273,843,785,1368
593,709,593,618,578,885,674,626,668,888,636,608,633,890,698,776,790,703,659,616,884,621,602,615,880,666,588,710,716,886,760,670,627,622,588,606,626,592,679,833
going to the dentist later.
980,1343,1276,1138,978,1172,952,1342,1151,962,1134,843,1161,863,848,1166,957,1277,783,979,1157,1393,711,967,842,917,1383
689,620,615,789,685,887,621,620,903,621,718,607,899,668,601,820,622,626,682,636,905,613,663,622,581,602,808
goodby silverstein agency new site.
976,1337,1336,857,1030,1036,1161,791,1263,1328,957,858,932,785,983,848,1222,1128,1152,707,972,842,1136,890,1029,1156,1145,852,778,1177,788,1246,980,861,1395
683,590,594,659,784,629,882,672,623,704,763,597,614,683,635,599,637,810,915,651,675,598,796,760,616,915,809,594,580,896,685,646,639,595,816
soups are presented in big tureens and can be quite good.
800,1378,1245,1418,797,1169,721,941,868,1172,1416,930,866,802,872,1149,973,864,876,1162,1252,1139,1135,1027,1254,1026,1152,978,1186,919,859,857,1151,797,1157,727,1141,872,1158,895,730,1145,1153,1035,866,1150,703,1172,1254,961,1149,1122,1003,1321,1325,881,1446
661,606,593,614,667,878,699,623,613,881,632,625,586,666,601,797,631,597,678,900,632,809,915,768,637,685,907,629,644,611,599,608,813,666,908,678,828,668,910,784,677,827,918,779,607,918,607,657,621,627,903,919,701,627,630,693,829
it's shorter than three miles.
i speak two languages.
1277,966,1493,801,1168,803,1140,1359,922,987,857,917,1155,970,1131,718,1129,1139,977,1135,925,853,853,1137,1244,1264,1336,853,801,1387,1583,1268,1178,803,1411,856,722,1288,1170,1001,791,1356,1176,1335,719,1158,987,1207,720,1010,862,801,1439
619,618,718,668,902,664,718,620,614,632,586,601,918,620,738,656,826,925,617,734,621,592,596,931,813,635,719,578,668,835,717,637,905,666,641,582,672,725,902,626,590,634,904,723,671,812,675,655,666,682,581,676,827
is this pen yours.
1291,798,1196,983,1148,1294,802,1175,1424,861,1164,1167,1028,1355,1223,926,788,1422
635,675,886,623,722,626,656,905,635,575,790,903,631,622,643,599,668,789
one day overcome by exertion, she fainted in the street.
1378,1165,855,1188,875,729,1045,1190,1348,985,879,956,911,1370,1226,864,1176,1045,1054,1178,853,817,866,935,986,1226,1305,1128,1304,1160,806,1135,868,1147,940,729,1237,1139,983,861,866,1145,1251,1139,1114,940,1131,851,1160,790,979,907,848,849,963,1378
616,796,596,893,684,663,638,892,574,770,618,638,757,565,721,590,846,761,622,841,578,731,580,600,611,605,588,791,779,867,660,700,585,882,657,661,608,800,615,571,674,890,616,799,913,607,683,587,862,663,616,588,563,578,601,805
clearly he would not venture to descend while his enemy moved.
894,1351,861,733,938,1357,1041,1169,1137,867,1161,803,1339,1206,1357,895,1145,1158,1349,1000,1149,974,880,1140,1001,1179,933,862,1135,988,1324,1129,888,869,806,918,881,1151,896,1128,803,1102,1216,1319,878,1146,1117,1230,817,1140,875,1151,872,1245,1044,1166,1228,1355,974,873,875,1379
751,693,595,647,602,696,617,872,714,584,887,577,558,563,662,679,868,806,594,617,883,768,590,780,621,618,615,578,897,620,597,884,660,586,679,773,600,784,689,892,587,705,633,702,583,890,701,622,661,900,603,803,598,764,631,869,764,587,745,581,693,798
it's suppose to rain tomorrow.
1295,973,1479,802,1183,808,1215,1417,1417,1343,806,873,1186,986,1372,1180,922,729,1280,1174,1160,979,1357,1238,1369,926,927,1372,786,1459
619,610,716,663,884,661,636,619,615,593,666,592,884,613,604,872,603,663,610,793,895,621,605,800,609,599,596,610,580,795
it's north of here.
1302,961,1492,798,1190,1160,1361,912,979,1149,1155,1369,935,1179,1141,862,928,859,1414
620,602,722,647,891,802,623,601,618,718,921,628,665,905,734,571,602,561,798
it's is a quarter past nine.
1295,968,1483,801,1182,1281,813,1177,718,1174,721,1206,718,928,983,867,938,1155,1398,727,808,1001,1163,1166,1255,1122,879,1349
632,609,717,658,892,635,654,904,647,905,587,625,660,609,627,596,604,890,640,655,660,631,894,801,639,839,593,818
what day are they coming over.
790,1155,734,995,1166,881,739,1054,1182,739,956,875,1181,998,1159,881,1048,1166,919,1357,1241,1281,1161,1014,1171,1360,983,887,964,1411
586,729,662,622,904,648,664,631,895,664,622,574,902,623,734,593,629,909,734,621,807,633,820,679,919,636,762,597,619,795
i get off of work at six.
1308,1202,999,871,989,1186,1355,962,967,1182,1378,965,1158,805,1353,941,1284,1157,728,1002,1159,810,1272,833,1406
632,889,685,584,616,891,640,686,674,902,627,679,874,593,625,613,705,907,658,636,905,672,636,771,816
i have three children, two girls and one boy.
where bailout means taking a handout.
1272,1181,1144,723,970,877,1172,986,1146,933,866,867,1162,907,1141,1274,1355,894,948,876,1161,1282,1122,1000,802,1362,1161,1002,1271,926,1342,814,1160,746,1177,894,1175,1345,1166,885,1156,1038,1351,1053,1412,1522,806,1128,941,883,879,1141,1022,766,1250,1322,1325,1204,1008,1155,1206,874,748,1143,830,1162,992,739,1270,1254,1129,1018,1148,741,1154,1129,742,1148,903,1377,1234,1016,1412
637,887,715,641,742,601,899,633,718,626,601,609,906,764,711,637,710,677,627,613,805,818,928,624,605,615,890,692,634,620,710,677,907,673,765,662,889,613,768,588,901,763,617,644,797,662,613,722,626,591,599,901,769,666,640,720,623,640,639,887,792,590,658,802,673,904,640,673,713,632,804,691,912,672,916,739,652,839,664,624,642,632,791
she later found work as a teacher's aide in a head start program in harlem.
let's go have a look.
817,1111,881,1161,1336,751,999,887,949,1152,986,1361,1229,1163,900,1159,809,1357,949,1265,1156,745,822,1160,748,1167,999,882,733,924,1138,898,964,1482,822,1161,743,1270,898,891,1152,1270,1141,1150,749,1140,1124,885,749,902,1147,823,1011,750,954,1016,1145,1399,936,1340,1014,937,748,1215,1162,1267,1131,1137,1124,745,952,1325,877,1215,1371,1560,1345,871,1002,1454,811,1158,1003,1319,1161,1130,748,995,892,1148,747,1145,1322,1337,1339,1286,1379
673,730,599,900,714,659,645,596,623,905,700,600,621,815,666,909,597,623,623,716,916,673,677,910,673,906,643,609,665,761,751,614,633,742,676,919,662,646,687,618,923,649,817,918,678,929,748,609,669,685,928,678,638,676,633,638,925,658,632,641,701,632,675,826,920,648,829,932,748,663,628,743,599,824,814,737,720,618,629,750,673,920,701,654,918,754,674,775,616,927,671,938,755,648,647,723,851
my throat is sore.
1209,1032,1159,992,1130,921,1333,730,881,1139,1255,808,1173,817,1355,946,1409,1414
825,630,928,639,743,619,638,683,676,945,659,646,882,670,604,627,797,828
i think it's very good.
where does your wife work.
1278,1179,981,1131,1270,1154,1290,1167,1296,995,1460,815,1174,960,881,974,1087,1157,1021,1352,1346,890,1403,1494,808,1148,888,948,880,1148,894,1337,881,814,1150,1038,1350,1207,953,1151,806,1258,951,879,1159,806,1346,936,1257,1383
639,887,637,719,637,830,688,924,626,636,745,668,915,777,604,621,671,924,699,570,564,671,805,676,623,713,615,633,597,892,701,633,610,687,903,657,618,622,628,905,601,640,691,598,902,599,632,626,715,805
he cried and trembled, sobbing, while they spoke, like the child he was.
1119,860,1145,910,944,1276,866,885,1159,728,1129,884,1090,974,919,850,1176,1014,1285,863,881,1236,1101,803,1324,1026,1018,1214,1141,1007,1312,1130,813,1132,1242,1318,881,1148,994,1116,876,1070,1131,808,1383,1318,1250,875,1297,1137,1310,1251,1259,874,1136,1001,1116,875,1127,919,1111,1237,1334,893,1128,1109,873,1138,798,737,828,1485
721,584,905,747,632,637,602,695,908,674,801,667,913,645,628,616,819,777,741,599,684,840,937,692,640,774,789,606,798,712,791,910,626,714,640,712,603,893,643,733,603,648,909,684,636,609,706,603,816,910,729,620,719,597,917,636,735,620,927,768,732,636,721,675,923,745,598,932,594,684,678,809
please call me.
what's the exchange rate for dollars.
1421,1355,863,736,802,877,1161,917,744,1350,1357,1151,1210,870,1398,1532,789,1137,727,985,1382,813,1137,981,1126,871,1123,864,827,911,1122,728,1130,994,856,1125,919,713,979,858,1141,940,1316,919,1156,876,1338,1344,1335,726,930,805,1415
602,708,610,683,682,617,889,781,678,718,711,904,783,623,828,639,590,699,665,636,711,666,898,653,724,608,906,610,795,764,733,685,823,692,595,910,621,673,634,609,892,694,626,633,897,673,623,719,724,673,623,673,829
i'm twenty six years old.
1287,1485,1229,1157,973,798,868,1175,986,1052,1146,816,1265,832,1134,1047,879,740,949,810,1154,1331,1334,888,1419
613,712,794,891,633,592,602,817,635,642,906,709,646,781,932,670,621,702,636,687,919,641,741,684,849
the cars are american.
974,1139,858,1149,897,731,949,804,1139,746,941,863,1129,739,1206,871,931,1265,917,733,1141,1409
635,729,606,920,773,684,638,681,926,680,628,610,930,691,829,612,635,650,782,691,828,810
since it's probably impossible for a non russian to get into the cosmonaut corps.
802,1260,1128,912,881,1156,1270,982,1462,820,1155,1399,934,1327,1026,749,1036,1367,1046,1162,1267,1222,1400,1336,821,824,1272,1026,1347,873,1164,967,1332,941,1158,743,1161,1152,1351,1142,1139,942,1188,825,823,1244,739,1132,1131,981,1321,1144,1013,866,1002,1143,1260,1134,987,1314,1138,992,1120,867,1144,912,1351,805,1212,1331,1157,748,1192,1006,1142,915,1318,958,1422,822,1426
672,628,811,778,637,920,644,652,744,697,919,655,649,644,795,690,795,732,660,920,634,829,651,636,679,684,613,791,707,615,901,711,624,639,904,684,901,822,638,854,932,651,644,677,683,624,685,837,930,647,640,921,719,615,647,921,627,834,643,639,931,641,748,615,925,779,603,679,791,590,848,686,656,659,894,790,621,653,631,685,809
it was okay.
1290,982,1198,806,738,807,1174,1360,1300,879,1070,1431
608,643,871,607,676,689,883,616,717,608,656,825
hi, is mrs. smith there, please.
how much money do you make.
1129,1260,1260,1143,1294,810,1147,1211,920,804,1366,1159,798,1224,1266,974,1124,1136,973,1111,864,924,864,1257,1117,1421,1332,856,722,798,870,1431,1541,1123,1346,799,1158,1216,1183,904,1121,1132,1198,1340,1132,870,1054,1145,888,1325,1124,1050,1332,1192,1135,1199,736,1240,859,1397
732,633,838,921,643,672,914,832,627,673,831,920,676,845,660,642,756,937,643,770,622,628,617,834,933,656,771,611,695,692,618,842,697,744,637,611,905,808,651,762,735,916,838,636,825,621,657,928,688,656,929,655,653,661,924,847,707,727,633,827
does this road go to new york.
874,1368,858,797,1167,979,1144,1264,803,1167,922,1357,725,887,1163,1014,1362,1160,988,1395,1150,1160,859,792,1148,1015,1347,926,1295,1421
689,633,603,695,912,659,735,653,695,922,640,647,681,675,922,704,654,921,646,622,919,819,609,614,934,649,664,627,737,842
we're from california.
789,864,1483,924,855,1161,936,921,1323,1209,1158,899,733,1338,1259,944,1324,921,1143,1256,729,1418
619,614,744,635,607,923,696,637,619,790,912,780,679,729,645,702,635,638,837,658,683,822
an air of intense anticipation pervaded the general's dining room.
731,1145,1154,728,1283,933,1163,1292,900,1127,1235,1136,948,825,1144,770,833,1126,700,1113,954,1220,882,1218,1387,702,967,1222,1308,1132,1133,1401,848,912,957,721,862,856,869,1141,958,1122,854,1156,975,843,1143,841,908,704,1326,1443,792,1154,866,1261,1165,1249,1138,981,1163,907,1307,1311,1212,1404
672,806,924,671,645,646,920,580,694,867,591,772,633,621,800,690,621,904,699,833,640,642,768,641,628,678,637,640,633,809,913,639,604,630,788,675,670,624,688,904,636,733,624,903,694,611,819,611,633,692,715,733,678,905,688,607,818,645,827,711,920,647,645,647,853,839
i've been there.
1296,1493,956,864,1184,1020,866,866,1180,1167,959,1128,853,917,849,1431
618,728,783,627,896,798,628,636,832,917,641,736,623,635,609,827
i'm waiting for you.
1292,1465,1256,1180,784,714,1295,951,1254,1152,976,1157,933,1314,911,1161,1016,1335,1199,1430
625,724,797,889,611,684,636,642,612,801,711,920,711,644,646,910,664,629,657,830
he venerated me like a being descended from an upper world.
1170,847,1185,970,868,1173,861,928,708,971,853,872,1179,1234,856,1167,1332,1269,1285,858,1182,726,1176,1024,871,1273,1171,1002,1166,895,868,806,923,879,1174,899,883,901,1177,971,954,1336,1219,1166,747,1160,1172,1220,1432,1434,882,955,1155,813,1341,951,1358,912,1441
702,603,888,785,633,809,617,639,684,645,609,674,891,808,609,905,724,647,722,607,903,690,910,773,607,648,820,706,924,693,613,689,769,632,839,694,633,697,927,700,647,653,839,924,697,828,927,656,640,640,609,648,925,618,648,645,747,715,858
when is your birthday.
obama got a standing ovation.
807,1161,891,1153,1155,1279,818,1179,1040,1359,1220,949,1178,1047,1279,947,1006,1144,902,747,1064,1373,1551,1357,1022,743,1250,741,1177,986,1333,989,1144,745,1155,821,1010,734,1143,894,1265,1148,1015,1158,1367,990,760,1022,1254,1345,1162,1390
636,744,633,834,942,671,689,922,677,651,666,649,923,794,632,668,676,739,700,708,684,839,690,620,796,691,790,693,887,718,599,655,886,698,881,680,659,693,808,689,627,810,726,904,624,794,700,662,658,670,856,838
it's not very expensive.
1261,970,1464,817,1169,1178,1371,990,1184,987,878,972,1079,1189,891,856,1448,892,1196,838,1303,1000,894,1459
623,640,736,695,916,858,654,657,919,800,643,656,678,923,633,801,655,636,832,733,654,827,653,824
what do you want to do.
833,1164,757,1008,1196,912,1380,1192,1081,1386,1242,1180,828,759,1191,1032,1200,1032,1375,1192,912,1393,1444
642,724,699,662,906,697,641,907,675,633,654,905,617,704,819,656,914,657,646,918,690,570,782
what time is it.
820,1178,756,1020,1198,1010,1318,1290,887,1207,1321,837,1194,1307,1024,1474
614,730,698,654,902,652,643,808,614,904,658,688,925,658,657,826
some specimens will appear in the papers appended to this report.
829,1388,1264,892,1219,836,1464,892,942,1316,1265,909,1207,848,1188,836,1287,1376,1375,1199,778,1452,1465,920,772,988,1205,1307,1191,1189,1006,1161,899,1179,1421,763,1433,907,982,854,1174,788,1431,1433,908,1175,932,917,931,1177,1047,1332,1178,1027,1148,1257,853,1190,971,896,1439,1363,969,1046,1453
681,623,769,620,905,689,657,619,771,652,814,610,846,687,942,620,682,753,752,935,695,673,671,634,695,650,926,660,841,936,647,750,635,925,667,694,670,635,652,703,936,715,675,675,635,829,701,633,712,939,673,676,930,663,764,686,705,937,643,608,654,635,646,661,820
where is he.
842,1211,921,989,914,1190,1320,855,1209,1162,911,1425
620,725,616,650,621,924,650,690,920,754,625,807
that means friend.
we went to stanford university today.
1018,1194,768,1028,1197,1258,907,764,1206,852,1201,986,971,1298,901,1191,924,1414,1555,820,905,1190,843,914,1202,1025,1207,1026,1358,1185,854,1032,779,1204,991,1378,985,927,1192,1235,1193,1278,1001,922,996,854,1287,1046,1104,1179,1033,1353,934,787,1113,1452
655,730,700,664,923,797,620,691,834,685,924,712,645,675,625,827,703,801,658,609,621,910,618,622,803,663,906,661,652,922,691,666,710,807,726,652,675,714,927,542,841,651,809,655,681,721,678,692,697,943,678,673,723,707,699,863
where does your wife work.
846,1191,926,996,921,1203,929,1398,912,857,1199,1096,1382,1261,992,1208,850,1312,997,926,1210,855,1400,990,1331,1433
637,734,645,677,637,927,710,644,649,721,912,700,676,670,672,921,645,661,732,644,925,651,654,675,754,839
how much are these earrings.
1224,1435,854,1218,1305,1294,966,1199,1216,799,1006,924,1220,1022,1159,924,852,922,1192,923,790,994,995,1289,1200,1063,867,1436
751,653,646,923,835,656,813,776,928,724,686,651,916,675,759,652,712,636,920,653,722,678,681,675,844,739,719,866
contemporary art has never quite jibed with mainstream media.
lebron is a beast, but i'm still cheering for the a.
966,1394,1202,1037,925,1292,1474,1390,984,784,1001,1115,1221,794,996,1077,1220,1211,799,864,1216,1201,926,1027,931,1005,1213,773,1240,1307,1036,928,1181,1235,1294,1072,933,948,1199,865,1297,1047,1151,1176,1236,784,1298,1171,870,1053,986,928,782,1244,1193,1235,918,939,1288,787,1409,1591,1395,916,1083,990,1380,1184,1205,1298,873,1213,797,1212,1083,947,803,873,942,1300,1171,1091,1257,1078,1188,1324,1507,1277,1206,886,1057,1310,1394,1392,1210,979,1181,949,951,1020,1307,1217,1064,1168,1006,1349,999,1189,1051,1156,933,1181,798,1442
814,644,884,691,661,867,679,669,679,748,678,706,944,722,675,691,944,770,715,702,891,833,644,805,651,681,924,648,631,621,669,642,923,743,637,817,650,726,920,645,657,690,751,939,816,712,650,819,705,691,663,670,719,840,926,819,653,717,658,714,837,718,733,658,817,682,654,834,932,672,705,922,725,922,832,664,723,722,655,828,933,816,671,703,923,640,730,819,909,725,703,659,728,733,922,808,750,685,682,697,664,829,759,904,731,633,690,898,696,736,663,909,724,804
i got stopped walking out of safeway and asked to empty our pockets and lift our shirts.
1327,1219,1064,1388,1071,1213,884,1058,1385,1453,1454,938,960,1198,867,808,1389,1330,1321,1221,1054,1189,1389,1274,1048,1186,1370,1007,1199,869,808,1016,942,879,811,1112,1209,796,1205,959,1210,801,884,1314,949,964,1209,1073,1363,1205,944,1252,1466,1047,1106,1182,1370,1235,1006,1212,1423,1342,974,1310,937,1069,877,1213,801,1200,953,1205,1363,1280,1013,1079,1182,1358,1242,1000,1183,875,1151,1265,1007,1060,871,1410
621,891,751,624,703,896,723,696,633,653,653,652,725,906,642,709,742,708,639,810,732,923,613,622,678,888,626,723,878,693,712,722,642,651,712,695,903,721,802,693,931,714,697,719,647,717,924,691,673,924,653,835,674,683,694,933,660,661,679,908,672,668,803,733,663,687,729,927,718,820,710,939,750,687,741,684,956,669,686,675,943,729,761,682,675,680,724,836
is anyone else coming.
1319,873,1229,808,1205,1112,1388,1204,941,1199,947,1383,873,949,1212,981,1393,1276,1310,1199,1076,1423
651,728,910,713,836,705,653,844,663,950,665,768,733,663,942,805,658,837,676,832,750,819
just started playing major league baseball.
1260,1256,880,1066,1199,873,1066,801,1016,1080,949,956,1192,1447,1381,813,1111,1306,1194,1095,1197,1253,810,1231,1390,1012,1201,1366,933,794,1076,1248,937,1200,1105,801,871,949,1105,813,1398,1399,1473
739,640,716,687,932,719,690,702,676,696,653,725,943,672,758,705,695,665,825,759,944,854,718,751,642,680,940,761,641,715,750,704,644,960,826,709,742,664,827,716,747,741,845
we went to stanford university today.
873,943,1197,869,942,1209,1062,1204,1057,1368,1207,881,1070,801,1219,1016,1371,1007,955,1196,1256,1204,1310,1045,956,1035,888,1319,1069,1125,1211,1062,1373,962,823,1144,1446
662,639,940,632,639,847,685,936,685,674,933,709,688,721,874,744,678,684,721,947,697,882,661,849,664,685,714,683,702,713,944,701,675,741,741,714,830
naive bayes using em for text classification.
1207,806,1342,1037,949,1216,1106,807,1141,958,882,1215,1272,881,1316,1225,1087,1214,951,1272,1220,1025,1376,1019,1230,1077,939,899,1076,1228,989,1396,806,884,886,1340,1033,1333,990,826,1093,1313,1417,1211,1469
848,722,667,829,660,942,840,716,716,665,731,942,690,720,667,827,755,943,658,835,934,738,675,694,931,705,640,779,696,932,825,761,731,733,741,675,761,680,829,730,702,677,676,863,801
i still have a lot of things to buy.
1330,1239,874,1064,1347,1413,1415,1227,1212,813,1047,954,1226,810,1234,1401,1394,1068,1234,1395,1031,1237,1070,1206,1323,1230,1084,878,1236,1070,1406,1226,1122,1266,1152,1523
670,939,729,696,671,749,744,950,771,723,820,674,948,724,943,755,675,699,937,676,750,940,698,763,678,884,767,733,946,702,678,947,841,697,717,855
today is a good day.
1046,1379,951,807,1129,1217,1313,885,1223,805,1219,1082,1386,1379,965,1219,964,804,1153,1513
681,659,722,706,693,923,670,713,922,716,925,753,666,676,717,930,732,721,712,816
what's the charge per night.
821,1209,767,1027,1544,845,1210,1038,1204,908,1233,956,1190,790,1001,1065,931,1219,1453,929,1004,1220,1220,1318,1069,1195,1062,1488
626,725,703,668,741,690,925,669,741,636,918,800,714,700,667,741,639,908,648,646,666,903,836,650,742,739,681,805
i'm looking for the post office.
1342,1519,1306,1232,1408,1434,1433,1350,1350,1229,1050,1226,1011,1395,991,1231,1046,1193,915,1227,1475,1394,866,1049,1221,1429,987,988,1298,960,925,1487
640,740,806,900,735,634,636,739,638,804,715,923,720,652,663,919,676,733,644,921,659,640,671,675,921,637,690,692,598,782,658,773
contracts with utilities will be signed starting next month, he said.
957,1397,1200,1020,980,759,955,1057,851,1196,849,1318,1038,1201,1211,1263,1041,1315,1388,1314,1040,1308,930,856,1191,856,1295,1383,1381,1208,1071,927,1205,864,1306,1067,1191,918,935,1200,859,1059,784,995,1049,1295,1200,1053,1199,1227,921,881,1057,1207,1263,1384,1193,1052,1160,1301,1196,1189,924,1216,863,798,1314,937,1451
812,612,808,664,657,709,790,676,712,929,625,575,672,741,921,650,665,642,726,649,662,658,651,721,940,642,671,740,734,924,812,652,927,727,661,736,850,635,716,940,707,691,713,665,677,680,848,733,943,851,646,793,692,967,884,665,879,687,785,878,965,798,652,962,717,730,707,716,869
i finally got around to using jquery to make my bio collapse.
1322,1237,1008,1328,1207,788,1382,1382,1099,1217,1063,1374,1076,1220,784,1000,1386,1264,1233,944,1222,1049,1390,1220,1268,868,1291,1216,1063,1224,1268,776,1273,931,996,1113,1204,1058,1373,1218,1273,804,1326,932,1217,1271,1127,1218,1094,1314,1417,1211,989,1394,1408,1401,812,1492,881,945,1453
661,911,723,658,827,711,748,753,687,940,740,691,684,938,705,664,671,673,860,703,940,679,678,940,653,698,681,822,730,936,744,627,680,631,665,693,939,678,673,931,846,713,744,637,933,846,680,930,804,676,666,948,790,672,761,765,717,674,728,641,863
when are you leaving.
859,1211,943,1217,1214,795,1005,943,1222,1100,1408,1274,1222,1391,941,806,1053,1338,1219,1084,1442
642,703,641,801,905,709,662,645,907,688,643,662,904,736,648,696,795,642,821,727,818
obama administration must stop bonuses to aig ponzi schemers.
1426,1099,791,1308,800,1231,809,961,1291,1345,1227,1324,888,1076,1009,803,1058,1304,1389,1216,1217,1276,1257,888,1088,1234,890,1054,1400,1478,1253,1108,1416,1227,1279,891,954,887,1241,1062,1392,1235,817,1341,1095,1245,1458,1396,1221,836,1346,1243,889,991,1209,957,1297,960,1024,891,1440
628,811,693,817,696,917,707,708,842,659,834,669,707,689,674,711,684,684,672,842,950,843,676,714,697,930,714,685,661,670,902,841,636,816,648,720,645,715,927,687,670,928,707,661,750,930,690,665,875,789,673,941,709,816,774,676,852,676,683,732,855
insects have infected my spinach plant.
1337,1218,883,950,979,1080,885,1233,1214,805,1050,960,1237,1332,1223,1031,955,983,1088,963,964,1223,1264,1122,1220,888,1474,1331,1220,814,1001,1194,1232,1475,1391,832,1207,1087,1455
650,823,722,651,790,698,731,946,762,713,817,665,944,675,854,750,653,825,711,653,744,961,844,694,952,719,690,669,887,716,806,778,967,678,765,708,866,690,866
nobody is really in charge, and decisions are made on whim and caprice.
1206,1409,1088,1411,962,1138,1212,1327,899,1227,1027,959,810,1397,1396,1112,1223,1335,1229,1202,981,1207,813,1024,1092,958,1338,1213,824,1244,969,1219,968,959,989,1329,885,1315,1410,1205,895,1212,825,1039,965,1198,1279,819,968,965,1230,1403,1223,1223,892,1187,1325,1296,1218,820,977,1218,1182,1002,830,1466,1041,1328,997,979,1485
838,655,812,645,723,712,924,659,706,921,686,671,721,789,786,694,933,667,850,949,821,750,718,684,758,656,857,943,734,845,721,928,717,661,844,679,728,678,664,861,723,958,742,692,652,961,872,724,719,671,909,654,834,935,651,740,651,834,930,719,709,941,971,813,731,696,684,681,818,679,839
does anyone here speak english.
973,1443,943,883,1217,809,1217,1136,1389,1216,965,1218,1203,964,1028,965,1207,894,1470,960,817,1336,1229,956,1214,1093,1384,1315,895,1147,1420
714,638,651,738,894,730,841,717,672,844,676,950,770,666,695,659,956,731,690,657,732,744,941,653,872,762,777,687,723,767,850
it's on seventh street.
1345,1062,1528,890,1247,1400,1212,1227,890,961,1049,964,1218,1088,1204,1229,895,1081,1019,951,952,1079,1409
641,679,742,729,911,647,820,936,737,662,823,665,834,698,769,942,722,700,682,656,671,696,846
i'll pay for the tickets.
winds could get gusty, occasionally blowing at more than thirty miles per hour.
1351,1533,1427,1421,1248,1486,815,1135,1239,1040,1393,1018,1245,1081,1209,953,1245,1070,1341,987,1333,945,1083,887,1506,1606,878,1309,1209,964,891,1222,1000,1388,1254,1401,970,1219,1072,932,1084,1189,1084,1233,882,1079,1147,1296,1179,1367,983,982,814,886,1309,1390,1203,811,1389,1384,1118,1207,1109,1377,1391,896,1314,1209,1092,1210,819,1096,1208,1278,1382,1021,954,1210,1068,1186,809,1189,1199,1069,1182,1310,1007,1080,1147,1203,1288,1340,1422,931,875,1220,1456,947,1022,1227,1183,1400,1259,1005,1430
669,757,745,745,933,669,702,703,940,755,673,683,930,693,766,659,935,688,670,800,743,656,688,723,846,749,641,623,859,709,709,943,808,655,684,745,715,929,748,635,684,917,757,658,741,697,699,831,916,660,808,807,713,725,657,646,811,705,738,742,701,926,835,764,665,662,661,820,756,930,732,700,930,838,672,682,653,935,687,764,728,853,947,695,756,675,678,693,709,943,855,676,714,649,731,927,671,657,678,915,762,662,659,673,842
but the flames grew too large, compelling firefighters to call off the rescue.
he can't trot down the street without being besieged by paparazzi.
1041,1203,1003,1162,1000,1122,876,1144,956,1319,745,1191,872,807,1142,1009,945,868,805,1141,1002,1297,1302,1146,1313,746,949,1012,877,1278,1116,926,1320,1219,1405,877,1355,1358,1264,1164,1009,1161,950,1261,938,874,958,1019,1130,1129,884,963,1014,816,1152,998,1295,1147,916,751,1325,1328,1155,1300,958,957,1159,994,1121,876,1155,958,879,822,923,1189,891,1419,1502,1142,889,1160,926,749,1153,1455,1004,1159,1021,962,1309,1016,1160,910,1323,819,1155,1151,1002,1133,884,1152,826,1009,956,889,894,1003,1156,819,1234,1013,1123,1340,1203,1019,1150,1038,895,1237,1142,1035,1154,1058,892,830,1312,895,1028,892,912,1193,1058,1076,1182,1419,764,1415,773,975,774,800,807,1285,1418
824,652,701,906,697,757,661,935,751,750,738,848,649,741,948,762,692,667,659,951,697,694,692,942,770,738,688,784,668,863,972,830,656,848,671,657,783,773,670,825,750,936,745,682,687,669,755,765,770,747,668,678,696,721,957,696,682,947,817,731,767,771,952,695,754,751,946,703,782,663,959,705,652,755,849,712,674,829,765,768,675,958,844,739,865,787,714,953,713,695,697,705,945,761,692,673,860,962,700,779,674,960,732,703,681,663,675,699,958,663,700,705,779,678,706,703,957,836,667,687,834,759,958,841,665,731,642,673,771,665,749,944,836,731,945,690,740,698,715,711,729,819,822,707,867
obama is quite a good comedian.
1294,973,698,1204,694,1150,1244,778,1162,677,1173,1244,964,825,1149,708,1146,965,1316,1317,845,1159,888,1340,1224,836,859,1256,710,1154,1384
668,844,770,864,780,970,707,769,961,708,713,677,729,697,962,784,961,790,692,687,757,960,873,620,849,728,807,711,804,888,882
the cast was awesome so it was well worth it.
949,1180,836,1217,885,704,781,842,1204,779,703,789,1211,703,769,851,803,1360,1260,832,1221,798,1366,1227,1309,988,1215,774,709,802,1213,786,855,1381,1388,1216,789,1361,926,950,1148,1163,1283,986,1398
714,769,705,943,865,787,805,706,952,695,779,779,956,791,680,679,786,675,841,697,959,789,696,950,703,714,960,692,779,772,963,685,683,779,772,954,697,704,698,710,772,961,628,712,851
sorry, i don't have a pencil.
805,1390,938,933,1054,1332,1232,1311,1213,880,1381,1206,1498,985,1205,1179,731,982,866,1207,727,1206,1428,859,1189,922,1292,1368,1429
767,657,711,710,717,835,939,686,949,745,683,850,707,702,928,753,777,839,683,939,768,937,673,687,848,829,690,761,849
i've seen pictures of the dx, but haven't seen it in person.
1304,1505,963,867,1226,803,871,863,1204,1211,1442,1297,919,1016,1248,933,863,812,1220,1357,948,1218,1001,1179,860,1218,891,847,1337,1227,1045,1257,1055,1208,1176,738,987,897,1233,1511,1015,1235,840,899,900,1223,1225,1312,1026,1229,1306,1198,1216,1423,901,980,835,1366,1198,1473
675,758,842,696,944,776,711,704,872,967,676,676,858,740,703,734,694,771,958,681,768,947,723,782,696,957,771,903,853,940,846,711,734,961,785,779,865,720,898,792,732,971,779,715,718,863,984,713,729,975,714,895,979,711,703,716,785,708,882,853
in other words it never reaches the zenith, a point directly overhead.
what day of the week is it.
1315,1207,1216,1378,1012,1193,869,951,1229,819,1385,957,913,833,1220,1289,999,1219,1179,881,994,892,964,1210,951,882,739,941,1170,895,834,1177,991,1180,873,1207,783,890,1183,1276,1010,1145,1287,1186,746,1198,1424,1368,1260,1203,1032,1180,911,1281,959,870,929,990,1372,1077,1186,1331,999,901,976,1161,874,747,913,1415,1544,811,1182,759,1013,1185,900,733,1081,1199,1332,982,1196,1033,1156,882,1191,814,894,894,1290,1198,1283,836,1198,1275,1026,1449
688,865,965,680,720,780,681,707,959,699,679,714,771,763,946,697,714,954,876,694,848,698,708,973,727,704,781,834,811,699,760,978,713,752,694,952,860,705,885,695,723,799,866,966,780,966,701,676,700,919,734,995,772,700,714,700,882,727,807,736,992,714,884,732,745,830,712,803,795,904,804,701,817,798,740,994,789,790,740,986,730,796,991,743,834,713,1000,710,704,711,796,995,735,766,991,737,741,866
i think i may have a new favorite restaurant.
1289,1221,1000,1175,1295,1204,1300,1218,1299,1199,1278,767,1102,1227,1169,771,1021,912,1199,759,1211,1179,903,825,1207,982,753,1002,1360,971,1280,1031,894,1207,963,889,824,1015,747,1223,961,745,1210,1015,1463
718,971,732,790,704,889,780,983,703,986,889,788,741,981,807,785,883,723,993,792,988,894,709,700,1001,799,791,882,724,750,724,745,716,989,730,715,779,733,785,740,724,796,908,729,877
i have to get it looked at.
1328,1268,1204,780,1005,911,1229,1033,1368,1229,1069,903,1052,1226,1304,1043,1233,1389,1389,1387,1322,904,925,1229,766,1040,1520
676,929,775,768,872,718,976,747,707,971,809,700,735,973,717,736,971,798,690,690,789,695,783,977,796,730,862
i've seen it.
1311,1506,1016,918,1231,857,918,917,1209,1217,1304,1037,1488
702,776,868,716,977,781,713,717,886,991,716,733,855
i've never done that.
1333,1514,1016,911,1231,1207,1014,917,998,1234,937,924,1396,1193,902,1238,1026,1196,751,1039,1501
695,784,862,703,981,870,862,715,736,977,791,760,561,847,696,954,729,777,796,709,853
it's not too far.
1332,1026,1511,831,1243,1217,1393,1023,1245,1024,1404,1231,1212,986,757,968,1499
675,720,764,760,947,865,675,717,946,723,667,960,975,781,789,712,869
he is, as you say, a senile old man in his dotage.
1205,890,1241,1336,847,1351,1231,758,847,1240,1080,1428,1300,1251,843,754,1126,1333,1226,743,1235,851,912,1240,1336,1402,914,1240,1404,1420,950,1255,1295,764,1217,1241,1332,1205,1233,1202,1329,865,1236,959,1419,1038,754,1062,901,1522
791,680,966,697,762,863,952,781,766,937,719,670,645,920,769,793,714,849,948,784,946,762,692,851,685,772,695,955,688,780,779,962,856,781,885,971,691,867,969,781,678,752,975,763,678,719,790,793,687,844
how much money do you make.
1215,1436,873,1261,1342,1310,991,1217,1241,1289,1404,1226,945,1135,1254,964,1402,1256,1155,1410,1263,1242,1297,798,1344,940,1498
770,655,700,923,841,601,875,770,952,851,680,886,714,740,969,780,699,968,738,683,699,950,869,778,766,711,859
generalizations of this sweeping order are apt to contain only partial truth.
hello.
1084,934,1228,939,1012,771,1407,1328,829,783,1064,1298,1390,1234,880,1254,1393,1033,1256,1071,1202,1314,888,1253,892,888,964,964,1459,1333,1241,1084,1280,1399,1027,979,973,1046,1280,825,1039,962,1261,822,1485,1086,1263,1084,1400,1266,992,1421,1244,1058,807,1338,1248,1259,1416,1228,1423,1145,1284,1492,807,1035,1088,1352,808,1432,1281,1095,1025,1278,1085,1210,1455,1607,1221,944,1423,1423,1425,1494
790,696,875,713,728,792,770,672,887,771,733,691,680,800,759,948,692,775,953,733,786,694,767,958,781,710,718,720,730,712,885,789,970,711,738,793,729,739,967,792,736,717,985,804,726,745,980,752,723,978,856,659,896,757,808,710,869,981,695,892,793,747,978,716,792,745,749,730,803,798,980,755,742,746,748,832,903,788,832,713,826,820,708,887
huh. is that a good or bad thing.
1231,1296,1211,1438,1219,1347,889,1235,1060,1211,797,1066,1235,805,1240,1099,1399,1403,975,1243,1408,1027,906,1117,833,985,1247,1092,1217,1333,1254,1108,1484
793,692,823,872,959,678,751,950,721,788,790,724,963,781,959,806,707,699,774,959,703,732,674,874,804,780,968,756,782,707,873,807,878
today is a good day.
1077,1428,961,802,1141,1291,1364,897,1278,801,1277,1103,1440,1445,981,1287,981,811,1159,1547
737,696,768,787,731,963,711,758,966,769,968,787,702,698,763,971,774,780,725,849
i'd like a map of the city.
got some.
1373,1580,975,1283,1431,1354,1373,951,1274,814,1276,1335,832,1524,1304,1448,1047,1295,1104,1239,954,1272,1009,1357,1081,1151,1484,1638,1086,1101,1283,909,900,1458,1313,955,1518
700,785,764,963,782,709,781,702,973,784,970,883,779,690,930,681,777,949,738,791,712,966,862,707,756,751,863,774,802,744,958,776,772,564,882,717,892
i don't understand.
can i take a message.
1368,1275,979,1440,1245,1558,1076,1274,1310,1265,980,963,1048,896,1092,801,1257,975,1492,1620,1008,821,1257,1263,1358,1274,1070,816,1359,953,1288,817,1275,1310,956,904,904,825,1104,949,1522
689,951,790,694,869,806,740,983,706,864,776,706,733,779,732,782,910,782,866,795,890,786,926,995,735,1001,740,799,811,716,991,795,993,906,720,792,794,801,801,698,899
martello towers must be built within short distances all round the coast.
1160,582,810,868,719,1278,1276,1263,1081,866,1288,656,745,819,669,1108,1147,1120,691,890,1092,932,740,1098,935,1122,1178,1294,903,1097,690,1188,893,1061,1185,1094,1073,693,1040,1276,829,909,1087,773,1196,698,893,611,1081,808,769,708,1090,623,1256,1257,1093,824,1275,1135,1088,771,1084,886,1043,747,1066,798,1269,614,708,896,1390
809,713,653,661,621,779,766,663,948,659,662,650,632,634,720,940,868,679,745,661,952,839,645,948,823,677,661,755,666,943,658,664,662,761,663,855,950,734,770,656,663,660,946,713,662,735,658,739,868,806,668,752,960,751,775,779,953,666,658,679,879,712,959,673,787,654,977,829,667,751,760,670,870
they are here erecting a fine stone edifice for an episcopal church.
894,1093,767,986,1106,611,861,770,1109,1083,777,852,771,1101,778,854,771,838,919,1189,1107,945,1113,646,1110,871,1219,1107,785,1137,748,946,1303,1118,796,1155,798,828,1224,892,1229,854,816,1158,897,1305,875,1148,657,1129,1144,813,1379,1223,755,877,1300,1407,670,1329,1160,873,1120,1192,899,873,1121,1370
667,765,645,673,950,729,664,649,952,773,644,661,648,964,650,672,648,829,677,693,853,741,973,747,971,720,641,866,659,971,726,685,675,877,655,980,655,756,714,756,713,835,681,980,721,673,664,946,729,846,960,650,696,690,724,849,691,698,723,793,952,848,791,712,700,860,797,852
just got a free android phone at google booth.
1195,1186,740,941,1157,951,1335,975,1157,679,1144,912,887,807,811,1142,665,1160,848,898,1325,1254,842,1150,1400,1092,1325,1144,814,1141,681,949,1152,972,1321,1320,994,1377,828,1168,1014,1320,1318,955,1123,1399
712,607,732,660,925,743,645,678,923,723,944,732,657,638,655,942,734,874,732,672,673,665,732,945,671,785,655,854,646,949,726,659,950,737,673,673,750,725,651,945,810,683,682,678,748,837
that smells bad.
have you done this before.
934,1138,674,946,1161,755,1209,812,767,767,1334,1179,989,682,848,1389,1566,1139,671,948,832,1171,1032,1358,1212,1163,857,1348,1142,829,1168,984,1126,1251,769,1172,1035,843,944,1340,911,822,1445
677,750,732,673,944,717,845,635,731,733,776,957,815,728,726,854,728,793,722,816,652,968,670,644,668,936,724,656,856,645,960,675,752,668,711,959,815,645,751,675,664,646,843
guess i'll be retiring my g and start using my developer g
what size.
976,1197,819,776,773,1106,1231,1431,1365,1348,1154,984,828,1144,889,808,942,1250,875,1253,1141,955,1169,1216,1012,1129,967,1137,686,1150,850,1139,780,968,687,912,975,1141,1168,783,1272,1163,980,1176,1231,1060,1175,861,851,967,858,1338,1340,1416,862,948,1177,1003,1506,779,1150,704,980,1165,788,1274,749,848,1438
736,670,642,750,746,924,633,752,728,732,939,821,659,941,673,654,674,634,673,652,826,735,948,841,675,911,740,932,743,837,714,939,734,685,735,675,674,950,655,712,635,833,738,958,863,686,969,729,668,819,671,780,669,688,660,672,970,744,706,674,757,727,676,959,724,677,838,664,856
but despite racking up world titles, olympic gold was eluding him.
about three hundred kilometers.
1039,1220,1038,1177,877,852,796,1408,1264,983,849,1175,922,708,907,1275,1271,1153,1004,1155,1198,1413,1164,813,1322,945,1337,882,1173,991,1255,987,1341,859,805,1297,1161,1333,1353,1072,1252,1437,1279,917,1176,1007,1333,1357,889,1181,800,731,817,1181,872,1341,1197,904,1258,1145,1019,1176,1125,1237,1240,1383,1528,742,1040,1372,1232,1023,1176,1022,1140,956,880,877,1179,1148,1217,1195,903,952,874,886,1175,1251,1257,1331,1338,1234,874,1003,870,945,806,1461
829,658,683,943,733,644,741,677,664,679,657,954,679,737,825,764,665,844,741,971,675,646,935,660,663,673,763,726,954,687,685,686,751,653,728,857,954,679,786,679,868,670,669,820,959,750,690,783,721,961,658,743,721,966,647,789,694,731,670,854,760,965,779,676,872,886,771,729,825,648,665,697,959,700,767,683,668,667,930,773,645,846,730,681,660,755,945,742,677,769,667,845,674,697,650,675,741,852
son has me looking at cars online.
796,1363,1166,1183,1147,716,811,1193,1237,863,1202,1342,1348,1347,1286,1272,1167,991,1175,721,988,1176,912,742,960,817,1175,1312,1158,1328,1245,1130,855,1378
718,633,828,945,771,726,721,919,822,673,942,778,671,671,768,680,850,745,929,745,697,942,819,741,693,747,950,679,866,747,689,851,665,830
i have to get it looked at.
1286,1203,1148,733,980,881,1192,1001,1341,1182,1026,878,1034,1186,1270,1014,1176,1331,1353,1344,1298,877,892,1186,731,1012,1476
674,940,778,732,821,684,954,711,676,953,763,653,698,946,693,698,962,798,679,687,771,668,734,963,738,693,843
i want to give you a gift.
1295,1205,785,716,1182,988,1197,991,1337,1184,1000,1283,985,873,1173,1055,1345,1210,1180,726,1178,1022,1255,971,1031,1412
681,941,656,730,853,689,962,688,708,963,747,701,847,675,979,707,709,716,961,737,969,752,704,748,697,882
i'll call you when i leave.
1312,1491,1383,1374,1206,916,738,1370,1370,1197,1065,1367,1234,1182,804,1153,881,1158,1168,1264,1179,1347,867,728,989,881,1501
672,755,744,755,943,848,732,763,767,950,707,677,679,945,663,774,664,887,973,697,966,771,656,743,827,670,845
please take me to the airport.
does that old notion that defense wins championships still hold up these days.
1433,1396,864,720,814,881,1181,997,733,1282,873,1194,1228,873,1185,1012,1355,1187,1015,1151,873,1178,732,1267,951,1423,1348,964,1018,1428,1590,894,1340,863,811,1176,994,1148,731,999,1180,1318,1356,890,1191,1162,1343,998,1234,1340,1163,1159,993,1148,731,996,1167,884,867,959,865,1152,912,876,1175,801,1267,1157,823,1177,928,1139,741,1227,1443,1294,1361,1182,814,1159,1280,1426,810,1186,820,1001,1260,1359,1359,1185,1132,1339,1353,902,1193,1195,1412,1179,995,1136,876,817,875,1160,894,746,1082,823,1453
682,762,660,733,729,667,966,691,745,774,660,959,856,666,956,693,697,954,693,791,670,976,742,705,685,703,685,686,687,877,764,733,715,666,744,984,692,807,756,690,984,708,790,731,977,881,699,694,714,701,887,987,689,797,743,692,984,737,665,742,663,882,833,688,986,680,718,877,748,992,853,808,738,901,655,664,655,847,737,784,696,694,719,967,740,693,705,776,780,969,800,697,801,753,980,730,697,964,711,798,665,756,679,985,754,750,700,749,887
do you have any coffee.
it's far from here.
888,1390,1217,1073,1400,1265,1196,1178,744,1000,892,1197,743,1172,1079,1201,924,1368,966,969,888,886,1439,1604,1311,1016,1494,839,1228,979,762,977,1223,993,977,1370,1243,1209,1160,905,980,899,1467
714,675,952,679,675,674,941,773,729,810,662,969,733,867,692,969,779,691,739,744,669,664,862,759,713,694,801,735,967,750,760,694,965,767,710,694,855,983,791,675,694,663,873
someone does that for me.
in other words, the rejection was a bureaucratic, procedural decision.
828,1388,1261,886,1378,1196,890,1180,920,1379,898,841,1216,1007,1194,753,1008,1215,972,1373,950,1213,1279,875,1451,1614,1320,1199,1212,1366,1014,1192,885,964,1214,821,1371,974,917,836,1297,1185,1017,1161,893,1192,964,889,1224,891,937,1028,1266,1338,1166,1185,818,759,846,1195,763,1185,1074,1227,982,895,768,1238,942,1003,772,1032,1280,964,1307,1183,1431,978,1373,958,925,945,1240,975,768,1391,1212,933,917,960,1302,872,1292,1388,1196,1448
741,680,818,668,699,896,663,1006,743,711,677,753,991,707,815,755,693,983,751,716,687,991,865,657,882,783,713,880,986,667,702,773,673,684,950,673,652,698,758,739,864,962,703,798,678,977,703,678,797,678,849,719,726,708,875,985,674,746,740,981,755,982,843,730,716,685,762,732,865,725,770,718,717,840,871,979,716,717,699,877,711,795,740,717,769,812,976,763,703,860,714,762,718,699,859,872
can we have a menu please.
i went to the supermarket, and then to the computer store.
953,769,1193,1198,831,912,1191,1162,761,1005,914,1197,766,1203,1239,1222,1182,1204,1197,1408,1355,896,759,843,907,1433,1569,1268,1201,830,901,1171,1000,1195,1006,1338,1194,1040,893,1194,841,1229,1437,911,993,1261,765,974,1309,893,1046,1044,1304,1194,764,1196,930,1198,1040,1170,904,1193,1187,1027,1349,1192,1018,1152,901,1191,967,1332,1237,1437,1236,1037,920,992,1210,869,1054,1354,982,907,1503
838,757,870,978,680,683,986,817,734,838,686,995,749,980,890,707,930,694,980,694,790,675,763,753,677,896,793,728,977,681,682,887,713,982,714,730,982,709,695,987,739,742,715,674,695,892,749,698,784,668,689,689,889,972,745,882,734,983,713,828,667,912,986,699,730,986,715,826,665,979,829,711,877,725,703,710,680,697,997,744,714,740,691,671,893
nobody in the nba comes even close.
1167,1317,964,1385,849,1043,1210,1308,1199,1218,987,1175,848,1207,1185,1025,708,1201,914,1370,1237,854,806,1212,856,978,863,1183,1207,918,1387,1372,815,875,1484
860,597,784,615,683,645,916,623,797,901,653,719,627,911,826,791,723,934,812,620,796,635,716,923,635,813,645,833,933,787,723,623,729,638,840
i think those shoes are very good looking.
1323,1227,1004,1203,1319,1204,1322,1230,1015,1177,1386,826,882,1206,829,1175,1391,866,833,1196,750,953,873,1189,994,880,975,1096,1200,1032,1369,1362,893,1203,1370,1379,1381,1324,1305,1197,1049,1466
635,901,643,727,646,807,703,922,651,735,623,719,634,928,712,750,636,617,721,940,722,649,632,947,804,632,648,664,945,732,676,675,705,944,781,656,660,775,662,853,730,868
colin powell rocked yesterday on cbs.
937,1413,1406,1310,1198,1219,1449,1387,815,896,1404,1397,1218,956,1396,941,1331,891,912,1237,1076,898,825,1036,883,971,929,771,1086,1204,1370,1189,1204,951,1101,844,1500
813,635,780,655,830,948,670,650,653,641,777,773,946,657,663,828,752,639,751,956,688,635,733,671,632,644,711,735,659,961,665,848,963,810,820,724,900
that's too expensive.
1013,1201,747,1028,1522,838,1227,1042,1370,1365,1210,893,871,1450,898,1206,858,1309,1037,920,1444
651,751,719,640,755,716,928,660,665,669,935,619,859,662,638,845,745,678,820,652,844
i'm coming to pick you up.
1325,1514,1280,1232,950,1401,1288,1311,1198,1044,1230,1023,1390,1232,1471,1312,966,1341,1237,1114,1393,1241,1189,1242,1438,1436
646,744,866,949,820,651,845,661,856,726,952,666,661,941,655,642,823,748,951,677,636,656,909,649,632,839
by the way, i'm totally inspired by this freaky nike commercial.
1069,1131,1233,1068,1203,926,1220,835,777,1107,1341,1227,1325,1525,1298,1220,1020,1391,1034,772,1403,1399,1120,1233,1314,1220,872,1451,1311,1016,929,943,1231,1107,1144,1221,1067,1185,1304,873,1218,1012,1006,932,779,1326,1112,1237,1224,1335,1316,932,1231,984,1415,1283,1288,941,1015,988,1331,806,1409,1515
802,672,921,667,743,638,939,646,729,659,851,940,655,746,865,950,681,674,665,719,749,752,663,932,640,827,692,668,638,676,642,733,913,810,681,932,674,741,660,705,941,735,676,648,713,749,668,941,850,644,763,660,944,819,653,842,862,672,672,816,690,726,749,849
i wouldn't really have lived in east palo alto if i could have avoided it.
the commercials alone on espn are going to drive me nuts.
1354,1242,856,1420,1286,1409,962,1229,1522,1077,1239,1005,930,800,1419,1412,1104,1247,1193,805,1054,943,1238,1400,1318,1030,950,973,1254,1327,1225,1233,946,805,892,951,1232,1464,820,1404,1388,1238,809,1396,1050,1412,1251,1325,1024,1235,1321,1237,1002,1389,1261,1423,967,1237,1205,826,1047,970,1238,820,1059,1398,1332,988,968,987,1237,1314,1084,1475,1622,1077,1217,947,1240,1001,1409,1298,1294,946,1031,1006,829,1422,1443,912,1235,826,1402,1417,1246,970,1251,1416,1231,1237,962,904,1470,1233,1233,822,1027,961,1248,1092,1414,1337,1239,1098,1242,1110,1395,1231,978,1037,1367,1054,971,1256,1306,961,1262,1237,1272,1103,904,1483
630,890,641,633,632,745,724,829,765,658,939,674,661,730,741,752,669,933,759,707,787,633,940,750,657,816,654,729,935,670,814,934,645,715,726,658,939,676,712,750,672,939,711,771,659,622,892,634,720,911,649,915,806,637,648,712,722,909,737,708,808,665,933,732,819,654,647,734,659,728,931,665,678,795,708,677,746,663,925,820,639,796,812,665,676,825,723,731,718,729,940,732,761,655,828,681,927,663,849,934,652,730,672,834,938,732,677,650,935,740,659,653,848,754,928,684,663,941,749,666,638,819,685,926,835,658,948,861,669,698,742,841
he's very hard working.
1221,952,1559,904,1257,1079,968,1046,1170,1247,1231,836,1050,981,1246,893,1425,1034,1372,1355,1253,1119,1509
753,657,754,748,926,832,657,694,709,932,771,730,686,741,960,660,674,680,764,670,847,741,838
malcolm gladwell might be my new man crush.
1326,815,1446,1011,1460,1466,1334,1275,1097,1438,824,989,903,978,1442,1439,1275,1310,1370,1099,1240,1123,1258,1141,976,1260,1310,1166,1256,1236,962,887,1248,1309,816,1222,1250,1016,1067,1291,915,1223,1495
839,726,762,826,646,751,860,946,752,790,729,734,661,661,780,779,952,856,672,749,789,692,966,836,655,962,863,695,958,867,660,652,975,857,721,890,975,830,682,685,731,765,831
my mistake.
1318,1148,1272,1310,1351,898,1089,821,1355,950,1529
856,677,962,880,664,713,683,749,766,648,823
i think i may have a new favorite restaurant.
do you have an appointment.
1355,1276,1089,1230,1391,1252,1369,1260,1365,1242,1300,808,1152,1258,1209,815,1077,975,1256,816,1252,1238,970,887,1256,1045,815,1069,1437,1037,1361,1106,958,1253,1025,950,895,1070,797,1295,1036,807,1257,1094,1514,1605,969,1443,1282,1140,1438,1297,1244,1217,818,1075,974,1250,814,1243,1259,821,1504,1498,1441,1360,1253,1093,1313,953,1244,1107,1501
636,908,675,725,614,843,731,939,636,947,872,716,670,942,768,725,819,655,955,725,964,866,650,640,963,749,731,818,675,688,676,695,650,962,675,650,712,671,718,686,656,713,871,671,814,723,705,672,929,658,671,674,913,754,706,816,639,952,714,826,950,726,680,684,670,651,831,679,847,660,860,674,840
is in san francisco at bay to breakers.
do you have any coffee.
1342,887,1275,1357,1234,1248,893,815,1220,1244,1039,1025,798,1231,995,1324,904,1021,1383,1243,804,1077,1247,1104,815,1155,1246,1091,1397,1240,1064,1024,947,806,1353,949,1028,883,1469,1611,977,1406,1253,1141,1413,1283,1246,1220,808,1064,969,1249,807,1234,1133,1247,1012,1407,1046,1045,958,961,1481
668,729,916,661,822,938,717,716,840,950,732,678,724,848,819,693,728,821,691,958,714,677,953,824,713,683,951,687,695,961,692,677,667,724,753,648,665,721,846,733,718,694,950,678,695,700,930,766,726,812,652,953,729,849,684,956,816,683,736,728,647,655,844
yahoo answers can be a butt sometimes.
1128,802,1226,1427,1425,1255,804,1250,900,896,974,1052,901,1242,1025,821,1231,1244,1123,969,1256,838,1240,1144,1142,1145,1126,1225,924,1416,1295,947,1073,1350,1303,933,888,1503
672,710,760,671,672,937,707,826,710,654,645,670,721,960,811,722,879,967,822,663,967,726,971,816,699,692,685,976,733,642,834,642,684,600,808,620,712,823
i firmly believe that obama and pelosi have zero desire to be civil.
thanks for making it available to the public.
1277,1179,950,1273,931,1235,1351,1041,1192,1054,887,1337,1266,879,997,894,1179,1001,1140,752,1015,1172,1315,1068,765,1214,765,1167,768,1155,921,1173,1412,892,1363,1338,853,1169,1124,1110,784,1018,905,1154,820,904,984,1324,1176,931,914,857,1245,989,910,1157,1035,1334,1162,1093,929,1165,974,1250,1029,1238,1340,1449,1559,1029,1161,792,1172,1280,873,1192,1026,1353,989,1197,1233,796,1291,1275,1180,1065,1182,1275,1053,1165,795,1032,804,1260,1348,803,1086,1399,910,1223,1037,1368,1217,1039,1171,917,1216,1423,1229,1100,1363,1282,994,1430
542,838,681,572,626,788,692,630,877,787,619,702,619,624,785,632,890,646,723,704,653,903,623,816,695,784,693,898,703,798,694,911,633,628,729,626,702,915,736,752,708,798,633,925,836,646,668,658,908,717,651,713,653,669,634,926,666,640,914,817,639,921,831,657,793,652,721,831,721,675,735,718,841,725,712,923,733,645,672,908,818,725,738,633,795,749,914,649,672,921,721,812,728,661,732,717,809,715,636,906,674,655,920,666,760,650,938,669,645,811,755,666,819,829
that's right.
1026,1203,774,1032,1544,859,1238,1000,1315,1073,1210,1064,1487
674,735,719,669,734,711,920,661,658,738,735,675,822
